-1.40791
0.00632754
-0.0027084
0.00628652
7.41236e-05
-0.00112811
0.00717778
-0.00381714
0.00102737
0.00222961
-0.0067084
0.00386681
0.000125953
-0.00186389
0.00791356
-0.00486897
0.00139526
0.000281442
-0.00754783
0.00828652
-0.000138274
-0.005496
0.00607412
-0.00302954
-0.000128114
0.00691356
-0.00334051
0.00397046
-0.00166165
-0.000128114
0.00817778
-0.00313319
0.00197554
0.00428144
-0.00576023
0.00591864
0.00044201
-0.00117994
0.00917778
-0.00244925
0.00102737
0.00349384
-0.00397263
0.00386681
0.000125953
-0.002496
0.0078099
-0.00213319
0.0010792
0.00149384
-0.00344417
0.00765441
0.00039018
-0.00107628
0.0058099
-0.00350108
0.00234343
0.00328144
-0.00707628
0.00423469
-0.00182222
-0.00586389
0.00422961
-0.00881714
-0.00302446
0.000861726
-0.0067084
0.00291864
-0.00287405
-0.00454783
0.00749384
-0.00439742
-0.00234051
0.000861726
-0.00639234
0.00391864
-0.0021901
-0.00486389
0.00586173
-0.00581714
-0.000340512
0.00222961
-0.00734051
0.00123469
-0.00292588
-0.00444417
0.00444201
-0.00571348
-0.00212811
0.00428144
-0.00639234
0.00455075
-0.000822217
-0.00581206
0.00444201
-0.00539742
-0.00176023
0.00328144
-0.00834051
0.000234692
-0.00360982
-0.00317994
0.00749384
-0.00344925
0.0012916
0.00396538
-0.00739234
0.00260258
-0.00197771
-0.00334051
0.000809896
-0.00755291
-0.000920796
-0.000506161
-0.00576023
0.00433835
-0.00329376
-0.00407628
0.00312595
-0.00581714
-0.000340512
0.0015975
-0.00744417
0.00302229
-0.00560982
-0.00581206
0.00349384
-0.00681714
-0.000708399
0.00291356
