-0.201078
0.00612826
-0.00151786
0.00578804
-0.0024142
0.00774129
0.00447198
-0.00251786
0.0073165
-0.00141928
-0.000466026
0.00542016
-0.00362659
0.00268946
0.00115593
-0.00556968
0.00663255
-0.000787163
0.00090186
0.00542016
-0.00299448
0.00468946
0.00378804
-0.00346603
0.0043165
-0.00347111
-0.000149969
0.00452381
-0.00514997
0.00774129
0.00383987
-0.00293757
0.0081041
-0.00383899
0.000850031
0.00520776
-0.0064142
0.00342524
0.000736212
-0.00509814
0.00194861
-0.00541928
-0.00414997
0.00558072
0.00147706
0.00274129
0.000736212
-0.00288574
0.00768438
-0.00305139
-0.00283391
0.00473621
-0.00457476
0.0015858
0.00415593
-0.00383391
0.0053165
-0.00373533
-0.00188574
0.00583987
-0.00694265
-0.000994481
0.000368326
-0.00409814
0.00294861
-0.00473533
-0.00351786
0.00442016
-0.00589082
-0.00167842
-0.000263788
-0.00546603
0.0023165
-0.00610322
-0.00256968
0.00647198
-0.00462659
0.00263763
0.00283987
-0.00551786
0.00463255
-0.00436745
-0.00451786
0.00342016
-0.00594265
-0.000310538
-0.000263788
-0.00578208
0.00226467
-0.00505139
-0.00388574
0.00447198
-0.00599448
0.00232158
0.00152381
-0.00688574
0.00463255
-0.00373533
-0.00283391
0.00378804
-0.00567842
0.00363763
0.00352381
-0.00614997
0.00294861
-0.00473533
-0.00193757
0.00720776
-0.00567842
0.00174129
-0.000895902
-0.00556968
0.00536833
-0.00478716
-0.00214997
0.00315593
-0.00736237
0.00137341
-0.000528015
-0.00751786
0.00168438
-0.00652294
-0.000833912
0.00483987
-0.00762659
-0.000994481
-0.000263788
-0.00578208
0.00258072
-0.00373533
