1.80923
0.00580072
0.00387628
-0.00553835
0.00177771
0.00219234
-0.00432595
0.00430108
-0.00185949
-0.00442961
0.00482446
-0.00411864
0.000725876
0.001296
-0.00837778
0.00135291
-0.0052792
-0.00442961
0.00545657
-0.00148652
0.00251348
-0.000439772
-0.00642961
0.00503685
-0.0022792
-0.0030099
0.0025084
-0.00522229
0.00309376
0.00261206
-0.00637778
0.00366897
-0.00259526
-0.0017975
0.00787628
-0.00406681
-0.000325953
0.00292811
-0.00664201
0.00193319
-0.00285949
-0.00637778
0.00114051
-0.00522229
0.00277771
0.00256023
-0.00469384
0.0037208
-0.00396315
-0.0017975
0.00724417
-0.00417046
0.00146165
0.000876285
-0.00569384
0.00524925
0.000192342
-0.00348144
0.00719234
-0.00375075
0.00035799
0.00292811
-0.00506173
0.00661714
0.000508399
-0.00374567
0.0045084
-0.00448652
0.00235799
0.00556023
-0.00232595
0.00630108
0.000140512
-0.00337778
0.00445657
-0.00311864
0.000461649
0.000508399
-0.0050099
0.00461714
8.86828e-05
-0.00106173
0.00619234
-0.00317046
0.00372588
0.00492811
-0.00337778
0.00666897
8.86828e-05
-0.00169384
0.00545657
-0.00148652
0.00346165
0.00287628
-0.0040099
0.00593319
0.000508399
-0.0027975
0.00719234
-0.00311864
0.00172588
0.00482446
-0.00190624
0.00488136
0.0015084
-0.00274567
0.00487628
-0.00485441
0.00304193
0.004296
-0.00411356
0.00740474
-0.0012792
-0.000745669
0.00782446
-0.000170465
0.00546165
0.00487628
-0.00232595
0.00630108
0.00140474
0.00125433
0.00856023
-0.00248652
0.00340982
0.00456023
-0.00395807
0.00424925
0.000140512
-0.00211356
