4.27273
0.00586233
-0.00673273
0.00153149
0.00431401
-0.00183639
0.00421036
-0.00415753
-0.00325611
0.00336584
-0.00673273
0.00184755
0.00404979
-0.00452034
0.00442275
-0.00105387
-0.00394005
0.00336584
-0.00546851
0.00426727
0.00273373
-0.00620428
0.0031067
-0.00242176
-0.00235977
0.00804979
-0.00336485
0.00258332
0.00236584
-0.003624
0.00784247
0.000210356
-0.000888223
0.0046819
-0.00631302
-0.000836394
0.00363007
-0.00183639
0.00452641
-0.00252542
5.99472e-05
0.0054695
-0.00810062
0.00121544
0.00299796
-0.00352034
0.00384247
-0.00252542
-0.000888223
0.0046819
-0.00536485
0.000899379
0.00199796
-0.00388822
0.00484247
-0.00120936
0.00111178
0.00541767
-0.00610062
0.00289938
0.00273373
-0.00620428
0.00342275
-0.00236993
-0.00404371
0.00736584
-0.00462908
0.00079572
0.00410162
-0.00588822
0.00347458
-0.00215753
-0.00125611
0.00536584
-0.00599696
0.000163606
0.00273373
-0.00557217
0.00384247
-0.00347359
-0.00294005
0.00499796
-0.00436485
0.00126727
4.97874e-05
-0.006624
0.00547458
-0.000473587
-0.000888223
0.00563007
-0.00362908
0.000531493
0.00173373
-0.00625611
0.00447458
-0.0021057
-0.00420428
0.00131401
-0.00768091
0.000111777
0.0034695
-0.00504371
0.0088943
-0.000473587
-0.00025611
0.00510162
-0.00773273
-0.000100621
0.000997958
-0.00425611
0.00584247
-0.000525417
0.00079572
0.00441767
-0.00710062
0.00253149
0.00373373
-0.00457217
0.00515853
-0.00178964
-0.00383639
-0.000318099
-0.00815245
0.00258332
0.00236584
-0.00394005
0.0058943
-0.00315753
-0.00257217
0.00399796
