2.01045
0.00590197
0.00452424
-0.00662617
-0.000206451
-0.00163125
-0.00441377
0.00394904
-0.00173491
0.000218345
0.00615636
-0.00520645
-0.00125828
-0.000631246
-0.00341377
0.0030527
-0.00547068
-0.000781655
0.00452424
-0.005678
0.00437383
0.00289213
-0.00614954
0.00463298
-0.00268308
-0.00151743
0.00589213
-0.00631011
0.00174172
0.000156356
-0.00488531
0.0070527
-0.00305096
-0.00209771
0.00442058
-0.00515462
-0.00136194
0.00210453
-0.00309771
0.0040527
-0.00478673
-0.000149541
0.00652424
-0.00399405
0.00379355
0.000788469
-0.0044656
0.0040527
-0.00510279
-0.00209771
0.00378847
-0.00494222
0.00174172
0.000788469
-0.00541377
0.00294904
-0.00241885
0.00148257
0.00857607
-0.00494222
0.00237383
0.00247241
-0.00409771
0.00463298
-0.00205096
0.000482572
0.00852424
-0.00357434
0.00363806
0.00426001
-0.00614954
0.00463298
-0.00331519
-0.00288531
0.00715636
-0.00578673
-0.000517428
0.00720819
-0.00336194
0.00326509
-0.00110279
0.00158623
0.0058403
-0.00525828
0.002322
0.00415636
-0.00404588
0.00326509
-0.00141885
0.00185046
0.00852424
-0.00452251
0.000322004
0.00120819
-0.0074656
0.00326509
-0.00205096
-0.00141377
0.00378847
-0.00557434
-0.00025828
-0.000579417
-0.00572983
0.00194904
-0.00468308
-0.00320137
0.00489213
-0.006678
0.00368989
0.00352424
-0.00478166
0.00431692
-0.00305096
-0.000517428
0.00815636
-0.00162617
0.00574172
0.00320819
-0.00483348
0.00694904
0.000949038
0.00158623
0.0058403
-0.00399405
0.00316144
-0.000895474
-0.00514954
0.00531692
-0.00205096
0.000166515
