-1.15628
0.00561775
-0.00470678
0.0063918
-0.000872432
-0.0023389
0.00359911
-0.00681552
0.000132648
0.000283057
-0.00607467
0.0063918
-0.000872432
-0.00202284
0.00459911
-0.00518341
0.00281659
0.00323123
-0.00360312
0.00402391
-0.00187243
-0.0033389
0.00449545
-0.00371186
-0.000551295
0.00186334
-0.00265495
0.00512757
-0.00329215
-0.00260312
0.00154728
-0.00586735
0.00281659
0.00165094
-0.00670678
0.00533997
-0.000504546
-0.00397101
0.00312757
-0.00276369
0.00118448
-8.48297e-05
-0.00507467
0.00612757
-0.00197609
-0.00123524
0.0021794
-0.00449947
0.00186842
-8.48297e-05
-0.00697101
0.00233997
-0.0016082
-0.000654954
0.00365094
-0.0075513
0.00181659
0.00128306
-0.00728707
0.00292025
-0.000452716
-0.00407467
0.00523123
-0.00444764
0.00208082
0.003967
-0.00370678
0.0073918
-0.000188489
-0.00202284
0.00586334
-0.00244764
0.00313265
0.00328306
-0.00465495
0.00502391
-0.0018206
-0.00439073
0.0051794
-0.00371186
0.00134505
0.00501883
-0.00565495
0.00433997
-0.00118849
-0.00239073
0.00623123
-0.00407975
0.00139688
0.00333489
-0.0063389
0.00433997
7.57386e-05
0.00129322
0.00733489
-0.00613158
0.000764762
0.00291517
-0.00207467
0.00786334
-0.00424032
-0.00465495
0.00407574
-0.00102792
0.000500534
0.000863341
-0.00270678
0.00775968
0.000391795
0.000712932
0.00459911
-0.0045513
0.00513265
0.00465094
-0.00497101
0.00465602
-0.000188489
-0.00170678
0.004967
-0.00618341
0.00118448
0.000547284
-0.00560312
0.00170785
-0.00329215
-0.0013389
0.003967
-0.00749947
0.00108082
0.00233489
