4.37332
0.00609882
-0.0072031
0.0017969
0.00226336
-0.00277831
0.00821153
-0.00426001
-0.00367465
0.00289548
-0.00583522
0.00211295
0.00294731
-0.00530676
0.00400422
-0.0018403
-0.00309436
0.00626336
-0.00478339
0.00174507
0.00426336
-0.00267465
0.00610787
-0.00257607
-0.00299071
0.00226336
-0.00751916
0.00111295
0.00163125
-0.00635859
0.00342393
-0.0036279
-0.00262282
0.00157942
-0.0072031
0.00242901
0.00394731
-0.00304253
0.00647576
-0.00357607
-0.00241042
0.00563125
-0.00551916
0.00153267
0.00052759
-0.00367465
0.00605604
-0.000892126
-0.00230676
0.00289548
-0.00551916
0.00216478
0.000631249
-0.00799071
0.00168816
-0.00294396
-0.00135859
0.00557942
-0.00257099
0.00653267
0.00331519
-0.00535859
0.0053721
-0.00278847
-0.00514619
0.00563125
-0.0074155
-0.00130676
0.00294731
-0.00499071
0.0043721
-0.00189213
-0.00172648
0.00626336
-0.0054155
-0.0012031
-0.000420581
-0.00572648
0.00668816
0.00047576
-0.00104253
0.00626336
-0.00383522
0.00411295
0.00494731
-0.00393888
0.00495239
0.000843647
-0.00172648
0.00657942
-0.0044155
0.00137718
0.00494731
-0.00362282
0.00405604
-0.00257607
-0.00204253
0.00368308
-0.0092031
0.000112954
0.00126336
-0.00535859
0.00600422
0.0023721
0.00369324
0.00857942
-0.0024155
0.000216613
-0.00273664
-0.00872648
0.00273999
-0.00426001
-0.00272648
0.00526336
-0.00546733
0.00174507
0.00299914
-0.00541042
0.00673999
-0.00152424
-0.00272648
0.00431519
-0.00593888
0.00516478
0.00363125
-0.00625493
0.0025845
0.00047576
-0.00167465
0.00394731
