4.12189
0.00613258
-0.00460642
0.00365781
0.00486005
-0.00344585
0.00628484
-0.000663328
-0.00112979
0.00644033
-0.00350276
0.00128992
0.0041761
-0.00407796
0.00428484
-0.00266333
-0.00312979
0.00380822
-0.00497431
0.00402569
0.00386005
-0.00349768
0.00702061
-0.00171516
-0.000761907
0.00480822
-0.00492248
0.00234175
0.00222793
-0.00681374
0.00333667
-0.00408304
-0.00239402
0.00307244
-0.00360642
0.00402569
0.00449216
-0.00371008
0.00486513
7.24443e-05
-0.00123345
0.00664765
-0.00834219
0.00202569
0.00154399
-0.0049174
0.00775639
-0.0033991
0.000134434
0.00727976
-0.00602613
0.00312935
0.000440331
-0.00412979
0.00502061
-0.00276699
-7.79643e-05
0.00480822
-0.00397431
0.00407752
0.00280822
-0.00502613
0.00286513
-0.00224361
-0.00549768
0.00280822
-0.00755459
-7.79643e-05
0.00512427
-0.00171008
0.00591696
2.06148e-05
-0.00112979
0.00454399
-0.00887065
-0.00302613
-0.00113995
-0.00849768
0.00454907
-0.000295442
-0.000865566
0.00754399
-0.00555459
-0.000290362
-0.000823897
-0.00781374
0.00233667
-0.00666333
-0.00586557
0.0031761
-0.00729036
0.00260598
0.00491188
-0.00481374
0.00565273
-0.00203121
-0.00239402
0.00275639
-0.00492248
0.00202569
0.00154399
-0.00618162
0.00502061
-0.00276699
-0.00134219
0.0023885
-0.00487065
2.56947e-05
-0.00045601
-0.00818162
0.00270456
-0.00608304
-0.00312979
0.00412427
-0.00397431
0.00376147
0.000227933
-0.00786557
0.00307244
-0.00645093
-0.00339402
0.00112427
-0.00665825
0.00207752
0.000808217
-0.00639402
0.00128484
-0.00471516
-0.00344585
0.00280822
