0.251348
0.005507
0.000394896
0.00343657
-0.00828905
0.00333799
-0.000770752
-0.00365693
0.00428108
-0.00476567
0.00155038
0.00191319
-0.00418539
0.00270587
-0.00150652
-0.00228905
0.00364896
-0.00613356
0.000602214
-0.00108681
-0.00434088
0.00680953
-0.00277075
-0.00565693
0.0035453
-0.00339779
0.00186644
0.00101685
-0.00792116
0.00202193
-0.00119047
-0.00128905
0.00528108
-0.00534596
-0.000553274
0.00201685
-0.00692116
0.00302193
-0.00113864
-0.0036051
0.00259713
-0.00513356
0.00191827
-3.49795e-05
-0.00723722
0.00233799
-0.000190468
-0.00155327
0.00449348
-0.00166201
0.00149856
0.00296502
-0.00518539
0.00202193
-0.00182258
-0.00297299
0.00428108
-0.00634596
-0.00123722
0.00264896
-0.00492116
0.00628616
0.00296502
-0.00234088
0.0075453
-0.000662013
0.00249856
0.00396502
-0.00513356
0.00160221
0.000545305
-0.0026051
0.00391319
-0.00376567
0.00349856
0.00401685
-0.00492116
0.00502193
-0.000402866
-0.00307665
0.00891319
-0.00097807
0.000866441
0.00159713
-0.0036051
0.00607376
0.000493475
0.000343067
0.00764896
-0.00434596
0.000762782
0.00401685
-0.00555327
0.00365404
0.000861362
-0.000656933
0.00728108
-0.0030299
0.00181461
0.00396502
-0.00386933
0.00370587
-0.000822582
-0.00355327
0.0015453
-0.00539779
-0.000133559
0.0015453
-0.00223722
0.00702193
0.00222925
-0.000656933
0.00601685
-0.00608173
0.00144673
0.00243657
-0.00834088
0.00502193
0.00117742
-0.000921161
0.00522925
-0.0030299
0.000550385
0.000281077
-0.00655327
0.00202193
-0.000874411
2.70098e-05
0.00696502
-0.00371384
