3.97106
0.00603701
-0.00460773
-0.00218294
0.000651413
-0.00655082
0.00334044
-0.000400416
-0.00397054
0.00396747
-0.00634351
8.12889e-05
0.00470324
-0.00518294
0.00239227
-0.00308436
-0.00470631
0.0050193
-0.00639534
-0.000131109
0.000335356
-0.0062866
0.00570832
-0.0009807
-0.00639026
0.00496747
-0.00471139
0.00118495
0.00107113
-0.0082866
0.00212804
-0.00482013
-0.00497054
0.00391564
-0.00560773
-0.000654484
0.00575507
-0.00491871
0.00507621
-0.00171647
-0.00565448
0.00359958
-0.00439534
0.00123678
0.00254775
-0.000866882
0.00612804
-0.00208436
-0.00402237
0.00691564
-0.00292379
-0.000866882
0.00359958
-0.00218294
0.00507621
-0.000768302
-0.00233843
0.00633536
-0.00660773
-0.0022866
0.0040193
-0.00391871
0.00639227
0.000283527
-0.00365448
0.0062317
-0.00229168
0.000817062
0.0030193
-0.00586688
0.00428861
0.00386381
0.00176523
0.00854775
-0.00118802
-0.00123477
0.00238719
-0.00597054
0.00670832
0.000335356
-0.00439026
0.00633536
-0.00502745
0.00113312
0.00370324
-0.00333843
0.00912804
0.000915641
-0.00291871
0.00328353
-0.00602745
0.000449175
0.0040193
-0.00391871
0.00607621
-0.000400416
-0.00270631
0.00670324
-0.00602745
-0.000498995
0.00354775
0.000449175
0.00812804
0.000547754
-0.00255082
0.0032317
-0.00465956
-0.000182938
0.00328353
-0.00286688
0.00507621
-0.000136189
-0.0012866
0.00691564
-0.00134351
0.003501
0.00470324
-0.00391871
0.0054441
-0.00145225
-0.00265448
0.00533536
-0.00571139
0.00208129
0.00638719
-0.00291871
0.0064441
-0.00108436
-0.00460265
0.00417987
