-0.653512
0.00639918
-0.00304468
0.00236995
-0.00452131
0.00127137
0.00452544
-0.00472863
0.00358235
-0.00294611
-0.00483229
0.00505389
-0.00378554
-9.65138e-05
0.00389333
-0.00641257
0.00289841
-0.00231399
-0.00283229
0.00547361
-0.00520525
-0.000941025
-0.00121033
-0.00709651
0.00384658
5.38948e-05
-0.00309651
0.00310572
-0.00652131
-0.000728627
0.00220938
-0.00741257
0.00221446
-0.00357822
-0.00651623
0.00373784
-0.00546948
-0.00141257
0.0028415
-0.00572863
0.00289841
-0.000733707
-4.46843e-05
0.00347361
-0.00720525
-0.00136074
0.000841497
-0.00836074
0.000162634
-0.00294611
-0.00514834
0.00310572
-0.00620525
0.000903486
0.00457727
-0.00641257
0.00384658
-0.00184245
-0.00814834
0.00295024
-0.00178554
0.000955316
0.00415755
-0.00499285
0.00374292
0.0018415
-0.00451623
0.00636995
-0.00241765
-9.65138e-05
0.00547361
-0.0026768
0.0061108
0.00410572
-0.00172863
0.00563418
-0.00104976
0.000851657
0.00626121
-0.00478046
0.00653052
0.000473611
-0.00388412
0.00805389
-0.00110159
0.00221954
0.00657727
-0.0034644
0.00789841
0.000473611
-0.00420017
0.00642178
-0.00346948
0.00311588
0.0118933
-0.000308912
0.00584658
0.00142178
-0.00183229
0.00710572
-0.00252131
0.00421954
0.00794516
-0.00504468
0.00479475
0.00242178
-0.000832286
0.00873784
-0.00110159
0.000955316
0.00352544
-0.00383229
0.00826629
0.000737838
-0.00151623
0.00747361
-0.00352131
0.0035356
0.00794516
-0.00441257
0.00553052
0.00105389
-0.000200173
0.00915755
-0.00410159
-0.000780457
0.00578967
-0.00104468
0.00753052
0.00147361
