-1.40791
0.00587949
-0.00706853
0.00319062
-0.000918121
-0.00348824
0.00576582
-0.00317727
0.00103513
0.000237368
-0.00912036
0.00319062
3.00499e-05
-0.000804302
0.00681765
-0.00417727
0.0009833
0.00286948
-0.00512036
0.00592639
3.00499e-05
-0.00143642
0.0045016
-0.0062291
0.000351187
0.00118554
-0.0080167
0.000822732
-0.000653893
-0.00112036
0.00518554
-0.00433276
0.0047709
0.0025016
-0.00633276
0.00150668
-0.00096995
-0.000856131
0.00881765
-0.00217727
0.00235119
0.00286948
-0.00543642
0.00429428
-0.00170572
0.000195698
0.00686948
-0.00554515
0.000667244
0.00218554
-0.00543642
0.00587456
0.000765823
-0.00343642
0.00376582
-0.0042291
0.00361541
0.00623737
-0.00406853
0.00492639
-0.00223418
-0.00517219
0.00413371
-0.0052291
0.00166724
0.00286948
-0.00606853
0.00387456
-0.000286007
-0.00243642
0.00413371
-0.00396487
0.00503513
0.00423737
-0.00638459
0.00192639
-0.00396995
-0.00543642
0.00303005
-0.0022291
0.00371907
0.00255342
-0.00738459
0.00124245
-0.00365389
-0.00412036
0.00313371
-0.00559698
0.00203513
0.00281765
-0.00438459
0.0045585
-0.000602064
-0.00312036
0.00444977
-0.00359698
0.00308696
0.00181765
-0.00506853
0.00297822
-0.00496995
-0.00327585
0.00855342
-0.00454515
0.00229936
0.00392131
-0.00706853
0.0025585
-0.00165389
-0.00243642
0.00381765
-0.00528093
0.00271907
0.00155342
-0.00712036
0.00266216
-0.00407361
-0.00112036
0.00613371
-0.00354515
0.00108696
-0.000814462
-0.00812036
0.00292639
-0.00296995
-0.00285613
0.00492131
-0.00828093
3.51298e-05
0.000501595
