2.96565
0.0060765
-0.00330267
-0.0056604
0.00701338
-0.00319393
-0.000137025
0.0034331
-0.00671731
0.00196663
0.0014331
-0.00650491
0.0028579
-0.00150999
0.00181115
0.00648493
-0.00540125
0.00270241
0.000697327
-0.00450491
0.00296155
-0.00456182
0.000179032
0.00285282
-0.0078728
0.00380607
-0.00103845
-0.00413702
0.00227761
-0.00456182
0.000179032
0.00253676
-0.00855674
0.00443818
-0.0015669
-0.00634434
0.00701338
-0.00382605
-0.00182097
0.000852815
-0.0098728
0.00307029
0.00032944
-0.000976457
0.00880099
-0.00524576
-0.000769139
0.00238127
-0.0050852
0.00243818
-0.00198662
-0.00429251
0.00669733
-0.00450999
-0.00150491
0.00374916
-0.00540125
0.00396663
0.00501338
-0.000137025
0.0056455
-0.00287788
0.00149509
0.00580099
-0.00571731
0.00265058
0.00238127
-0.00224068
0.00796155
-0.0011421
-0.000137025
0.0034331
-0.00640125
0.00201846
0.0016455
-0.00213702
0.00396155
-0.00387788
0.000179032
0.00348493
-0.00555674
0.00617395
0.000593668
-0.00145308
0.00396155
-0.00419393
-0.000820968
0.00280099
-0.00713702
0.00401846
0.00238127
-0.00192463
0.00832944
-0.00245816
-0.000240684
0.00616887
-0.00513702
0.00412212
0.000909725
0.00175932
0.0100652
-0.00156182
0.00286298
0.00548493
-0.0060852
0.00270241
-0.000250844
-0.00497646
0.00701338
-0.00287788
0.000862975
0.00474916
-0.00376914
0.00380607
-0.00167056
-0.00392463
0.0066455
-0.00219393
0.000230861
0.0024331
-0.00424068
0.00690972
-0.0023545
-0.00424068
0.00469733
-0.00587788
-0.00118885
0.0044331
-0.0050852
0.00275424
