1.70846
0.00610119
0.00476022
-0.00365442
0.00339741
0.00049599
-0.00654568
0.00528867
-0.00239527
-0.00180991
0.00570839
-0.00349893
-0.000706248
0.00144416
-0.00607413
0.0015529
-0.00307921
-0.00117779
0.00707627
-0.00286682
0.00287404
0.00654782
-0.00507413
0.00381713
-0.000607669
-0.00322962
0.0061281
-0.00428653
0.0029777
0.00317993
-0.00422962
0.00797262
-0.00102738
-0.00054568
0.00686388
-0.00628653
0.000977695
0.00117993
-0.00717779
0.00518501
-0.000607669
-0.00259751
0.00717993
-0.00497048
0.00171347
0.00044416
-0.00580991
0.00423684
-0.00107921
0.00113826
0.00754782
-0.0050223
0.0049777
0.00423176
-0.00680991
0.00450107
-0.000291612
-0.00191357
0.00623176
-0.00765442
0.00160981
0.00254782
-0.00749385
0.0035529
-0.0026595
-0.00354568
0.00449599
-0.00665442
0.00355798
0.00591571
-0.00612596
0.00323684
-0.00271133
-0.00122962
0.00717993
-0.00528653
0.000713468
0.000392331
-0.00475808
0.00323684
-0.00302738
-0.00254568
0.00549599
-0.00597048
0.00166164
0.000863876
-0.00564934
0.00870839
-0.00334344
-0.00449385
0.00307627
-0.00433836
0.00339741
0.00144416
-0.00480991
0.00365656
-0.00381499
-0.000125964
0.00576022
-0.00297048
0.00339741
0.000179933
-0.00754568
0.00492079
-0.0026595
-0.00322962
0.00517993
-0.00570625
0.00339741
0.00144416
-0.00544202
0.0013405
-0.00586682
0.00050615
0.00617993
-0.0050223
0.00371347
0.0021281
-0.00512596
0.00360473
-0.00276316
-0.00207413
0.00176022
-0.00728653
-2.2305e-05
0.0011281
-0.00549385
0.00460473
-0.00176316
-0.00107413
