3.97106
0.00569503
-0.00341693
0.00411152
0.00636559
-0.00388848
0.00468672
0.000210099
-0.0023082
0.00494587
-0.00599722
-0.00157242
0.00294587
-0.00420454
0.00305461
-0.00247384
-0.00304397
0.00694587
-0.00273299
0.00379546
0.0059977
-0.00446876
0.00258307
0.000313758
-0.00536003
0.00615827
-0.000945389
-0.000152707
0.000629815
-0.00625637
0.00305461
-0.00184173
-0.00199214
0.00468164
-0.00773299
-0.000256366
0.00431376
-0.00357242
0.0044225
-0.00184173
-0.00294031
0.0042101
-0.00368116
0.00016335
0.00226193
-0.00357242
0.00568672
0.000261929
-0.00304397
0.00726193
-0.00426145
-0.00194031
0.00394587
-0.00383665
0.00300278
0.000474327
-0.000256366
0.00431376
-0.0073651
7.86124e-06
0.00636559
-0.00452059
0.00395095
0.000629815
-0.0053082
0.00479038
-0.00189356
-0.000308196
0.00473347
-0.00720454
0.00289912
0.000681645
-0.00699214
0.00347433
-0.00326145
-0.00157242
0.00262982
-0.00646876
0.00153124
0.00162982
-0.00494031
0.00379038
-0.00194539
0.000427577
0.00462982
-0.00383665
0.00300278
-0.00173807
-0.00504397
0.00652616
-0.00226145
0.000375748
0.00536559
-0.00520454
0.0036349
-0.000686242
-0.00794031
0.000790383
-0.00399722
-0.00083665
0.00284221
-0.000204537
0.00673855
-0.00105413
-0.00536003
0.00457799
-0.00531328
-0.000940309
0.00304953
-0.00662425
0.00468672
-0.000738071
-0.00467608
0.00489404
-0.00494539
-0.00162425
0.00431376
-0.00452059
0.00331884
-0.00105413
-0.00536003
0.00457799
-0.00499722
5.96907e-05
0.00657799
0.000479407
0.0064225
-0.000157787
-0.00288848
0.00189404
