-1.56996
0.00605543
-0.00591118
0.00308374
-0.00249654
-0.00169878
0.00829106
-0.00233598
0.00150854
0.00265894
-0.00617541
0.00292825
0.000975001
-0.00338273
0.00729106
-0.00301992
0.00119248
0.00134289
-0.00438273
0.00850346
-0.00112866
-0.0023309
0.00755529
-0.000335976
0.00256037
0.00229106
-0.00454329
0.00308374
-0.00154837
-0.00091118
0.00334289
-0.00585935
0.00519248
0.00344655
-0.00859512
0.00266402
-0.000444715
-0.00169878
0.00734289
-0.00470386
-0.000439635
0.000871342
-0.00254329
0.00413557
-0.00349654
-0.00238273
0.00860711
-0.00101992
0.00382459
0.00407866
-0.00659512
0.00434797
-7.68282e-05
-0.00491118
0.00313557
-0.00228415
0.00108882
0.00439472
-0.00591118
0.00498008
0.000975001
-0.00401484
0.00592317
-0.00523232
-0.00201484
0.00634289
-0.00380752
0.00361219
0.000975001
-0.0043309
0.00523923
-0.00396809
0.000720934
0.00571077
-0.00612358
0.000928252
-0.00134106
-0.0073309
0.00223923
-0.00601992
-0.00117541
0.000342888
-0.00791118
0.00298008
-0.001025
-0.00664695
0.00287134
-0.00528415
-0.000963009
0.00534289
-0.00512358
0.00224431
0.000975001
-0.00464695
0.00487134
-0.00486443
-0.0033309
0.00339472
-0.00722724
0.00234797
-0.00144471
-0.00396301
0.00392317
-0.00628415
-0.00227907
0.00334289
-0.00649146
0.00224431
0.000658944
-0.00564695
0.00387134
-0.0046002
-0.00191118
0.00171077
-0.00822724
0.00198008
-0.00107683
-0.00464695
0.00455529
-0.00365203
-0.000175407
0.000394717
-0.0102272
0.000612195
-0.002025
-0.0073309
0.00255529
-0.00628415
-0.00291118
0.00229106
