-0.150808
0.00630498
-0.00369654
0.00366119
-0.00843739
0.000671351
0.00476485
-0.00796076
0.00235021
-0.0024943
-0.00306442
0.00534513
-0.0058571
0.0041429
0.00308091
-0.00832865
0.0027181
-0.00317824
-0.00401259
0.0032933
-0.00838556
-0.00227682
0.00197725
-0.00754105
0.000930498
-0.00144247
-0.00406442
0.00592542
-0.00375344
0.00151078
0.000977248
-0.00664471
0.00340204
-0.00317824
-0.00432865
0.00387359
-0.00564979
-0.00290893
0.000609362
-0.00627682
0.0027181
-0.00286218
-0.00238048
0.00597725
-0.00575344
0.000458953
0.0022933
-0.00496076
0.0047181
-0.000546127
-0.000960763
0.00492542
-0.00538556
0.000407123
0.0042933
-0.00454105
0.00329838
0.000189646
-0.00264471
0.00487359
-0.00433373
0.000355294
0.00534513
-0.00364471
0.00703416
-0.000390638
-0.00443231
0.00660936
-0.00343739
0.00345895
0.00402908
-0.00501259
0.00703416
0.000241475
-0.00306442
0.0062933
-0.00538556
0.00103924
0.00471302
-0.00438048
0.0087181
0.0025057
0.000987408
0.00734513
-0.00448922
0.0041429
0.00339696
-0.00606442
0.00803416
0.00187359
-0.000380479
0.00734513
-0.00512133
0.00245895
0.00366119
-0.00464471
0.0057181
-0.00112641
-0.00211625
0.00802908
-0.00543739
0.00272318
0.0072933
-0.00122499
0.00698233
0.00318965
0.000355294
0.00692542
-0.00338556
0.000826839
0.0012933
-0.00469654
0.00676993
-0.000862184
-0.00101259
0.00597725
-0.00543739
0.00177501
0.0042933
-0.00296076
0.0045057
-0.00396584
-0.000328649
0.00660936
-0.00343739
0.00345895
0.0052933
-0.00259288
0.00508599
-0.000914013
