1.73368
0.00578253
0.00380975
-0.00255814
-0.001237
0.00522946
-0.00108152
0.0033382
0.000229462
-0.00292095
0.00517763
-0.00255814
-0.001237
0.00238495
-0.00850123
0.00218271
0.0049134
0.000762996
0.00786158
-0.000874197
0.00039511
0.00506889
-0.00713334
0.0015506
0.000701007
-0.00665672
0.00480975
-0.00155814
0.00039511
0.00506889
-0.00713334
0.00186666
0.00233312
-0.00460489
0.00480975
-0.0018742
-0.00060489
0.00564918
-0.00408152
0.00160243
0.000281291
-0.00460489
0.00480975
-0.000926027
0.000182712
0.00228129
-0.0054494
0.00160243
0.000597348
-0.004237
0.00380975
-0.0028742
-0.00192095
0.00554552
-0.0016618
0.0015506
0.00164918
-0.00492095
0.00539003
-8.65951e-05
-0.00234066
0.00601706
-0.00508152
0.00218271
0.00206889
-0.00728883
0.00407397
-0.000506311
2.72237e-05
0.00701706
-0.00471363
0.000234542
-0.000666879
-0.00665672
0.00449369
-0.00382237
-0.00460489
0.00196523
-0.00708152
0.001763
0.00570101
-0.00165672
0.00917763
0.000809746
-0.000185174
0.00233312
-0.00839757
-0.00276546
-0.00113842
-0.00481729
0.000757916
-0.00419025
-0.00392095
0.00354552
-0.00208152
0.00549877
0.00606889
-0.00455306
0.00344186
-0.00124208
0.000762996
0.00501706
-0.00576546
0.00123454
0.000649178
-0.00560489
0.00507397
0.0011258
0.00207905
0.00670101
-0.0066618
-0.00186912
0.00101706
-0.00502461
0.00717763
-0.00119025
-0.000288833
0.00601706
-0.00476546
0.000654257
-0.00177054
-0.00365672
0.00622946
-0.0038742
-0.000392492
0.00875284
-0.00508152
0.000918485
0.000597348
-0.00486912
