2.96565
0.00564212
0.0032151
-0.00372292
0.00474355
-0.002728
1.28574e-05
0.0032151
-0.00561926
0.00285229
-0.000784905
-0.00740686
0.00205961
-0.00504405
-0.00203897
0.00416327
-0.00419954
0.000852289
-0.00183673
-0.00482657
0.00553115
-0.0045156
0.00332891
0.00658298
-0.00519954
0.00080046
-0.000152791
-0.00382657
0.00747932
-0.00241194
0.000380744
0.00158298
-0.00767109
0.00411652
0.00226692
-0.00451052
0.00779538
-0.00204405
0.000328914
0.00326692
-0.00793531
0.000168346
-0.000888564
-0.00182657
0.00789904
-0.00414771
0.000432573
0.00116327
-0.00498714
0.00358806
-0.00152068
-0.00445869
0.00642749
-0.00204405
0.000328914
0.00326692
-0.00793531
0.00111652
0.000215095
-0.00545869
0.00574355
-0.00362434
-0.00277474
0.00616327
-0.00314771
0.00238074
0.00358298
-0.00440686
0.00663989
0.000427493
-0.000774745
0.00784721
-0.00246377
0.00206469
0.00416327
-0.00135503
0.00574355
-0.00267617
-0.00167109
0.00284721
-0.00556743
0.00243257
0.00284721
-0.0020908
0.00742749
-0.00262434
-0.00177474
0.0062151
-0.00483165
0.000432573
0.000847209
-0.00535503
0.00300778
-0.00236011
-0.000987143
0.00316327
-0.00425137
0.00253623
0.000427493
-0.0010908
0.00779538
-0.00299222
-0.00140686
0.00584721
-0.00319954
0.00374863
0.00389904
-0.00403897
0.00469172
-0.00294039
-0.00214263
0.00626692
-0.00525137
0.0024844
0.00116327
-0.0030908
0.00705961
-0.00194039
-0.0020908
0.00553115
-0.00356743
0.00316835
0.00116327
-0.00435503
0.00463989
7.77752e-06
-0.000303199
0.00284721
-0.00556743
0.000852289
