1.05571
0.00595119
0.00573938
-0.00210513
-0.00504314
0.0039467
-0.005784
0.000216003
0.00052698
-0.0035716
0.00468755
-0.00142119
-0.00441103
0.0059467
-0.00410005
0.00311234
0.00531458
-0.00262343
0.00547515
-0.00352485
-0.00367526
0.0039467
-0.00483583
0.00416417
0.00463064
-0.00325554
0.00537149
0.000159094
-0.000991315
0.00499853
-0.00615188
0.00216417
0.00199853
-0.00599131
0.00505543
-0.00147302
-0.00399131
0.00357881
-0.004784
0.00216417
0.00263064
-0.00399131
0.00642332
-0.00052485
-0.00130737
0.00557881
-0.00310005
0.00379629
0.0037343
-0.00604314
0.00673938
0.00047515
-0.000307372
0.00499853
-0.00520371
0.00484812
0.0049467
-0.00320371
0.00431966
-0.000105134
-0.00367526
0.00615909
-0.00162851
0.000428401
0.0039467
-0.00420371
0.00426783
-1.47477e-06
-0.00546286
0.00663064
-0.00599639
-0.00130737
0.00399853
-0.00620371
0.00195178
-0.00236936
-0.00646286
0.00657881
-0.00431245
0.000324742
0.00668247
-0.00483583
0.00195178
-0.000789077
-0.00304314
0.00563064
-0.00604822
-0.00120371
0.000946696
-0.00593949
0.00400361
-0.00142119
-0.00567526
0.00289487
-0.00604822
0.000376571
0.00341824
-0.00799131
0.00463572
-5.33043e-05
-0.00504314
0.00299853
-0.00846794
-0.000203713
0.00226275
-0.00393949
0.00442332
-0.00378908
-0.00477892
0.00599853
-0.005784
0.00211234
0.00336641
-0.00693949
0.00237149
-0.00315696
-0.00467526
0.00484304
-0.00394457
-0.00225554
0.00131458
-0.00599131
0.00410726
-0.00257668
-0.0025716
0.00315909
-0.00368034
0.000428401
0.00236641
-0.00667526
