1.25688
0.00586203
0.00617431
-0.00187752
0.000339954
0.00738162
-0.00476879
0.0015991
0.00154219
-0.00187244
0.00480642
-0.00250964
-0.0019761
0.00564585
-0.00250456
0.00565093
0.00259402
-0.00287244
0.00349036
-0.00198118
0.00149544
0.00206557
-0.00855639
0.0025991
0.00159402
-0.00260822
0.00680642
-0.000825695
-0.00287244
0.000961907
-0.00682061
0.0015991
-3.80925e-05
-0.00402793
0.00817431
-0.00208992
-0.00434399
0.00432979
-0.0064009
0.000179385
0.00101374
-0.00534399
0.00491008
-0.00650964
-0.00534399
0.00522613
-0.00266513
0.00117939
0.00232979
-0.00429216
0.00422613
-0.00429724
0.00070784
0.00574951
-0.00713667
0.000915158
-0.000354149
-0.0059761
0.00417431
-0.00356147
-0.000976103
0.00632979
-0.00503301
0.00144361
0.00406557
-0.00592427
0.00470276
0.00149036
0.0020239
0.00680134
-0.00655639
0.00365093
-0.000670206
-0.00634399
0.00612248
-0.000825695
-0.000976103
0.00601374
-0.00445273
0.00291516
0.00101374
-0.0059761
0.00543853
-0.000193581
7.57263e-05
0.00564585
-0.00345273
0.0035991
0.00196191
-0.00360822
0.00549036
-0.00345781
-0.0049761
0.00201374
-0.00782061
0.0028115
0.00406557
-0.00529216
0.00512248
-0.000561467
-0.000188501
0.00327796
-0.0054009
0.00117939
0.00169768
-0.00502793
0.00717431
-0.000877524
-0.000556387
0.00427796
-0.00408484
0.00254727
0.00138162
-0.00634399
0.00549036
-0.00314175
-0.00587244
0.000490362
-0.00276879
0.00328304
0.00159402
-0.00387244
0.0043867
-0.000141752
-0.00034399
0.00864585
-0.00171696
0.00354727
0.00269768
-0.00529216
