3.97106
0.00582682
-0.00519896
0.00448498
0.00495145
-0.00293474
0.00632441
0.00184779
-0.00130262
0.00584779
-0.0033077
-0.00125079
0.0022675
-0.00430262
0.00474413
-0.0025201
-0.00367051
0.00295145
-0.00588291
0.00416892
0.00363539
-0.00303839
0.0074799
-0.00188799
-0.000722338
0.00637116
-0.00556685
0.00232441
-0.00310038
-0.00735445
0.00374413
-0.0013077
0.00201343
0.00542299
-0.00888291
0.00148498
0.00289962
-0.00293474
0.00442807
-0.00162376
0.000381321
0.00431933
-0.00556685
0.00264047
-0.000836157
-0.00298657
0.00642807
-0.000887986
-0.000986565
0.00495145
-0.00514713
0.00185287
0.00189962
-0.00361868
0.00506018
-0.00120404
-0.00167051
0.00463539
-0.00551502
0.00253681
0.000319332
-0.00830262
0.0016923
-0.00320404
-0.00145811
0.00868722
-0.00604347
0.000329492
0.00473905
-0.00635445
0.00411201
-0.00388799
-0.00272234
0.00563539
-0.00483108
0.00253681
0.00189962
-0.00425079
0.00400835
-0.00115221
-0.00303839
0.00400327
-0.00783108
0.00048498
0.000319332
-0.00767051
0.00306018
-0.0035201
-0.00372234
0.00558356
-0.00377925
0.00185287
0.000951445
-0.00472234
0.0064799
-0.0035201
-0.00372234
0.00495145
-0.00546319
0.00148498
0.00195145
-0.00530262
0.00342807
-0.00357193
-0.00298657
0.00358356
-0.0060953
-0.000198963
0.00189962
-0.00267051
0.0064799
-0.00162376
-0.000250793
0.0032675
-0.00614713
0.00148498
0.00163539
-0.00693474
0.000428071
-0.0053077
-0.00261868
0.00289962
-0.0060953
-0.00051502
0.000583559
-0.00403839
0.00711201
-0.000255872
6.52643e-05
0.00395145
