2.21158
0.0062405
0.00681898
-0.00369932
0.00345617
-0.00123285
-0.00653875
0.00397955
-0.00380805
-0.00175115
0.00239926
-0.00533143
0.0017204
-0.00118102
-0.00790663
0.00492772
-0.00175623
-0.000170861
0.00613504
-0.00464749
0.00140434
3.13767e-05
-0.00317086
0.00724377
-2.04528e-05
-0.00211903
0.00245109
-0.00701537
0.00166857
0.00176715
-0.0038548
0.00566349
-0.00344017
-0.00117086
0.00418687
-0.00959566
-0.00211903
0.000238695
-0.00864241
0.00597955
-0.00275623
-0.000854805
0.00518687
-0.0060672
0.0037204
0.00145109
-0.00422269
0.00666349
-0.00275623
-0.00117086
0.00513504
-0.00533143
0.0017204
-0.000232851
-0.00490663
0.00603138
-0.00475623
-0.0028548
0.00539926
-0.0032796
0.00266857
0.00245109
-0.00448692
0.00587589
-0.00128468
-0.00422269
0.00603138
-0.00222777
0.00261674
0.00381898
-0.00543509
0.003508
-0.00133651
-0.00159058
0.00687081
-0.00569932
0.00430068
0.00387081
-0.00522269
0.00724377
-0.00033651
-0.000906634
0.00718687
-0.00469932
0.00498463
0.00418687
-0.00517086
0.00492772
-0.00302045
-0.00322269
0.00639926
-0.00164749
0.00566857
0.00355475
-0.00653875
0.00555983
-0.00165257
-0.00322269
0.00450292
-0.0060672
0.00403646
0.00181898
-0.00617086
0.00297955
-0.00480805
-0.00148692
0.00539926
-0.0032796
0.00361674
0.00481898
-0.00222269
0.00834743
-0.0027044
-0.00222269
0.00613504
-0.00369932
0.00408829
0.000135036
-0.00622269
0.00592772
-0.000124112
0.00188097
0.00645109
-0.0042796
0.00324885
0.00613504
-0.000854805
0.00866349
-0.00202045
-0.00190663
