4.42363
0.00632321
-0.00777377
0.000697775
-0.00135913
-0.00456137
0.00395692
-0.00551462
-0.00256137
0.00374452
-0.00767011
-0.000457714
0.00111241
-0.00756137
0.00190509
-0.00646279
-0.00619349
-0.00188759
-0.0115095
-0.000302225
-0.00235913
-0.0068256
0.000221149
-0.00651462
-0.00292926
0.00506058
-0.00598617
-0.00135405
-0.00135913
-0.00487743
0.00516932
-0.000778851
-0.00150954
0.00337664
-0.00635405
0.000594116
0.00137664
-0.00424532
0.00527298
-0.00351462
-0.00119349
0.00469269
-0.00435405
0.00164595
0.00227298
-0.0008256
0.00432481
-0.00714674
-0.00587743
0.00132481
-0.00508983
0.00301383
0.00100875
-0.00419349
0.00390509
-0.00351462
-0.00150954
0.00306058
-0.00640588
0.00322623
0.00411241
-0.00424532
0.00748538
0.00127298
7.07409e-05
0.00711241
-0.00472194
0.002962
0.00300875
-0.00156137
0.00853721
0.000272979
-0.00124532
0.00574452
-0.00440588
0.00427806
0.00342847
-0.00392926
0.00816932
0.000324808
-0.00229715
0.00737664
-0.00267011
0.00485834
0.00806058
-0.000457714
0.00711749
0.00195692
0.00101891
0.00853213
-0.00514166
0.005962
0.00379635
-0.0046132
0.00785326
0.000905093
-0.000193486
0.00506058
-0.00472194
0.00232989
0.00132481
-0.00256137
0.00753721
-0.00104308
-0.00324532
0.00437664
-0.00377377
0.00501383
0.00332481
-0.00150954
0.00558904
-0.00251462
0.00012257
0.00542847
-0.00414166
0.00601383
0.00211241
-0.00498109
0.00664087
-0.00288251
0.0001744
0.00311241
-0.00714166
0.00332989
0.00200875
-0.00256137
0.00848538
0.00258904
0.0001744
0.00374452
