0.402157
0.00539199
0.00157173
-0.000117297
-0.00400348
0.00546299
-0.00164067
0.00136441
0.00693453
-0.00437644
0.000416238
0.00298636
-0.00468742
0.00483087
-0.0049049
-0.00463559
0.0018827
-0.00579616
0.000519897
0.00151482
-0.00163559
0.00741116
-0.000169126
-0.00105531
0.00635425
-0.00616405
0.00246807
0.00330242
-0.00558376
0.00235933
-0.00222096
-0.00263559
0.0038827
-0.00316405
0.0045199
0.00235425
-0.00795165
0.00104327
-0.00358884
-0.00358376
0.00119876
-0.00453193
0.00357173
0.00314693
-0.000215876
0.00541116
-0.000904899
-0.00126771
0.00261848
-0.0074801
0.00110018
0.00298636
-0.00500348
0.00477904
-0.00322096
-0.00300348
0.0048827
-0.00342827
0.00183595
0.00161848
-0.00595165
0.00335933
-0.00153701
-0.00200348
0.00493453
-0.00511222
0.00178412
0.00267031
-0.00631953
0.00372721
-0.00127279
0.000680465
0.00661848
-0.00474433
0.00015201
0.00219876
-0.00321588
0.00399144
-0.000485183
-0.00363559
0.00477904
-0.000692501
0.00278412
0.00430242
-0.00300348
0.00646299
-0.00253701
-0.00268742
0.00493453
-0.00479616
0.0015199
0.00156665
-0.00363559
0.00446299
-0.00358884
-0.00295165
0.00414693
-0.0026925
0.000468067
0.00130242
-0.00663559
0.0065199
0.00498636
-0.00331953
0.0038827
-0.00411222
0.00183595
0.000354249
-0.00900348
0.00235933
-0.00158884
-0.000319535
0.00625059
-0.00342827
0.00215201
0.00325059
-0.00358376
0.0030951
-0.00358884
-0.00263559
0.00356665
-0.00479616
0.00183595
0.00193453
-0.00526771
0.00304327
-0.00158884
-0.00158376
0.00319876
-0.00411222
