2.7143
0.00613855
0.00151839
-0.00473568
0.00531107
-0.00126921
-0.000839336
0.00762205
-0.00652836
0.000684038
0.00193811
-0.00741962
0.00362713
-0.00100498
-0.000367791
0.00546656
-0.00505681
-0.00110356
0.00398994
-0.00710356
0.00462713
-0.00158527
-0.00278751
0.00646656
-0.00374076
0.00058038
0.00530599
-0.00636779
0.00325924
-0.000953155
-0.000787507
0.00688628
-0.00484442
0.000103754
-0.000165553
-0.00541962
0.00594319
-0.000217382
-0.00436779
0.00273079
-0.00316047
0.0030001
0.00525416
-0.00405173
0.00499502
-0.00226921
-0.00310356
0.00578262
-0.00374076
-0.000999905
0.00188628
-0.00763202
0.000839527
-0.00216555
-0.00583934
0.00483445
-0.00516047
0.00131615
0.00298994
-0.00778751
0.00620741
0.000254163
-0.00747145
0.00499502
-0.00132104
-0.00041962
0.00462205
-0.00668385
0.00605192
0.00688628
-0.00136779
0.00478262
-0.00379259
0.0010001
0.0051505
-0.00289625
0.00410375
0.00130599
-0.00752328
0.00446656
-0.00479259
0.00189644
0.00604177
-0.00678751
0.00562713
-0.000585269
-0.00241962
0.00609867
-0.00305681
-0.000683848
0.00320233
-0.0049999
0.00420741
-0.000797667
-0.00583934
0.00641473
-0.00300498
-0.00173568
0.00420233
-0.00463202
0.00320741
-0.000217382
-0.00341962
0.00509867
-0.0034247
9.5333e-08
0.00225416
-0.00641962
0.00620741
0.00120233
-0.00510356
0.00346656
-0.00610864
-0.000735677
0.00457022
-0.0049999
0.0035753
-0.00216555
-0.00615539
0.00478262
-0.00410864
0.000316152
0.00325416
-0.00573568
0.00589136
-0.00042978
-0.00652328
0.0051505
-0.00447653
0.00258038
