2.81484
0.00592504
0.00188679
-0.00163151
0.0065189
-0.00258476
-0.00126362
0.00457073
-0.00374024
0.00152398
0.00225468
-0.00168333
0.00788679
-0.00290081
-0.00226362
0.00199045
-0.00657968
0.00489187
0.00457073
-0.000579676
0.00615102
-0.00316504
-0.00399939
0.00393862
-0.00447602
0.00289187
0.00288679
-0.00126362
0.00646707
-0.000900813
-0.000579676
0.00362256
-0.00452785
0.00457581
0.00293862
-0.00231545
0.00746707
-0.000532926
-0.00189573
0.000358335
-0.00989573
0.000259756
-0.00111321
-0.00115488
0.0110423
-0.00432053
-0.000579676
0.00362256
-0.00452785
0.00457581
0.00199045
-0.00499939
0.00483496
-0.0032687
-0.000631505
0.00530651
-0.00447602
0.00352398
0.00172622
-0.00705122
0.00515102
-0.00290081
-0.00226362
0.00293862
-0.00674024
-0.000843903
-9.55143e-06
-0.00731545
0.00309919
-0.00290081
-0.00131545
0.00372622
-0.00694756
0.00462764
0.00157073
-0.00326362
0.00541524
-0.00116504
-0.00263151
0.00362256
-0.00515996
0.00289187
0.00130651
-0.00563151
0.00283496
-0.00368841
0.00110427
0.00557073
-0.00242419
0.00320793
0.00135833
-0.00636728
0.00483496
-0.00453293
-0.00557968
-0.000745324
-0.00721179
0.00289187
0.000358335
-0.00863151
0.0017313
-0.00195264
0.000420324
0.00304228
-0.00757968
0.00389187
0.00135833
-0.00668333
0.00320285
-0.00595264
-0.00294756
0.00199045
-0.00752785
0.0031561
0.00304228
-0.00631545
0.00283496
-0.0052687
-0.00263151
0.00425468
-0.00347602
0.00325976
0.000622562
-0.00563151
0.00346707
-0.0032687
-0.00126362
0.00299045
-0.00621179
0.0029437
