0.402157
0.00575422
0.00239824
0.00460048
-0.00365358
0.00407711
-0.00360684
-0.00270541
0.00391654
-0.00586598
0.00213402
0.00191654
-0.0062857
0.00228951
-0.00123895
-0.00233753
0.00481288
-0.00213021
0.00313402
0.00260048
-0.00596964
0.00170922
-0.00460684
-0.00244119
0.00660048
-0.00481415
0.000185847
0.000128937
-0.00233753
0.00670922
0.00134134
0.000501904
-0.00013529
-0.00754993
0.00145007
2.01986e-05
-0.00817696
0.00707711
-0.00123895
-0.00170541
0.00554865
-0.00223387
0.00460556
-0.00108346
-0.00770541
0.00365739
-0.00155501
-0.00270541
0.00486471
-0.00254993
0.00486979
0.000968369
-0.00770541
0.00239316
-0.00334261
-0.000337528
0.00491654
-0.0054981
0.000817961
0.000548653
-0.00470541
0.00539316
-0.00129078
-0.000653585
0.00518077
-0.00376232
0.000766131
0.00286471
-0.00360176
0.00397345
-0.00150318
-0.00438936
0.00354865
-0.00360176
0.00586979
0.00260048
-0.00565358
0.00460556
0.00112894
-0.00165358
0.00354865
-0.00454993
0.00318585
0.00249682
-0.00260176
0.00370922
-0.00260684
-0.00170541
0.00460048
-0.00460176
0.0055019
0.00454865
-0.00196964
0.00444499
-0.00397472
-0.0032857
0.00276105
-0.0014981
0.00576613
0.0050202
-0.00538936
0.00286471
-0.00707838
-0.000389357
0.00628443
-0.00518204
0.0015019
0.00149682
-0.00202147
0.00612894
-0.00360684
-0.00302147
0.00354865
-0.00454993
0.00381796
0.00196837
-0.00575724
0.00702528
-0.000503176
-0.00180907
0.0070202
-0.00560176
0.00323768
0.000812881
-0.00233753
0.00481288
-0.00465866
0.00082304
0.0103881
-0.00454993
