-1.43313
0.00580017
-0.00550425
0.00470307
-0.000566237
-0.00860791
0.00127827
-0.00756116
-0.00229185
0.00606588
-0.00376848
0.00370307
0.000962217
-0.00287213
0.0055425
-0.00119327
-0.000768475
0.00101405
-0.00645242
0.00170307
-0.00135384
-0.00397579
0.00664616
-0.00482538
-0.00260791
0.00411771
-0.0068203
0.00207096
-0.00140567
-0.00260791
0.00696222
-0.00192904
0.00154758
0.00369799
-0.00571665
0.00159941
0.00106588
-0.00592396
0.00422644
-0.00350933
-0.00155608
0.00343376
-0.00618819
0.0059673
0.00280165
-0.00597579
0.00591039
-0.00250933
-0.00150425
0.00269799
-0.00576848
0.00265124
0.00069799
-0.00460791
0.00591039
-0.00187721
0.00112787
0.00416954
-0.00945242
-0.000348759
-0.00103778
-0.00455608
0.0045425
-0.00250933
-0.00118819
0.00369799
-0.0038203
0.00570307
0.00074982
-0.00565974
0.00659433
-0.00187721
0.000179695
0.00464616
-0.00271665
0.00365124
0.00169799
-0.00487213
0.00385856
-0.0012451
0.00186364
0.00374982
-0.00645242
0.00233518
0.000646161
-0.00292396
0.00564616
-0.0042451
0.00107604
0.00648559
-0.00455608
0.00612279
0.0015425
0.000179695
0.00464616
-0.00366482
0.00191547
0.00206588
-0.00650425
0.00401913
0.00101405
-0.00329185
0.00696222
-0.00382538
-0.00224002
0.00438193
-0.00445242
0.00465124
0.00174982
-0.00529185
0.00622644
-0.000877214
0.000863638
0.00369799
-0.00413636
0.0037549
-0.0016699
-0.00560791
0.00491039
-0.00319327
7.60362e-05
0.00643376
-0.00445242
0.00338701
-0.000669896
-0.00492396
0.00459433
-0.00198087
0.00323152
0.00469799
