-1.00543
0.00566515
-0.00373223
0.00431452
-0.00268548
-0.00178406
0.00452183
-0.00531252
0.00247509
-0.000213938
-0.00446801
0.0056824
-0.00268548
-0.00273223
0.00247001
-0.00531252
0.00247509
0.000102119
-0.00441618
0.00431452
-0.0033176
-0.00504829
0.00105029
-0.00426069
0.00179114
0.000734233
-0.00241618
0.00694663
0.00099846
0.000583824
0.00488972
-0.00410012
0.00752691
0.000889721
-0.00620378
0.00636635
-0.00236943
0.000480165
0.00794155
-0.00436435
0.00515903
0.00241818
-0.00236435
0.00210212
-0.0058928
0.00100354
0.00315395
-0.0046804
0.00352691
-0.000581824
-0.00410012
0.00405029
-0.00473731
-0.00178406
0.00325761
-0.0086804
0.00205537
0.00183789
-0.00573223
0.00263057
-0.00400154
-0.00188772
0.00725761
-0.00657674
0.000371426
0.000837892
-0.00641618
0.00263057
-0.00305337
-0.00110012
0.00452183
-0.00531252
0.0031072
0.000205778
-0.00683589
0.00594663
-0.000633654
-0.00115195
0.00588972
-0.00562857
0.00242326
0.00178606
-0.00404829
0.00521086
0.00199846
0.000951711
0.00483789
-0.00494463
0.00179114
0.000418176
-0.00404829
0.00363057
-0.00205337
0.000531995
0.00657366
-0.00626069
0.00200354
0.00352183
-0.00378406
0.00505029
-0.00373731
-0.00110012
0.00515395
-0.00457674
0.00173931
0.00147001
-0.00251983
0.00905029
-0.000685483
-0.000416176
0.00483789
-0.00462857
0.00247509
-0.000846051
-0.00646801
0.0036824
-0.00373731
-0.000151948
0.00720578
-0.00520886
0.000371426
0.00241818
-0.0026804
0.00426269
-0.00194971
-0.00410012
0.00278606
-0.00462857
0.00279114
0.000470005
