-0.0502695
0.00547889
-0.00127239
0.00287802
-0.0039045
0.00519915
0.00292985
-0.00337605
0.00519407
-0.0053293
-0.00327239
0.00119407
-0.0049045
0.0016707
-0.00259353
-0.00105999
0.00629773
-0.0061169
0.00104367
0.00429773
-0.00464028
0.00498676
-0.000805925
-0.00469211
0.00414225
-0.0043293
-0.00227239
0.00061379
-0.00669211
0.00530281
0.000826188
-0.00200816
0.00519407
-0.00374902
0.000779439
0.000981677
-0.00579577
0.00872253
0.000194075
-0.00274394
0.0062459
-0.0041169
0.000831268
0.000878018
-0.00527239
0.00361887
0.000142245
-0.00327239
0.00214225
-0.00569719
-0.00132422
0.00298168
-0.00664028
0.00361887
0.000774359
-0.000640277
0.0042459
-0.00548479
0.00146338
0.0022459
-0.00527239
0.00298676
-0.00217381
-0.00342788
0.00656196
-0.00469719
-0.00032422
0.00461379
-0.00427239
0.00398676
-0.000857755
-0.00237605
0.0074583
-0.00222564
-0.00300816
0.00134956
-0.00869211
0.00425098
0.00151013
-0.00264028
0.00351013
-0.00380085
0.00246338
0.00356196
-0.00422056
0.00419915
0.00351013
-0.00032422
0.00619407
-0.00148479
0.00356704
0.00119407
-0.00364028
0.00630281
0.000245904
-0.00569211
0.00377436
-0.00301324
-0.000272391
0.0032459
-0.00332422
0.00572253
-0.00122564
-0.00232422
0.00482619
-0.00274902
0.00146338
0.00192985
-0.00627239
0.00135464
-0.00359353
-0.00237605
0.00619407
-0.00274902
0.0020955
0.0042459
-0.00295633
0.00598676
0.000826188
-0.00169211
0.0052459
-0.0051169
0.000147325
0.00182619
-0.00258845
0.00530281
0.00177436
0.000359723
0.00587802
-0.00469719
