0.502698
0.00551827
0.00187167
0.00233814
-0.00523199
0.00313082
-0.00255312
-0.00154804
0.00328631
-0.00412833
0.00329139
0.00160237
-0.0038641
0.00186659
-0.00560495
-0.000651702
0.00733814
-0.00276044
0.00360745
0.00197025
-0.00359987
0.00549871
-0.00155312
-0.00118016
0.00323448
-0.00339255
0.0019235
0.000654195
-0.00496776
0.00486659
-0.00323707
-0.00091593
0.00465419
-0.00444438
0.00165927
-0.00266186
-0.00833565
0.00160237
-0.00670861
-0.00144438
0.00118265
-0.0030765
0.00323956
0.00423448
-0.000496214
0.00291842
-0.00723707
-0.00428382
0.00423448
-0.00365678
-0.000444384
-0.000345805
-0.00659987
0.00155054
-0.00597284
-0.0018641
0.00197025
-0.0070765
0.000187729
0.00165419
-0.00491593
0.00381476
-0.00255312
-0.000283816
0.00633814
-0.00344438
0.00487167
0.00565419
-0.0018641
0.00576293
-0.000133407
-0.000651702
0.00670602
-0.00381227
0.00460745
0.00265419
-0.00359987
0.00581476
-0.000553123
0.000451957
0.00433814
-0.0060765
0.0021359
0.00470602
-0.00328382
0.00586659
-0.00255312
-0.00091593
0.00402208
-0.0048641
0.00402716
0.000866593
-0.0018641
0.00513082
-0.00181735
-0.00133565
0.00670602
-0.00381227
0.0049235
0.00365419
-0.00323199
0.00418265
-0.00260495
0.00203224
0.0074418
-0.00644438
0.00218773
0.00302208
-0.0036517
0.00528631
-0.00465678
0.0001359
0.00397025
-0.00444438
0.00323956
0.00202208
-0.00496776
0.00486659
-0.00134073
0.00350379
0.00597025
-0.0030765
0.00197533
0.000234479
-0.00228382
0.00686659
-0.00092101
0.00145196
0.00597025
-0.00212833
