-1.20658
0.00585788
-0.00376357
0.00643867
-0.00234893
0.000288264
0.00622627
-0.00418836
0.00370798
0.00559416
-0.00365991
0.0037029
-0.00361316
-0.00276357
0.00491022
-0.00460808
0.00323135
-0.000509498
-0.00502779
0.00401896
-0.00324527
-0.00407962
0.00385839
-0.00455625
0.00123135
-0.00124527
-0.00271174
0.00543867
-0.00492921
-0.00413145
0.0042781
-0.00660808
0.0031277
0.00191022
-0.00571174
0.0037029
-0.00298104
-0.00202779
0.00417444
-0.00418836
0.0021277
-3.7953e-05
-0.0078154
0.00507079
-0.0032971
-0.00176357
0.0052781
-0.00592413
0.00249558
-0.000405839
-0.00807962
0.00365107
-0.000981044
0.000288264
0.00591022
-0.00392413
0.00354741
-0.000773726
-0.00739568
0.00333501
-0.00356133
-0.00413145
0.00585839
-0.00540076
-0.00197596
0.000278104
-0.00871174
0.00323135
0.000754729
-0.00134385
0.00354233
-0.00524019
0.00375981
0.0032781
-0.00571174
0.00433501
-0.0012971
-0.00197596
0.00407079
-0.00240076
0.00197221
0.00532993
-0.0038154
0.00780656
-0.00456133
-0.0048154
0.00617444
-0.00313653
0.00302404
0.00591022
-0.00329202
0.00428318
-0.000561328
-0.00144751
0.00785839
-0.00150442
0.00507587
0.00432993
-0.00671174
0.00333501
-0.0022971
-0.000763566
0.00659416
-0.00518836
0.00144375
0.00122627
-0.00571174
0.00465107
-0.0025095
-0.00449934
0.00591022
-0.0048723
0.00244375
0.00285839
-0.00397596
0.00301896
-0.00203287
0.000340093
0.00517444
-0.00476865
-0.000292021
0.00285839
-0.00365991
0.00401896
-0.00324527
-0.0028154
0.00754233
-0.00313653
0.00144375
0.00154233
