3.97106
0.00588347
-0.00192633
0.0035503
0.00612042
-0.00281759
0.00744156
0.00206859
-0.00418547
0.00459705
-0.0018745
0.000286071
0.000752537
-0.00618547
0.00480945
0.000597048
-0.000501531
0.00664888
-0.0018745
0.00186636
0.00480437
-0.00386942
0.0081255
0.00238465
-0.00255336
0.00538465
-0.00429421
0.00191818
0.00248831
-0.00750153
0.00375762
-0.000931407
-0.00497308
0.00701676
-0.00161027
0.00360213
0.00570071
-0.00171393
0.0041255
-0.000667179
-0.0032373
0.00475254
-0.00629421
0.000234242
0.00338465
-0.00313364
0.00517733
-0.00103507
-0.00255336
0.00601676
-0.0038745
0.000182412
0.00475254
-0.0034497
0.00480945
-3.50655e-05
-0.00250153
0.00401676
-0.00461027
0.00186636
0.00512042
-0.00571393
0.00202184
0.00164888
-0.00276576
0.00417733
-0.00171901
-0.00255336
0.00412042
-0.00639787
0.0023379
0.000120423
-0.00628913
0.00501676
-0.00645478
-0.00455336
0.00338465
-0.00439787
0.00244156
-0.00198324
-0.00681759
0.000913105
-0.00550661
-0.00313364
0.00138465
-0.0054497
0.00344156
-0.00193141
-0.0072373
0.00264888
-0.00650661
-0.00286942
0.00406859
-0.00502999
0.00107367
-0.00198324
-0.00555336
0.00396493
-0.00450661
-0.00371393
-0.00103507
-0.00539787
0.00175762
-0.00103507
-0.0044497
0.000964934
-0.0068745
-0.00218547
0.00438465
-0.00497816
-0.00061027
-0.00329929
-0.0072373
0.00138465
-0.00861027
-0.0024497
0.000752537
-0.00713364
0.00117733
-0.00440295
-0.00486942
0.00459705
-0.00313872
-0.00181759
0.00148831
-0.0072373
0.00549339
-0.000983236
-0.00550153
0.0029131
