1.35753
0.00606154
0.00798403
-0.00275174
-0.00190215
0.00545557
-0.00474666
0.00467305
0.00403586
-0.00116638
0.0069322
-0.00111963
-0.000482436
0.00440375
-0.00374666
0.00409277
0.00098403
-0.00216638
0.00688037
0.00119643
0.00251756
0.00519135
-0.00774666
0.00262122
0.00340375
-0.00221821
0.00698403
-0.00248752
0.000781791
0.00808769
-0.002643
0.00298911
0.00208769
-0.00232187
0.00940375
-0.00348752
-0.000534265
0.00513952
-0.00543061
0.00372488
0.00166797
-0.00185032
0.00598403
-0.0028554
-0.00011455
0.00340375
-0.00474666
0.00498911
0.00440375
-0.00279849
0.00519643
0.000196427
0.00120151
0.00413952
-0.00706272
0.00230517
0.00240375
-0.00321821
0.00756431
-0.00133203
-0.00390215
0.00377163
-0.00637878
0.00167305
8.76885e-05
-0.00590215
0.00556431
-0.00238386
-0.00258609
0.00387529
-0.00911455
0.00104094
-0.00159625
-0.00690215
0.00361614
-0.00543569
-0.00421821
0.00213952
-0.00811455
0.00140883
-0.00196414
-0.00621821
0.00361614
-0.0038554
-0.000798493
0.00308769
-0.00574666
0.00209277
-0.00291231
-0.00858609
0.00356431
-0.00217146
-0.00137878
3.58591e-05
-0.00801089
0.000253337
0.00177163
-0.00553427
0.00235192
-0.00532695
0.00193728
0.00245557
-0.00648244
0.00346065
-0.000699914
-0.00316638
0.00366797
-0.00648752
-0.00416638
0.000455575
-0.00753427
0.00477671
-0.000596255
-0.00653427
0.00324826
-0.00317146
-0.000482436
0.00313952
-0.00743061
0.00140883
-0.00164808
-0.00490215
0.00403586
-0.00622329
-0.00148244
0.00308769
-0.00669483
0.000356996
-0.000648084
-0.00390215
