3.82024
0.00573733
-0.006002
0.00226223
0.00504475
-0.00142172
0.0067856
0.00109658
-0.00489326
0.00562503
-0.00184651
0.00247462
0.00751629
-0.0037896
0.00546954
-0.000587365
-0.00494509
0.00636081
-0.00226623
0.00326223
0.00383235
-0.00615749
0.00383743
-0.00232314
-0.00394509
0.00641263
-0.00426623
0.00126223
0.00309658
-0.0047896
0.00446954
-0.000639195
-0.00389326
0.00504475
-0.00489834
-0.000421717
0.00399292
-0.002002
0.00310166
0.00094109
-0.000789603
0.00562503
-0.00184651
-0.000369887
0.00136081
-0.0037896
0.00452137
-0.00105891
-0.000893262
0.00772869
-0.00416257
-0.0017896
0.00209658
-0.0057896
0.00473377
0.00109658
-0.00489326
0.0065732
-0.00105891
-0.00215749
0.00278052
-0.00610566
0.00341771
-0.000271308
-0.00394509
0.00641263
-0.00553046
-0.000525376
0.00451629
-0.00584143
0.00452137
-0.00232314
-0.00489326
0.00436081
-0.00553046
-0.0017896
0.00178052
-0.00710566
0.00241771
0.000308976
-0.0027896
0.00236081
-0.00689834
-0.00147355
0.00278052
-0.00642172
0.00146954
-0.00269102
-0.00389326
0.00536081
-0.00484651
-0.000525376
0.00483235
-0.00610566
0.00215349
-0.00363919
-0.00594509
0.00567686
-0.00416257
-0.00273777
0.000676862
-0.00442172
0.00283743
-0.00174285
-0.00310566
0.00325715
-0.00284651
-0.000421717
0.00209658
-0.00547355
0.00320532
-0.00274285
-0.00315749
0.00272869
-0.0082144
-0.0037896
0.000412635
-0.00615749
0.00383743
-0.00295525
-0.00594509
0.00567686
-0.00384651
-0.00205383
4.47486e-05
-0.00547355
0.00541771
0.00236081
-0.00247355
0.00304475
