-0.351887
0.00599562
0.00180766
0.00611356
-0.0057208
0.0022792
0.0030099
-0.0025084
0.00553835
-0.00146165
-0.0015084
0.00306173
-0.00577263
0.00301498
0.00195807
-0.00277263
0.00190624
-0.00456531
-0.000824455
0.00337778
-0.00445657
0.00375075
-0.00130616
-0.00592811
0.00459018
-0.00288136
-0.000456569
0.00206173
-0.00614051
0.00243469
-0.00235799
-0.004296
0.00569384
-0.00398502
0.00222737
0.00184933
-0.0105084
0.000698919
-0.00040982
-0.00282446
0.00390624
-0.00382954
-0.00187628
0.00311356
-0.0065084
0.00280258
-0.0039901
-0.007296
0.00427412
-0.00451348
-0.00156023
0.00442961
-0.00577263
0.00269892
9.89626e-06
-0.00456023
0.00427412
-0.00324925
0.0014916
0.00637778
-0.00430108
0.000911317
0.00174567
-0.00461206
0.00595807
-0.00382954
-0.000296001
0.0077975
-0.00377263
0.00406681
9.89626e-06
-0.00392811
0.00659018
-0.00151348
0.000807658
0.00448144
-0.00745657
0.00391132
0.00411356
-0.00297994
0.00895807
-0.00177771
-0.00187628
0.00406173
-0.00508868
0.00396315
0.00242961
-0.00492811
0.00559018
-0.00251348
-0.000192342
0.00506173
-0.00503685
0.00354343
0.00542961
-0.00256023
0.00659018
-0.00246165
-0.00124417
0.00511356
-0.0045084
0.00859526
0.00684933
-0.00424417
0.00622229
-0.000513479
0.00117554
0.00442961
-0.00545657
0.00338286
0.000325953
-0.00387628
0.00427412
-0.00451348
-0.000928114
0.00516538
-0.00682446
0.00496315
0.00248144
-0.006296
0.00653835
-0.000777706
-0.00119234
0.00469384
-0.00340474
0.00401498
0.0020099
-0.00256023
0.00564201
-0.00419742
