-0.452428
0.00598002
-0.0017633
0.0053302
-0.00787204
0.000760076
0.00191048
-0.00565964
0.00428345
-0.0014574
-0.0057633
0.00322654
-0.00618809
0.000811906
0.000542599
-0.00565964
0.00365134
-0.000928947
-0.00165964
0.00417471
-0.00476838
-0.000555981
-0.000405572
-0.00834358
0.00354768
0.00149077
-0.000763299
0.00822654
-0.00213626
0.00312796
0.00322654
-0.00492387
0.00165134
-0.00387712
-0.00634358
0.000174712
-0.00750415
0.00039219
0.00227837
-0.00571147
0.00565134
-0.0014574
-0.00513118
0.00617471
-0.00245232
0.00181191
0.000910485
-0.00602753
0.00465134
7.10532e-05
-0.00129175
0.00349077
-0.00476838
0.0010243
0.00396231
-0.0059757
0.00328345
-0.00182529
-0.00381513
0.0075426
-0.00276838
0.00270825
0.00464626
-0.00629175
0.00354768
0.000858655
-0.00339541
0.00517471
-0.00503261
-0.00165964
0.0035426
-0.00329175
0.00623162
0.00317471
-0.0019757
0.00443894
-0.00334866
-2.75259e-05
0.0043302
-0.00571147
0.00691556
0.00191048
-0.00407936
0.00485866
-0.00445232
0.00170825
0.00427837
-0.00465964
0.00623162
0.00222654
-0.00371147
0.00480683
-0.00403261
0.000920645
0.00764626
-0.00329175
0.00465134
-0.00119317
-0.00307936
0.00427837
-0.00750415
0.00386882
0.0104339
-0.00560781
0.00291556
0.000122883
-0.00139541
0.00591048
-0.00576838
-0.00060781
0.00222654
-0.00434358
0.00470317
-0.002245
-0.00239541
0.00617471
-0.00276838
0.00207613
0.00296231
-0.00539541
0.00601922
-0.00056106
-0.00202753
0.00517471
-0.00408444
0.000708247
0.00359443
-0.00434358
0.00533528
-0.00056106
