0.402157
0.00554453
0.00123956
0.00223448
-0.0018641
0.00449871
-0.00286918
-0.00223199
0.00297025
-0.00639255
0.0011359
0.00402208
-0.00391593
0.00481476
-0.00250129
-0.0016517
0.00697025
-0.00270861
0.00255562
0.00233814
-0.00459987
0.00418265
-0.00355312
-0.000651702
0.00670602
-0.00476044
0.0019235
0.000654195
-0.0046517
0.00618265
-0.00250129
-0.0016517
0.00633814
-0.0040765
0.00223956
0.00228631
-0.0038641
0.00313082
-0.00350129
-0.00328382
0.00333814
-0.00581227
0.00229139
0.000918422
-0.00354804
0.00381476
-0.00318524
-0.00259987
0.00491842
-0.00144438
0.00465927
0.000970251
-0.00523199
0.00344688
-0.00250129
-0.00196776
0.00660237
-0.00234073
0.00218773
0.00302208
-0.00554804
0.0037111
-0.00108158
-0.00396776
0.00460237
-0.00370861
0.00250379
0.00433814
-0.00418016
0.00339505
-0.000185237
-0.0008641
0.00233814
-0.00744438
0.000871672
0.00165419
-0.00491593
0.00507899
-0.000449464
-0.00228382
0.00433814
-0.0060765
0.000555616
0.00128631
-0.00391593
0.00481476
-0.00250129
-0.00259987
0.00365419
-0.00576044
0.000923502
-2.97485e-05
-0.00528382
0.00576293
-0.000449464
-0.00196776
0.00565419
-0.00376044
0.00197533
-0.00134581
-0.00633565
0.00644688
0.000182649
-0.00091593
0.00402208
-0.00612833
0.00287167
0.00207391
-0.00728382
0.00344688
-0.00281735
-0.00233565
0.00507391
-0.00618016
0.00360745
0.000389967
-0.00733565
0.00481476
-0.00218524
-0.00128382
0.00565419
-0.00249621
0.0047111
-0.00197792
-0.00833565
0.00349871
-0.00481735
-0.00338748
0.00638997
-0.0060765
