-0.150808
0.00572292
0.000512665
0.00339885
-0.00580339
0.0033521
0.00129519
-0.00317128
0.00482364
-0.000492415
0.000144779
0.00597913
-0.00233185
0.00324844
0.00466307
-0.00180339
0.00450758
-0.00244059
-0.00290705
0.00466307
-0.00211945
0.0041397
-0.0020727
-0.00264282
0.00734702
-0.0026479
0.00319661
0.00634702
-0.00206762
0.00371998
-0.000336927
-0.00490705
0.00487547
-0.00249242
-0.00248734
0.00229519
-0.00469973
0.000668153
-7.26992e-05
-0.000642824
0.00966307
-0.000596074
0.00256449
0.00118645
-0.0102749
0.00530027
0.00403096
-0.00285522
0.00487547
-0.00249242
-0.00217128
0.00266307
-0.00443551
0.00430027
0.00239885
-0.00585522
0.00155941
-0.00459607
-0.000171278
0.00466307
-0.00528002
-0.000803392
0.0017149
-0.00585522
0.00345576
-0.00270481
-0.00464282
0.00408279
-0.00706762
0.000932381
8.27892e-05
-0.00727494
0.00545576
0.000243358
-0.00185522
0.0027149
-0.00769973
-0.00138368
-7.26992e-05
-0.00285522
0.00519153
-0.00149242
9.2949e-05
0.00608279
-0.00506762
0.00230027
0.000398846
-0.00564282
0.00655941
-0.00338876
-0.00432677
0.00350251
-0.00759099
0.00445576
-0.0010727
-0.00259099
0.00534702
-0.00622819
-0.00222311
0.00434702
-0.00533185
-0.00101579
-0.00202087
-0.00527494
0.00587547
-0.00212453
-0.00095888
0.00645068
-0.00606762
0.00098421
-0.000336927
-0.00459099
0.00429519
-0.00522819
-0.00153916
0.00308279
-0.00711945
0.00198421
0.000663073
-0.00422311
0.00455941
-0.00254424
-0.000487335
0.0027149
-0.00643551
0.00198421
0.000663073
-0.00485522
0.0041397
-0.000492415
