-1.43313
0.00618052
-0.00397542
0.00396767
-0.00124473
-0.000498793
0.011175
-0.00129655
0.00023698
0.00696259
-0.00523965
0.00218007
0.00017499
-0.00344696
0.0068071
-0.00240021
0.00228881
0.00664654
-0.00402725
0.00691584
0.000594706
-0.00549879
0.0068071
-0.00303233
-0.00129148
0.00249105
-0.00360753
0.00518007
0.00222682
-0.00249879
0.00854288
-0.00308416
0.000708525
0.00449105
-0.00287176
0.00412824
0.00227865
-0.00513091
0.00707133
-0.00161261
-0.00202725
0.00259471
-0.00602725
0.00554796
0.00185893
-0.00307908
0.00612316
-0.00334838
-0.000711191
0.00459471
-0.00529148
0.00449613
0.00159471
-0.00607908
0.00438739
-0.00329655
-0.00239513
0.00359471
-0.00629148
0.00191584
-0.00156078
-0.00371119
0.00412316
-0.00534838
-0.00397542
0.00017499
-0.0075557
0.000444298
-0.000405294
-0.00807908
0.00333556
-0.00292867
-0.00307908
0.00391076
-0.00750387
-0.000923589
0.000542877
-0.00413091
0.00807133
-0.00156078
-0.0043433
0.000542877
-0.00729148
0.00249613
0.00117499
-0.00339513
0.00670345
-0.00156078
-0.0043433
0.000542877
-0.00792359
0.0014443
0.00122682
-0.00349879
0.00849105
-0.00392867
-0.00313091
0.00369837
-0.00871119
0.00291584
-0.00182501
-0.00481485
0.0068071
-0.00461261
-0.00471119
0.00249105
-0.00392359
0.00354796
-0.000457123
-0.00702725
0.00170345
-0.00403233
-0.00292359
-0.000508953
-0.0053433
0.00365162
-0.0031929
-0.00513091
0.00643922
-0.00329655
-0.00302725
0.00191076
-0.0063433
0.00391584
-0.00082501
-0.00444696
0.00612316
-0.00334838
-0.00102725
0.00169837
