1.75888
0.00536977
0.00612835
-0.00244686
0.00171371
0.00259989
-0.00638995
0.0036568
-0.00229137
-0.00207389
0.00581229
-0.0031308
0.00171371
0.00291595
-0.00633812
0.00228892
-0.00260742
-0.00338995
0.00381229
-0.00418263
0.00334583
0.00465172
-0.00638995
0.00492103
-0.000187708
-0.00375783
0.00512835
-0.00439503
-0.00133812
0.00286412
-0.00465417
0.00297286
-0.00197531
-0.00107389
0.00586412
-0.00449868
0.000765543
0.00181229
-0.00397023
0.00423709
0.000760463
-0.001706
0.00481229
-0.00286657
0.00376554
0.00354807
-0.00560234
0.00123709
-0.00097531
-0.00197023
0.00307652
-0.00407897
0.000293998
0.00428384
-0.00665417
0.00128892
-0.0023432
0.000558225
0.00759989
-0.0061308
-0.000654173
0.00286412
-0.00497023
0.0038692
-0.00108405
-0.00686149
0.00549624
-0.00349868
0.0020816
0.00286412
-0.00528629
0.0028692
-0.000187708
-0.00344178
0.00612835
-0.00244686
0.00234583
0.00523201
-0.00365417
0.00428892
-0.000607423
-0.00138995
0.00518018
-0.0051308
0.000345827
0.00449624
-0.00323446
0.00318526
0.000812292
-0.00338995
0.00412835
-0.00476291
-0.000654173
0.00286412
-0.00528629
0.00381737
0.00218018
-0.00338995
0.00412835
-0.0041308
-0.000234457
-0.000135878
-0.00765417
0.00123709
-0.00192348
-0.00244178
0.00681229
-0.0021308
0.00144949
0.00181229
-0.00397023
0.00423709
-0.000819821
-0.00544178
0.00412835
-0.00444686
-0.0009184
0.000180179
-0.00633812
0.00355314
0.000444406
-0.00238995
0.00481229
-0.00381474
0.003294
0.00633567
-0.00633812
0.00323709
-0.000871651
-0.00375783
