-0.150808
0.00549824
0.00260152
-0.00470438
0.0053942
-0.00128974
-0.00128466
0.00286575
-0.005181
0.00118688
-0.00108242
-0.00644015
0.00576209
-0.00323791
-0.00307226
0.00428546
-0.0049686
0.00429054
-0.000818195
-0.00470438
0.00476209
-0.00265763
-0.00033649
0.00491758
-0.00360072
0.00555477
0.00191758
-0.00438832
0.00576209
-0.00165763
3.13961e-05
0.00423363
-0.00423283
0.00229054
-0.00250214
-0.00444015
0.00871026
0.00112998
-0.00165255
0.00386575
-0.00449706
0.00308323
0.00428546
-0.00654889
-0.00197368
-0.00570946
-0.00291677
0.000497861
-0.006181
0.00113506
0.00123363
-0.00407226
0.00581392
-0.00365763
-0.00228466
0.00154969
-0.00591677
0.00255477
0.000497861
-0.00270438
0.00644603
-0.0026058
-0.00170438
0.00460152
-0.00586494
0.00213506
0.00191758
-0.00470438
0.00571026
-0.00123791
-0.00170438
0.00491758
-0.00454889
0.00192266
-0.000553968
-0.0029686
0.00407815
-0.0036058
-0.00302043
0.00354969
-0.005181
0.00308323
0.00460152
-0.00207226
0.0071818
-0.00270946
0.00197957
0.00696941
-0.00423283
0.00387083
0.00186575
-0.00302043
0.00607815
-0.00287002
-0.00344015
0.00591758
-0.00354889
0.00387083
0.00186575
-0.00207226
0.00686575
-0.00370946
3.13961e-05
0.00391758
-0.00523283
0.00318688
0.00154969
-0.00370438
0.00544603
-0.00234157
0.000347453
0.00460152
-0.00523283
0.00287083
0.0011818
-0.00302043
0.00512998
-0.00428974
-0.00175621
0.00596941
-0.00554889
0.00155477
0.00107815
-0.000284661
0.00576209
-0.0026058
-0.00233649
0.00323363
-0.00491677
0.00387083
