1.106
0.00556451
0.00524771
-0.00306835
-0.00321875
0.00598348
-0.00253989
-6.32656e-05
0.00235137
-0.00248298
0.00556377
-0.00175229
-0.00121875
0.00545503
-0.00695961
-0.000747209
0.00171926
-0.00385087
0.00587983
-0.000436232
0.0010973
0.00845503
-0.00427566
0.00220096
0.00450686
-0.00585087
0.00546011
0.00035137
-0.00321875
0.00503531
-0.00332749
0.00298856
0.00113897
-0.00658664
0.00619588
-0.00164863
-0.00553481
0.00329954
-0.00327566
0.00193673
0.00403531
-0.00243115
0.00514405
-1.6516e-05
-0.00253481
0.00377109
-0.00701144
-0.000327493
-0.00064863
-0.0039027
0.00787983
-1.6516e-05
-0.00348298
0.0036156
-0.00290778
0.000936734
0.0024032
-0.00416692
0.00551194
-0.00228074
-0.00627058
0.00529954
-0.00222383
0.000936734
0.00208714
-0.00643115
0.00240828
-0.00064863
-0.00295453
0.00866743
-0.000223834
0.00262068
0.00245503
-0.00679904
0.00309222
-0.0015968
-0.00500636
0.00645503
-0.00595961
-6.32656e-05
0.00203531
-0.00348298
0.00519588
-0.000752289
-0.00179904
0.00335137
-0.00590778
-0.00143115
0.00203531
-0.00537932
0.00140828
-0.00101652
-0.00353481
0.00498348
-0.00353989
0.000833075
0.00450686
-0.00648298
0.00314405
-0.00201652
-0.00485087
0.00203531
-0.00664355
0.000568848
0.0034032
-0.0041151
0.003828
-0.00170046
-0.00321875
0.00535137
-0.00422383
-0.000115095
0.0034032
-0.00379904
0.00451194
-0.00170046
-0.00416692
0.00298348
-0.00427566
0.000304621
0.0004032
-0.00679904
0.00151194
-0.00280412
-0.00116692
0.0044032
-0.00595961
0.000252791
0.0024032
-0.0051151
