3.51861
0.00627001
-0.00399172
0.000536734
0.00295137
-0.00472749
0.00222068
0.00173897
-0.00567058
0.00747983
-0.000732573
-0.00267058
0.00668714
-0.00309538
0.00395645
0.00105503
-0.00535453
0.00658348
-0.00288806
0.00101336
0.00905503
-0.00209538
0.00495645
0.00205503
-0.00593481
0.00416377
-0.00346835
-0.00361875
0.00337109
-0.00488298
0.00537617
0.000319257
-0.00461875
0.00774405
0.00131926
-0.0033027
0.00405503
-0.00677932
0.00095645
-0.00226103
-0.00903847
0.00453165
-0.00288806
0.000381246
0.00642292
-0.00514721
0.00427251
0.00205503
-0.00656692
0.00216377
-0.00388806
-0.000934811
0.0060032
-0.00372749
0.00195645
0.00158348
-0.0025151
0.00416377
-0.00441652
-0.00503847
0.00631926
-0.00525595
-0.00188298
0.00237109
-0.00619904
0.00211194
-0.00441652
-0.00535453
0.00531926
-0.00467566
0.00116885
0.00273897
-0.0053027
0.00711194
-4.86297e-05
-0.00267058
0.00605503
-0.00572749
0.00280096
0.00447475
-0.00661875
0.00479588
-0.0017844
-0.0023027
0.00663531
-0.00330778
0.00116885
0.00337109
-0.0055151
0.002428
-0.00341652
-0.00467058
0.00531926
-0.00404355
0.00253673
0.00242292
-0.0063027
0.00547983
-0.00304863
-0.00535453
0.00531926
-0.00214721
0.00600828
0.000106859
-0.00835453
0.00579588
-0.00141652
-0.00298664
0.0060032
-0.00404355
0.00285279
0.00373897
-0.00525087
0.00447983
-0.0027844
-0.00361875
0.00431926
-0.00314721
0.00500828
-0.000261028
-0.00767058
0.00484771
-0.00441652
-0.00567058
0.0040032
-0.00604355
-9.53793e-05
0.000319257
-0.0043027
0.0062156
