3.01592
0.00667017
-0.00293373
-0.00540019
0.00206627
-0.00735344
-0.00450385
0.00422176
-0.00598048
0.0015429
-0.00256584
-0.00481991
0.0051181
-0.0044571
-0.00129653
0.0011181
-0.00529653
0.00217501
-0.000881899
-0.00255568
0.0079057
-0.00740527
-0.00376808
0.00285387
-0.00629653
0.00149107
-0.00341035
-0.00960751
0.00448599
-0.0064571
-0.00234836
0.00116993
-0.00571625
0.0045429
-0.000514013
-0.0041878
0.00806627
-0.00230161
-0.00371625
0.000537817
-0.00834836
0.000858954
-0.00161767
-0.000555682
0.0099057
-0.0044571
0.000283749
0.00358965
-0.00703231
0.00191078
-0.00261767
-0.00376808
0.00348599
-0.0074571
-0.00398048
-0.00214613
-0.0100323
0.000491067
-0.00251401
-0.00587174
0.00706627
-0.00203739
0.000547977
0.00816993
-0.000928648
0.00643924
0.00453782
-0.00213597
0.00743416
-0.0014571
0.00296769
0.00622176
-0.00334836
0.0055429
0.0011181
-0.00245202
0.00643416
-0.00277316
0.00128375
0.00648599
-0.00129653
0.00743924
0.0049057
-0.00155568
0.0111181
0.000594726
0.00328375
0.00532542
-0.00803231
0.00280712
0.0011181
-0.000555682
0.0111699
-0.00108922
0.00133558
0.00385387
-0.00308414
0.00696261
6.62717e-05
-0.00081991
0.00816993
-0.00282499
0.00296769
0.00685387
-0.00198048
0.00617501
0.00280204
-0.00113597
0.0081181
-0.00208922
0.00159981
0.00622176
-0.00271625
0.00659473
0.000118101
-0.00345202
0.00701444
0.000910783
0.00333558
0.00458965
-0.00634836
0.00349107
0.00206627
-0.000400194
0.00675021
-0.0014571
0.00138741
0.00216993
-0.00408414
0.00627867
