3.217
0.00623801
0.000423353
-0.00177888
0.00647518
-0.00251974
0.00274449
0.00252701
-0.00599128
0.00348026
0.00115913
-0.00377888
0.00605547
-0.00110002
0.00232477
0.00299856
-0.00814677
0.00589998
0.0011073
-0.00177888
0.00647518
-0.00315185
0.00169266
0.00257884
-0.00735917
0.00284815
0.00073941
-0.000146771
0.00821096
-0.00446791
0.001589
0.00499856
-0.00709494
0.00521604
0.0011073
0.000433513
0.0112628
-0.00346791
0.00195689
0.00557884
-0.00467523
0.00421604
0.000423353
-0.00177888
0.00584307
-0.00325551
0.00442843
0.00226279
-0.00677888
0.00526787
-0.00026059
-0.002411
0.00447518
-0.00546791
-0.000991282
0.00215913
-0.00593945
0.00116421
-0.00215693
-0.00683071
0.00473941
-0.00404819
-0.00109494
0.00394673
-0.00704311
0.00416421
0.000210956
-0.00646283
0.00373941
-0.00441608
-0.000410998
0.00457884
-0.00504311
0.00553209
-0.000105101
-0.00588254
0.00647518
-0.00441608
-0.000727055
0.00357884
-0.005411
0.00526787
-0.00215693
-0.00683071
0.0041073
-0.00478396
-0.000991282
0.000894899
-0.00772706
0.00321604
-0.00120876
-0.00446283
0.00637152
-0.00168031
-0.00135917
0.000946728
-0.0103592
0.000480263
-0.00152482
-0.00451466
0.00552701
-0.00678396
-0.001411
0.00294673
-0.00709494
0.00553209
0.000843069
-0.00509494
0.00468758
-0.00204819
-0.000359169
0.00257884
-0.00577888
0.00531969
-0.0028927
-0.00514677
0.00479124
-0.00478396
-0.000359169
0.0028949
-0.00604311
0.00453209
0.000159126
-0.00383071
0.00647518
-0.00473213
-0.001411
0.00421096
-0.00499128
0.00226787
