-1.56996
0.00606282
-0.0064267
0.00420033
-0.00059235
-0.00347853
0.00540765
-0.00348361
0.000625127
0.00319525
-0.00479459
0.00751639
0.00245948
-0.0034267
0.00435582
-0.00279967
0.000941184
0.00293102
-0.00905882
0.000832445
-0.00164418
-0.00279459
0.00445948
-0.00521938
0.000993014
0.00219525
-0.00611065
0.00330399
-0.00337995
-0.00179459
0.00577554
-0.00290333
0.00304484
0.00282737
-0.00505882
0.00420033
-0.000908407
-0.00384642
0.00609159
-0.00411573
-0.00200699
-0.000172635
-0.0074267
0.0041485
0.00109159
-0.00279459
0.00509159
-0.00416755
-0.000955157
-0.00117263
-0.00684642
0.00751639
0.00119525
-0.00458219
0.00840765
-0.00111573
0.00162513
0.00293102
-0.00747853
0.00646456
0.00314342
-0.00247853
0.00545948
-0.00611573
-0.00211065
0.00287919
-0.0064267
0.00388427
-0.00190841
-0.00484642
0.00603976
-0.00148361
0.00262513
0.00519525
-0.00500699
0.00346456
0.00140765
-0.00179459
0.00609159
-0.00411573
0.000205412
0.00587919
-0.00405882
0.00551639
0.000459479
-0.00479459
0.00403976
-0.00379967
-0.000374873
0.00187919
-0.00869093
0.000780616
-0.00248869
-0.00663402
0.00809159
-0.00274784
-0.000426702
0.00356314
-0.00737487
0.00120033
-0.00232812
-0.000898247
0.00856314
-0.00616755
-0.00105882
0.00251131
-0.00574276
0.00451639
9.15928e-05
-0.00316247
0.00609159
-0.00348361
-0.000955157
9.15928e-05
-0.00537487
0.00383245
-0.000540521
-0.00389825
0.00714342
-0.00479967
-0.000742759
0.00287919
-0.00737487
0.00278062
0.000775536
-0.00284642
0.00614342
-0.00516755
0.000257241
0.00356314
