-1.48373
0.00560443
-0.00443361
0.00445765
3.2853e-05
-0.00416939
0.00461314
-0.00249052
0.000198501
0.00382046
-0.00769784
0.000670047
8.46825e-05
-0.00490516
0.00503285
-0.00485841
-0.00143361
0.00303285
-0.00338178
0.00314159
-0.00323137
-0.00795699
0.00529708
-0.00343869
-0.00185333
0.00413651
-0.00638178
0.00140582
-0.00223137
-0.00632487
0.00703285
-0.00317446
0.000830615
0.0055044
-0.00606573
0.00367005
0.00340074
-0.00311756
0.00487736
-0.00265109
-0.00522121
0.0037168
-0.00274967
0.00608976
0.0027168
-0.0028015
0.00429708
-0.00317446
0.000514558
0.00482046
-0.00543361
0.00472188
0.00303285
-0.00211756
0.00650948
0.00161314
-0.000433612
0.0037168
-0.00369784
0.00372188
0.000452569
-0.00622121
0.00492919
-0.00370292
-0.00453727
0.00434891
-0.00264601
0.00208976
-0.00065109
-0.00416939
0.00461314
-0.00375475
-0.00285333
0.00408468
-0.00564601
0.00288244
0.00424017
-0.0065891
0.00498102
-0.00412264
-0.00248544
0.00403285
-0.00459418
-1.38966e-05
0.00103285
-0.0038015
0.00424525
-0.00243869
-0.00116939
0.00508468
-0.00464601
0.0019861
0.00303285
-0.00243361
0.00424525
-0.00180658
0.000514558
0.00576863
-0.00559418
0.0011985
0.0045044
-0.00548544
0.00419342
-0.00138686
-0.00311756
0.00266497
-0.00332995
0.00303793
0.00234891
-0.00148544
0.00598102
-0.00280658
-0.000485442
0.00413651
-0.00574967
0.00308976
-0.00123137
-0.0065891
0.00561314
-0.00275475
-0.00216939
0.00345257
-0.00543361
0.00282554
-0.00265109
-0.00522121
0.00624525
-0.000438692
-0.00106573
0.00203285
