-0.301617
0.00605416
-0.00255913
0.00332706
-0.00445547
0.00333213
0.000327055
-0.00587518
0.00280368
-0.00251238
-0.00124307
0.00469494
-0.00666787
-0.00240364
-0.00204083
-0.00655913
0.00217157
-0.00419632
-0.00224307
0.00432706
-0.00471969
0.000332135
-0.00330506
-0.00897884
0.00348762
-0.00409266
-0.00561096
0.00359128
-0.00303575
0.00259636
0.00137888
-0.00592701
0.0032234
-0.00456421
-0.00124307
0.00374677
-0.00745547
0.00159636
6.28277e-05
-0.0072949
0.00353945
-0.00419632
-0.00287518
0.00327523
-0.00403575
0.000332135
-0.00204083
-0.00624307
0.00380368
-0.00151238
-0.00182335
0.00164311
-0.00608758
0.00128031
-0.000305059
-0.00661096
0.00353945
-0.00419632
-0.00255913
0.00459128
-0.00298392
0.00186059
0.00464311
-0.000559126
0.00785551
-0.00014449
0.00133721
0.00911466
-0.00377152
0.00428031
0.00332706
-0.00287518
0.00453945
-0.00288026
7.29875e-05
0.007011
-0.00240364
0.00459636
0.00306283
-0.00397884
0.0072234
-0.00246055
-0.00261096
0.00564311
-0.000823353
0.00770002
0.00427523
0.000756931
0.00953945
0.000223396
2.1158e-05
0.00743071
-0.00635181
0.000492703
0.00337888
-0.0032949
0.00848762
0.00217157
0.000544533
0.00327523
-0.00245547
0.00438396
0.000591282
-0.000662785
0.0105913
0.00111974
0.0024927
0.00537888
-0.00413941
0.00654453
0.0057986
-0.00397884
0.0072234
-0.000248149
0.000912419
0.00259128
-0.00308758
0.00270002
-0.000724774
-0.00392701
0.00553945
-0.000932092
0.00375693
0.00937888
-0.00266787
0.00159636
0.00132706
-0.00424307
0.00548762
-0.000828433
