3.11646
0.00585602
-0.0029091
-0.0016398
0.0058785
-0.00332882
0.00104415
0.00629821
-0.00253614
0.00593541
0.00261427
-0.0036398
0.00577484
0.000355124
0.00277992
0.00403399
-0.0056398
0.00503907
0.000458783
-0.00027191
0.00619456
-0.00201276
0.000831749
0.00193033
-0.00553614
0.00451569
0.00556244
0.00072809
0.00624639
-0.00243248
0.00383175
0.00398216
-0.00300768
0.00840695
0.00119456
-0.00227191
0.00482667
-0.00201276
0.00146386
0.00393033
-0.00416825
0.00198724
-0.00022516
4.41473e-05
0.00593033
-0.00343248
0.00251569
0.00198216
-0.00753614
0.00188358
0.00251061
0.00130837
0.00961427
-0.00296093
-0.000587966
0.00298216
-0.00558797
0.00398724
-0.000753615
-0.00532374
0.00319456
-0.00564488
-0.0016398
0.00303399
-0.00822008
0.00125147
-0.00138573
-0.00700768
0.00314273
-0.00396093
-0.000955853
0.00398216
-0.00680036
0.000831749
0.000666101
-0.00669163
0.00382667
-0.00459305
-0.0026398
0.0026661
-0.00690402
0.00198724
-0.00243756
-0.00632374
0.00219456
-0.00506459
0.00077992
0.00235004
-0.00853614
0.000883579
-6.96715e-05
-0.00532374
0.00319456
-0.00659305
-0.00369163
0.00335004
-0.00722008
0.000671181
-0.00317333
-0.00558797
0.0020909
-0.00169671
0.00183175
0.00198216
-0.00690402
0.00261935
-0.00170179
-0.00800768
0.00151061
-0.00506459
-0.000168251
0.000614272
-0.00690402
0.00261935
-0.000437558
-0.00495585
0.0018785
-0.00606459
-0.00022008
0.0016661
-0.00790402
0.00161935
-0.000805444
-0.00395585
0.00445878
-0.00227699
-0.00216825
-0.00170179
-0.00832374
0.00335512
