-0.904879
0.00556803
-0.00122753
0.00565866
-0.00460049
0.00014036
0.0053426
-0.00243992
0.00534768
0.00202654
-0.00454358
0.00450317
-0.00181289
-0.00122753
0.00439443
-0.00449175
0.00471556
0.00160683
-0.00122753
0.00660683
-0.00254866
-0.00112387
0.00165866
-0.00385964
0.00545134
0.00023894
-0.00249175
0.003555
-0.00323261
0.000456417
0.0041302
-0.0071757
0.00397979
0.00107837
-0.00564724
0.00497471
-0.00523261
-0.00122753
0.00407837
-0.00422753
0.00645134
-0.000341345
-0.0039633
0.00407837
-0.00738809
0.00119219
0.00339443
-0.00485964
0.00539951
0.000974712
-0.00385964
0.00418711
-0.00154866
0.000508247
0.00371048
-0.00449175
0.00376739
0.000503167
0.000508247
0.00623894
-0.00218078
-0.00085964
0.0043426
-0.00407204
0.00266374
0.000974712
-0.0041757
0.00350317
-0.00407712
-0.00464724
0.00407837
-0.00612387
0.00266374
-0.000289515
-0.00691147
0.00381922
-0.00118078
-0.00112387
0.00165866
-0.00607204
0.000347678
-0.00170923
-0.00459541
0.00397471
-0.00528444
-0.000175696
0.0043426
-0.00407204
0.00234768
-0.00128952
-0.00791147
0.00408345
-7.71173e-05
-0.00159541
0.00571048
-0.00470415
0.00129585
2.65417e-05
-0.00527936
0.00523894
-0.00254866
0.00014036
0.00502654
-0.00438809
0.00292796
0.00365866
-0.0021757
0.004555
-0.00254866
-0.00080781
0.00171048
-0.00554358
0.00539951
0.000658655
-0.00359541
0.00592288
-0.00318078
-0.000595412
0.00481414
-0.0071757
0.00334768
0.000342599
-0.00459541
0.005555
-0.00281289
0.000300929
0.00981414
-0.00280781
0.00508345
0.000922883
