2.96565
0.00586997
0.00339487
-0.00359497
0.00592332
-0.00254822
-0.000175258
0.00339487
-0.00643949
0.00166417
-0.000340906
-0.00522709
0.00355543
-0.00386428
-0.000278917
0.00707881
-0.0040716
0.00234812
-0.00097302
-0.00501469
0.00729121
-0.00286428
-0.00117526
0.00397515
-0.00401977
0.00224446
0.00271092
-0.00422709
0.00487149
-0.00186428
-0.00112343
0.000710923
-0.00843949
0.00124446
0.00234304
-0.0016468
0.00992332
-0.00139274
-0.00422709
0.00202698
-0.00612343
0.00361234
0.00302698
-0.00259497
0.00692332
-0.00312851
-0.00259497
0.00407881
-0.00675554
0.00129629
0.000975151
-0.00259497
0.00692332
-0.00186428
-0.000175258
0.00465909
-0.00275554
0.00498023
0.00239487
-0.00522709
0.00418755
-0.00407668
-0.00527892
0.00587149
-0.000548224
0.000560515
0.00202698
-0.0048592
0.00381966
-0.00307668
-0.00238258
0.00939487
-0.003284
-0.000703712
-0.00165696
-0.00627892
0.00455543
-0.00349639
-0.00254314
0.00397515
-0.0030716
0.00398023
0.00171092
-0.00427892
0.00497515
-0.00586428
-0.00291103
0.00434304
-0.00470371
0.00287657
0.00313064
-0.00533075
0.00787149
-0.00139274
-0.00296286
0.00476275
-0.00612343
0.0039284
0.00402698
-0.00380737
0.00376783
-0.000128508
8.89696e-05
0.00576275
-0.00575554
0.0029284
0.00365909
-0.00154314
0.00592332
-0.00286428
0.000405026
0.00581458
-0.00712343
0.00166417
-0.000656963
-0.00622709
0.00223938
-0.00523217
0.000353197
0.00813064
-0.00412343
0.00403206
0.000659094
-0.00422709
0.00645178
0.00155543
-0.000807371
0.00265909
-0.00443949
0.00334812
