2.26185
0.00604691
0.00509598
-0.00437049
0.00304923
0.00167626
-0.00247415
0.00462443
-0.00284711
0.00210614
0.00819964
-0.00410626
0.00604923
0.00341204
-0.00220992
0.00604415
-0.004215
-0.000106259
0.00372809
-0.00342232
0.00573317
0.00336021
-0.0017902
0.00367626
-0.00363471
0.00294557
0.00314781
-0.00742232
0.00173317
-0.000323737
-0.0025778
0.00672809
-0.00389894
0.00247403
0.00783175
-0.0027902
0.00583683
-0.00253613
-0.00862963
0.00494049
-0.000582884
0.0029974
0.00304415
-0.00247415
0.00683683
0.000676263
-0.00220992
0.00572809
-0.00553105
-0.0017902
0.00304415
-0.00342232
0.00541712
0.00172809
-0.00384203
0.00430838
-0.00416317
-0.000209918
0.00583175
-0.00637049
0.00104923
-7.67989e-06
-0.0037902
0.00325655
-0.0044274
-0.00320992
0.00346387
-0.00768654
-0.000634714
-0.00195585
-0.00620992
0.00520472
-0.000111339
0.00115797
0.00709598
-0.00331866
0.00173317
-0.00095585
-0.0067902
-0.000375566
-0.00753105
-0.00252597
0.00346387
-0.00705443
0.00231346
0.00209598
-0.00420992
0.00499232
-0.00479528
-0.00220992
0.00383175
-0.00773837
0.00168134
0.000728093
-0.00420992
0.00562443
-0.0034274
-0.00347415
0.00109598
-0.00710626
0.00241712
0.00125655
-0.000422316
0.00399232
-0.00516317
-0.00215809
0.00309598
-0.00731866
-0.0010026
-0.00095585
-0.00742232
0.000152888
-0.0034274
-0.00220992
0.00351569
-0.0077902
0.001785
-0.00358796
-0.00826175
0.00299232
-0.00616317
-0.0037902
0.000728093
-0.00642232
0.00304923
0.000412036
-0.00584203
0.00199232
-0.00684711
-0.00284203
