3.36781
0.00582382
-0.00163543
0.00194993
0.00962372
-0.00305515
0.000789366
0.00225583
-0.00494641
0.00399668
-0.00147994
-0.00373401
0.00588795
-0.00310698
0.00278937
0.00393977
-0.00331429
0.00604851
-0.000531771
-0.00231429
0.00388795
-0.00447486
0.00278937
0.0029916
-0.00568218
0.00473246
-0.00221571
-0.00299824
0.00357189
-0.00389458
0.00394485
-0.000428112
-0.00536612
0.00604851
-0.000847828
-0.00236612
0.00462372
-0.00584275
0.00342148
0.0049916
-0.00368218
0.00483612
-0.00400332
0.00158205
0.00935949
-0.00479092
0.00178937
0.00293977
-0.00368218
0.00673246
0.000100343
-0.00063035
0.00488795
-0.00410698
0.00147331
0.00257189
-0.00394641
0.00404851
-0.0015836
-0.00131429
0.00488795
-0.00473909
0.000105423
0.00288795
-0.00484275
0.000944854
-0.000899657
-0.00163035
0.00357189
-0.00642303
5.35933e-05
0.00330766
-0.00563035
0.00399668
-0.001796
-0.00315372
0.00830766
-0.00473909
0.000105423
0.00288795
-0.00389458
0.00268063
-0.00253177
-0.00336612
0.00362372
-0.00747486
-0.000842748
-0.000112055
-0.00594641
0.00299668
-0.00247994
-0.00441795
0.00525583
-0.00479092
0.000209082
-0.00332445
-0.0107858
0.00373246
-0.00353177
-0.00436612
0.00388795
-0.00573909
-0.000262464
0.0019916
-0.00763035
0.00136457
-0.00389966
-0.00399824
0.00193977
-0.0081588
-0.000210634
0.00157189
-0.00557852
0.0026288
-0.000847828
-0.00236612
0.00588795
-0.0021588
0.00420908
0.00162372
-0.00599824
0.00436457
-0.00184783
-0.00431429
0.000939775
-0.00789458
0.0018412
0.00125583
-0.00531429
0.00436457
