1.57163
0.00547193
0.00616047
-0.00273079
0.00106189
0.00263202
-0.00698993
0.00326921
-0.000839526
-0.00340965
0.00584442
-0.00404684
1.00652e-05
0.00331596
-0.00730599
0.00258527
-0.000839526
-0.00404176
0.00352836
-0.00578262
6.18947e-05
0.0032123
-0.00267388
0.0054247
-0.00389136
-0.00440965
0.00579259
-0.00267896
-0.00125416
0.00184442
-0.00235782
0.00737287
-0.00115558
-0.00472571
0.00352836
-0.00578262
0.000694008
0.00426413
-0.00525416
0.00226921
-0.000575299
-0.000725707
0.00626413
-0.00262205
0.00658527
0.00189625
-0.00530599
0.00521738
0.00316047
-0.00162205
0.00474076
-0.0013629
0.00137795
0.00394808
-0.00593811
0.00258527
-0.00115558
-0.00504176
0.00379259
-0.00341473
0.00137795
0.00458019
-0.00425416
0.00421738
0.00184442
-0.00298993
0.0044247
-0.00394319
-0.00304176
0.00358019
-0.00620233
0.00116555
0.000844417
-0.00272571
0.00616047
-0.00462713
-0.00304176
0.00326413
-0.00593811
0.00353344
0.00152836
-0.00367388
0.00505681
-0.00194319
-0.000725707
0.00626413
-0.00357022
0.00453344
0.00158019
-0.00535782
0.00405681
-0.00262713
-0.00230599
0.00347653
-0.00283445
0.00253344
0.00052836
-0.00309359
0.00652836
-0.00341473
0.000113724
0.00058019
-0.00698993
0.00295316
-0.00183953
-0.00472571
0.00510864
-0.00299501
-0.000673878
0.00426413
-0.00493811
0.00358527
0.000160474
-0.00335782
0.00510864
-0.00331107
-0.00167388
0.0042123
-0.00357022
0.00390133
-0.000103754
-0.00446148
0.00684442
-0.0033629
-0.000305992
0.0042123
-0.00357022
0.00516555
0.00484442
-0.00125416
