2.21158
0.00671702
0.00247219
-0.00993737
0.00390206
0.00142036
-0.00672497
0.00463276
-0.00567822
0.00106263
0.00542036
-0.00714977
0.00126995
-0.000999357
-0.00667314
0.00294881
-0.00699428
-0.00188554
0.00263276
-0.00514977
0.00200572
-0.00141907
-0.0039892
0.00494881
-0.00594245
-0.00256948
0.00200064
-0.00493737
0.00605755
-0.000367243
-0.00467314
0.0043167
-0.00604611
0.000166291
0.0023167
-0.00646582
0.00032178
-0.00336724
-0.00767314
0.00258093
-0.00631033
-0.00156948
0.00236853
-0.00625342
0.00310938
-0.00189062
-0.00120159
0.00294881
-0.00699428
-0.00125342
0.0021043
-0.00925342
0.000741496
-0.0044709
-0.00562131
0.00194881
-0.00767822
-0.000937368
0.00342036
-0.00630525
0.00668967
0.00226487
-0.00193737
0.00558093
-0.00331033
-0.000149765
0.00194881
-0.00325342
0.00863784
0.00563276
0.000694746
0.00863276
-0.00167822
0.00316629
0.00500064
-0.00414977
0.00395389
0.00194881
-0.0019892
0.0085291
0.000425439
0.00306263
0.00836853
-0.00120159
0.0067415
0.000580927
-0.00230525
0.00658093
-0.00199428
0.00406263
0.0081043
-0.00325342
0.00926995
0.00447219
-0.00509286
0.00794881
-0.00199428
0.00374658
0.0071043
-0.00520159
0.00400572
0.000580927
-0.00167314
0.0073167
-0.00273005
0.00385023
0.00436853
-0.00393737
0.00705755
0.00126487
-0.00104103
0.0093167
-0.00167822
0.00411446
0.00578825
-0.00656948
0.00337361
-0.00205119
-0.00440891
0.00763276
-0.00331033
0.00237869
0.00742036
-0.00388554
0.00632178
0.00294881
-0.00130525
0.00600064
-0.00504611
0.00179841
