-0.60324
0.00539824
-0.00258927
0.00282536
-0.00374984
0.00209467
0.00429691
-0.0036411
0.00540565
-0.00280675
-0.00600899
0.00408959
-0.00133012
0.000146501
0.00219325
-0.00290533
0.00340565
-0.00291041
-0.00232504
0.00487719
-0.00311773
0.0031465
0.00298085
-0.00722139
0.00125016
-0.000490692
-0.00269293
0.00461297
-0.00611773
0.00172679
0.0046648
-0.00400899
0.00608959
-0.00217464
-0.00527321
0.000825365
-0.00638195
-0.000641101
0.00524508
-0.000957158
0.00835382
0.00124508
-0.00274476
0.00503268
-0.00722139
0.00377861
0.0046648
-0.00558927
0.00456622
0.00224508
-0.00300899
0.00424508
-0.00638195
-0.000325044
0.0046648
-0.00558927
0.00298593
-0.000858579
-0.00200899
0.00587719
-0.00338195
0.000778615
0.00324508
-0.00453744
0.00261805
-0.000490692
-0.00332504
0.00387719
-0.00411773
0.00151439
0.00250931
-0.00253744
0.00366988
-0.000858579
-0.0026411
0.00324508
-0.00643378
-0.00116956
-0.000438863
-0.00532504
0.00661805
0.00161297
-0.0034287
0.00629691
-0.00448561
0.00219833
0.00156114
-0.00458927
0.00240565
-0.00359435
-0.00327321
0.00187719
-0.00643378
0.00104284
0.00498085
-0.00269293
0.00745748
-0.00280675
-0.00474476
0.00587719
-0.00274984
0.00183044
0.00129691
-0.00727321
0.00261805
0.000141421
-0.00132504
0.00461297
-0.00548561
0.00183044
0.00224508
-0.00395716
0.00440565
-0.00159435
-0.00127321
0.00387719
-0.0050659
-0.000537442
0.000929023
-0.00595716
0.00303776
-0.00127829
-0.00216956
0.00108959
-0.00433012
-0.00127321
0.00292902
-0.00427321
0.00372171
-0.00191041
