2.1613
0.00592679
0.00728772
-0.00596635
0.00118914
-0.00128748
-0.00243789
0.00766069
0.000976744
0.00129788
0.00455195
-0.00596635
0.00308548
0.00218406
-0.00443789
0.00313223
-0.00681086
-0.00201818
0.00181618
-0.00565029
0.00282126
0.000448289
-0.00280578
0.00802857
-0.000971426
-0.000173664
0.00697166
-0.00570212
0.00513731
0.00155195
-0.00580578
0.00313223
-0.00617874
0.00156211
0.00660378
-0.00470212
0.00455703
-0.000867767
-0.00480578
0.00571252
-0.00175903
0.00129788
0.00518406
-0.00365029
0.00418914
0.000132233
-0.00348972
0.0070804
-0.00144297
0.00166577
0.00418406
-0.00370212
0.00555703
0.000132233
-0.00475395
0.00434463
-0.00239114
-7.00054e-05
0.00423589
-0.0072824
0.00203365
0.00350012
-0.00338606
0.00466069
-0.00202326
-0.000437892
0.00491983
-0.00759846
0.00103365
0.00281618
-0.00243789
0.0060804
-0.0037072
-0.00143789
0.00581618
-0.00386269
0.00234971
0.00260378
-0.00680578
0.00434463
-0.0027072
-0.00170212
0.00250012
-0.0062824
0.00208548
0.000868005
-0.00612183
0.00371252
-0.00533931
-0.00412183
0.00318406
-0.00533423
0.00382126
-0.000764108
-0.00754155
0.00539646
-0.00339114
-0.00201818
0.00276435
-0.00359846
0.00313731
0.000500119
-0.00575395
0.00271252
-0.00602326
-0.00475395
0.00276435
-0.0032824
0.00318914
-0.000235654
-0.00470212
0.000764346
-0.00812691
-0.00180578
0.00523589
-0.00596635
0.00118914
-0.00255171
-0.00707001
0.0022928
-0.0027072
-0.00107001
0.00291983
-0.00738606
0.00255703
-0.00286777
-0.00585761
0.00639646
-0.00302326
-0.00175395
