1.85956
0.00597381
0.0061766
-0.00397381
0.00407802
0.00312477
-0.00370959
0.00391745
-0.00229495
-0.0041293
0.00375688
-0.00423804
0.00234224
0.00380871
-0.00276142
0.00660139
-0.000927064
-0.00254902
0.00749265
-0.00418621
0.000974357
0.00349265
-0.00439353
0.0042335
-0.000978893
-0.0021293
0.00638899
-0.00308255
-0.00107747
0.00191237
-0.00718113
0.00465322
-0.00271467
0.000134926
0.00980871
-0.0027665
0.000238585
0.00359631
-0.00744536
0.00228533
-0.00339861
-0.00270959
0.00238899
-0.00170959
0.0084459
0.0051766
-0.00402564
0.00260139
-0.00239861
0.000186755
0.00780871
-0.0025541
0.0036583
0.0051766
-0.00339353
0.00491745
-0.00192706
-0.00354902
0.00680871
-0.00513438
-0.000129302
0.00491237
-0.00670959
0.00281379
-0.000875234
-0.0061293
0.00270505
-0.00418621
0.00129041
0.00259631
-0.0081293
0.00386562
0.000337164
-0.00107747
0.00507294
-0.00350227
0.00129041
0.00291237
-0.00744536
0.00386562
-0.00124312
-0.00323296
0.0071766
-0.00518621
0.000290414
0.00222842
-0.00744536
0.00291745
-0.00234678
-0.00307747
0.00370505
-0.00350227
-0.00028987
-0.000507348
-0.00807747
0.00249773
-0.00124312
-0.00481324
0.00344082
-0.00808255
-0.0051293
0.00180871
-0.00539353
0.00354956
-0.00224312
-0.0061293
0.00207294
-0.00460593
0.00429041
0.00622842
-0.0053417
0.00186562
-0.00197889
-0.00407747
0.00207294
-0.0055541
-0.00028987
-0.000191291
-0.00707747
0.00318168
0.000337164
-0.00170959
0.00307294
-0.0067665
-0.00218113
0.00522842
-0.00444536
0.00528533
-0.00261101
-0.00260085
