4.12189
0.00595588
-0.00610443
-0.00246723
0.00447078
-0.00336358
0.00421163
-0.001265
-0.00446723
0.00247078
-0.00789203
-0.00104752
0.00152261
-0.00709935
0.00257951
-0.00331683
-0.00509935
0.00299923
-0.00378837
-0.000415405
0.00383866
-0.00409935
0.00463134
-0.00363288
-0.00578329
0.00205106
-0.0058402
-0.00136358
0.00115472
-0.00609935
0.00484374
0.00105106
-0.00241541
0.00247078
-0.00757597
-0.000363576
0.00247078
-0.00378329
0.00626346
-0.000316826
-0.00209935
0.004735
-0.00415626
-0.00352414
-0.00500077
-0.00578329
0.00457951
-0.00321317
-0.00720301
0.00563134
-0.00200077
-0.00215118
0.00483866
-0.00594386
-0.000524144
-0.00231683
-0.00346723
0.004735
-0.00415626
0.00153277
0.00783866
-0.00325992
0.00242403
0.000154719
-0.00425484
0.00778683
-0.00220809
0.00395248
0.00589049
-0.00473146
0.00452769
0.000367117
-0.00178329
0.00510289
-0.0048402
-0.000363576
0.00247078
-0.00473146
0.00452769
0.000367117
-0.000835121
0.00778683
-0.00252414
0.00295248
0.00552261
-0.00404752
0.0051598
0.00141895
-0.00151906
0.00778683
-0.00157597
0.00500431
0.00678683
-0.000679633
0.00589557
-0.000581054
-0.00351906
0.00768317
-0.000736542
-0.000679633
0.00305106
-0.00167963
0.00552769
0.000735003
-0.000570894
0.00920655
-0.00420809
0.00163642
0.00352261
-0.00509935
0.00647586
0.00215472
-0.00446723
0.00468317
-0.00342049
-0.00141541
0.00441895
-0.00104752
0.00657951
5.10599e-05
-0.00278329
0.004735
-0.00447231
0.000216708
0.00457443
-0.00673146
0.00410797
0.00241895
-0.000835121
0.00652261
