3.217
0.0059878
-0.00310628
-0.0066764
0.00284189
-0.00499754
-0.00157274
0.000681324
-0.00862457
0.00295063
-0.000738392
-0.00441218
0.00626161
-0.00468148
-0.000888801
0.000681324
-0.00736035
0.00505429
-0.00179022
-0.00530852
0.00284189
-0.00436543
0.000427256
0.00268132
-0.00662457
0.00526669
0.00194555
-0.00399246
0.00389372
-0.00473331
0.000163029
-0.000318676
-0.00930852
0.00358274
0.00157766
-0.00236035
0.00531344
-0.00515303
0.00221486
0.000629494
-0.00599246
0.00410612
-0.00352599
-0.00304429
0.00531344
-0.0061012
-0.000153028
0.000577665
-0.0058888
0.00263457
-0.000474165
-0.0026764
0.00715795
-0.000313596
0.00147909
0.00262949
-0.00557274
0.00331852
-0.00205445
-0.00578006
0.00815795
-0.000261767
0.000743313
0.00399738
-0.00557274
0.00458274
0.00194555
-0.00304429
0.00657766
-0.00336543
0.0011112
0.00331344
-0.00430852
0.00637035
0.000841892
-0.000676403
0.00662949
-0.00536543
0.000375427
0.00499738
-0.00394063
0.00631852
0.00220978
-0.00162457
0.00489372
-0.00373331
0.00242726
0.00499738
-0.00457274
0.00431852
0.00115795
0.000323597
0.00826161
-0.00268148
0.000795143
0.00357766
-0.00352091
0.00300246
-0.000842051
-0.00136035
0.00631344
-0.0028888
0.00626669
0.00326161
-0.0038888
0.00463457
0.000893722
-0.00204429
0.00852584
0.000318517
0.00379514
0.00468132
-0.00462457
0.0056864
-0.00105445
-0.00383189
0.00962949
-0.00204937
0.00279514
0.00368132
-0.00594063
0.00400246
-0.000474165
-0.00236035
0.00720978
-0.000733312
0.00353092
0.00294555
-0.00457274
0.0036864
