-0.0502695
0.00544642
-0.000443358
0.00754648
-0.0025521
0.00286762
0.000126766
-0.0021273
0.00749465
-0.00339661
-0.00128787
0.00212677
-0.00486815
0.00208002
0.00286254
-0.00307547
0.00575888
-0.00366084
-0.00239153
0.00291437
-0.00791998
0.000447903
-0.000137461
-0.00575942
0.00407494
-0.00371267
-0.00102364
0.00323043
-0.00597181
0.00318368
0.000494652
-0.00375942
0.00607494
-0.00297689
-0.00270759
0.00412677
-0.00318421
0.00149973
0.000126766
-0.00307547
0.00481071
-0.00508055
-0.000391529
0.00428225
-0.00697181
0.00249973
0.000810709
-0.00244336
0.00681071
-0.00434478
-0.00207547
0.00423043
-0.00560393
0.00313185
0.00186254
-0.00470759
0.00402311
-0.00266084
-0.0023397
0.00375888
-0.00281632
0.0014479
0.000862539
-0.00602364
0.00202311
-0.0027645
0.00197636
0.00623043
-0.00423604
0.00218368
-0.000189291
-0.00407547
0.00570705
-0.00166084
-0.00165576
0.00186254
-0.00597181
0.00413185
0.00254648
-0.00407547
0.00570705
-0.00134478
0.000608471
0.00591437
-0.00523604
0.00181579
-0.000453518
-0.00581124
0.00733916
0.000390993
-0.000391529
0.00491437
-0.00623604
0.00208002
0.00286254
-0.00339153
0.00507494
-0.00239661
0.000344244
0.00449465
-0.00291998
0.00386762
0.000494652
-0.00375942
0.00607494
-0.00266084
-0.00107547
0.00491437
-0.00528787
0.0044479
0.00512677
0.000660301
0.00707494
-0.00102872
0.00129241
0.00623043
-0.00391998
0.00349973
0.0011786
-0.00407547
0.00412677
-0.00381632
0.000131846
0.000442823
-0.00428787
0.00449973
0.00186254
-0.00407547
0.00444282
-0.0037645
