0.502698
0.0061272
0.00477146
0.00176638
-0.0041198
0.00492695
-0.000756996
0.000248084
0.00413427
-0.00564826
0.0026678
0.00281821
-0.00480375
0.00366272
-0.00380883
0.000512311
0.00618609
-0.00406797
0.00482329
8.24358e-05
-0.00385557
0.00634666
-0.00244094
0.000196255
0.00708244
-0.000964314
0.00540357
0.00313427
-0.00348769
0.00503061
-0.00444094
-0.00243586
0.00213427
-0.00606797
0.00440357
0.00276638
-0.00343586
0.00334666
-0.00480883
-0.0011198
0.00350215
-0.0051198
0.00519117
-0.000917564
-0.00517163
0.00529483
-0.00207305
-0.000487689
0.00645032
-0.00264826
0.00440357
0.00276638
-0.00248769
0.00666272
-0.00270517
-0.00217163
0.00545032
-0.00206797
0.00713935
0.00118609
-0.00717163
0.00297878
-0.00507305
-0.0019074
0.00687004
-0.00501614
0.00340357
0.00208244
-0.00280375
0.00471455
-0.00607305
-0.00385557
0.00445032
-0.00464826
0.00335174
0.00123792
-0.00727529
0.00539849
-0.00607305
-0.00322346
0.00518609
-0.00664826
0.000403573
-0.00249785
-0.00795923
0.00508244
-0.00580883
-0.0021198
0.00250215
-0.00675192
0.00219117
-0.00265334
-0.00480375
0.00461089
-0.00207305
0.000144425
0.00718609
-0.00496431
0.00108752
-0.00123362
-0.00617163
0.00397878
-0.00438911
-0.00317163
0.00381821
-0.00696431
-0.000596427
-0.00160151
-0.00517163
0.00434666
-0.00444094
-0.0021198
0.00155398
-0.00785557
0.00550723
-0.00118179
-0.00785557
0.00361089
-0.002757
-0.00143586
0.00250215
-0.00706797
0.00182329
-0.00323362
-0.00753952
0.00303061
-0.00580883
-0.00338403
8.24358e-05
-0.0073322
