-0.150808
0.00554757
0.00125923
0.00240964
-0.00610866
0.00431106
0.00340964
-0.00321231
0.00562204
-0.00316556
-0.00210866
0.00135781
-0.00574077
0.00236289
0.00130598
-0.0027926
0.00388626
-0.00153345
0.0012074
0.0047257
-0.00247654
0.00520232
-0.00206191
-0.00321231
0.00530598
-0.00384951
-0.00116048
0.00277753
-0.00552837
0.00704683
0.00309358
-0.00421231
0.00367387
-0.00495317
0.0012074
0.00314541
-0.00684443
0.00409866
0.000622038
-0.0005802
0.00709358
-0.00463711
0.000943174
0.00140964
-0.00584443
0.00446655
-0.000377962
-0.0015802
0.00767387
-0.00253345
-0.000108655
0.00240964
-0.0057926
0.00373078
0.000673867
-0.00289626
0.00598992
-0.00353345
-0.000792598
0.00209358
-0.00710866
0.00236289
0.00035781
-0.00516048
0.00257021
-0.00448162
-0.00347654
0.00135781
-0.00574077
0.00267895
0.00167387
-0.00347654
0.00420232
-0.00148162
-0.00110866
0.0017257
-0.00547654
0.00567895
0.00214541
-0.00721231
0.00288626
-0.00284951
-0.000476541
0.00404175
-0.00405683
0.003995
0.00240964
-0.0035802
0.00598992
-0.00448162
-0.00252837
0.0037257
-0.00442471
0.00436289
0.00140964
-0.00521231
0.00520232
-0.00206191
-0.00321231
0.00277753
-0.00616048
0.00504683
0.00204175
-0.00352837
0.00430598
-0.00421739
0.000471629
0.00546147
-0.00574077
0.00204683
-0.00064219
-0.00394809
0.00730598
-0.00184951
-0.000108655
0.00209358
-0.0067926
0.00336289
0.00040964
-0.0055802
0.00430598
-0.00453345
-0.00210866
0.000725697
-0.00710866
0.00236289
0.00035781
-0.00326414
0.00635781
-0.00390134
