-0.251348
0.00578756
0.000755027
0.00537698
-0.00387709
0.00601417
0.00258938
-0.00156103
0.00648572
-0.000830337
-0.00156103
0.00332515
-0.00640554
0.000226572
9.09417e-06
-0.00661286
0.00316966
-0.00388217
-0.00256103
0.00264121
-0.00608948
0.000910515
0.000957265
-0.00361286
0.00648572
-0.00177851
-0.00392892
0.00390544
-0.00303766
0.0012784
-4.27353e-05
-0.00492892
0.00416966
-0.00351428
-0.00387709
0.000957265
-0.00677343
0.00122657
0.000693037
-0.00534863
0.00558938
-0.00330188
0.00112291
0.00311275
-0.00919314
0.00285869
0.00211275
-0.00703258
0.00522149
-0.00451428
-0.00266469
0.00600909
-0.00345737
0.00522657
0.00469304
-0.00261286
0.00622149
-0.00319822
-0.00161286
0.00469304
-0.00608948
0.00217474
0.00369304
-0.00424497
0.00511783
-0.000830337
-0.000928917
0.00627332
-0.00235371
0.0012784
-4.27353e-05
-0.00461286
0.00516966
-0.00314639
-0.00424497
0.00258938
-0.00314131
0.0052784
0.00206092
-0.00724497
0.00274995
-0.00214639
-0.00292892
0.00332515
-0.00577343
0.00317474
0.00532515
-0.00282526
0.00374995
-0.000514281
0.000703197
0.00737698
-0.00535371
0.00207108
0.00674487
-0.00324497
0.00485361
-0.00351428
-0.00324497
0.00232515
-0.00677343
0.00185869
0.00237698
-0.00498075
0.00648572
-0.00146245
-0.00261286
0.00400909
-0.00545737
0.00259446
0.00195726
-0.0022968
0.00627332
-0.00361794
0.000122913
0.00432515
-0.00540554
0.00217474
0.00369304
-0.00392892
0.00516966
-0.00283034
-0.00198075
0.00506092
-0.00708948
0.000858686
0.00137698
-0.0062968
0.00385361
-0.002934
