1.6832
0.00554772
0.0017089
-0.0030787
0.000397924
0.00286439
-0.00618236
-0.000498417
-0.000871383
-0.00307362
0.00644467
-0.00265899
-0.00196996
0.00186439
-0.00655025
0.00208187
0.00260016
-0.00444151
0.00644467
-0.00234293
-0.000337849
0.00423228
-0.00460208
0.00355341
0.000496503
-0.00370574
0.00507679
-0.00265899
-0.00133785
0.00354833
-0.00428602
0.00423736
0.000496503
-0.00338968
0.00576073
-0.00360716
-0.00402179
0.0024965
-0.00549842
-0.000498417
-0.0015035
-0.00570574
0.0014965
-0.00681447
0.000978208
0.00465199
-0.00728602
0.00250158
0.000548332
-0.00538968
0.00534101
-0.000607156
-0.00228602
0.00181256
-0.00391813
0.00386947
-8.37812e-05
-0.00580939
0.00644467
-0.00265899
-0.00165391
0.00223228
-0.00596996
0.00418553
0.00123228
-0.00538968
0.0047089
0.000237356
0.00439792
0.00560016
-0.00491813
0.00350158
0.00123228
-0.00475756
0.00544467
-0.00302687
-2.17919e-05
0.00523228
-0.00391813
0.0051337
0.00265199
-0.00675756
0.00376073
-0.00276264
0.00203004
0.00586439
-0.0028663
0.00350158
0.00154833
-0.00344151
0.00839284
0.00102496
0.00134609
0.00396805
-0.00665391
0.00386947
0.0014965
-0.00302179
0.00507679
-0.00202687
-0.000602076
0.00218045
-0.00396996
0.00523736
0.000232276
-0.00512545
0.00612862
-0.00397504
-0.00270574
0.00418045
-0.00228602
0.00560524
0.00112862
-0.00233785
0.00412862
-0.00376264
0.00103004
0.00454833
-0.00391813
0.00418553
0.00281256
-0.00196996
0.00344467
-0.00344659
0.00203004
0.00396805
-0.00665391
0.0051337
0.00328411
-0.00538968
