2.91538
0.00604322
0.00111174
-0.0038781
0.00700808
-0.000831354
0.00322556
0.00653145
-0.00567079
0.00301316
0.00279568
-0.00382627
0.00532413
-0.00277952
0.000173726
0.00711174
-0.00261896
0.00274893
0.00105991
-0.00345839
0.00495625
-0.00241164
-0.00177444
0.00342779
-0.00498684
0.00174893
5.99069e-05
-0.00382627
0.00564019
-0.00241164
-0.000826274
0.00389934
-0.00777444
0.0024847
-0.00194009
-0.0048781
0.00632413
-0.00114741
0.0019095
0.00547962
-0.00498684
0.00364527
0.00479568
-0.00214233
0.00537596
-0.00509558
-0.00251022
0.00384751
-0.00640656
0.00343287
0.00137596
-0.00182627
0.00605991
-0.00477952
-0.00119416
0.00553145
-0.00540656
0.00443287
0.000479623
-0.00682627
0.00453653
-4.37521e-05
-0.0010905
0.00342779
-0.00467079
0.00401316
0.0022154
-0.00656205
0.00658836
-0.000675866
-0.00245839
0.00374385
-0.00398684
0.00338104
0.000847509
-0.0068781
0.00495625
-0.00177952
0.000857669
0.00647962
-0.00461896
0.00264527
0.0022154
-0.00656205
0.00532413
-0.00435981
-0.0038781
0.00384751
-0.00798684
1.31573e-05
-0.000520377
-0.00751022
0.00390442
-0.00394009
-0.00656205
0.00184751
-0.00840656
0.00396133
0.00389934
-0.0058781
0.00658836
-0.00162404
-0.00514233
0.00269202
-0.00393501
0.00201316
0.00242779
-0.00314233
0.00532413
-0.00341164
-0.00182627
0.00479568
-0.00498684
0.00238104
0.00079568
-0.00582627
0.00364019
-0.00441164
-0.00282627
0.00411174
-0.00403867
0.00474893
0.000531452
-0.00724599
0.00564019
-0.00430798
-0.0058781
0.00374385
-0.00461896
0.0016971
