1.20658
0.00561144
0.00561669
-0.00280303
-0.00116583
0.00408823
-0.00537823
0.00330571
0.0040364
-0.00306217
0.00314514
-0.00169937
-0.00258555
0.00545612
-0.00506217
0.00335754
0.000772177
-0.00495344
0.00698458
-0.00406725
-0.00295344
0.00645612
-0.0053264
0.00193783
0.00214006
-0.00590161
0.0052488
-0.00306725
-0.00290161
0.00572035
-0.00301034
0.00304148
-0.000227823
-0.00626949
0.00593275
-0.00211908
-0.00116583
0.00345612
-0.00643006
0.00304148
0.0010364
-0.00321766
0.00566852
-0.00322274
0.000885996
0.00440429
-0.00501034
9.3314e-05
-0.00238331
-0.00448189
0.00482909
-0.00133148
-0.00453372
0.00240429
-0.00827457
-0.00337823
-0.00101542
-0.005114
0.00219697
-0.00343514
-0.000953436
0.00750795
-0.00569429
0.00135754
-0.000595709
-0.00558555
0.00593275
-0.00148697
0.000202053
0.00472035
-0.00337823
0.0046736
0.00340429
-0.00284978
0.0062488
-0.0017512
-0.000901606
0.00677218
-0.00306217
0.00504148
0.00208823
-0.00358555
0.00635246
-0.00385486
-0.000165833
0.00635246
-0.00164246
0.00335754
0.00235246
-0.00248189
0.0052488
-0.00338331
-0.00390161
0.00472035
-0.00464246
0.00162177
0.00208823
-0.00421766
0.00530063
-0.0025388
0.000885996
0.00345612
-0.00674612
0.00298966
0.0030364
-0.00279795
0.00519697
-0.000119084
0.000202053
0.00440429
-0.00374612
0.00504148
0.00335246
-0.002114
0.00456486
-0.00148697
0.000834167
0.00640429
-0.0033264
0.00298966
0.0030364
-0.00184978
0.00472035
-0.00590669
-0.000165833
0.00572035
-0.0033264
0.00204148
0.000352461
-0.00353372
