3.41808
0.00541877
-0.00477838
-0.00214119
0.00506105
-0.00388204
-0.000617812
9.22204e-06
-0.00308936
0.00490556
-0.00199078
-0.00414119
0.00337711
-0.00456598
0.000330359
0.00111288
-0.00482513
0.00558951
-0.00135866
-0.00182513
0.00637711
-0.00251415
0.000646416
0.00179682
-0.00514119
0.00427345
-0.00209444
-0.00140541
0.00306105
-0.00524993
0.00191064
0.00421654
-0.00519302
0.00564134
-0.00304261
-0.00250907
0.00542894
-0.0051981
-0.00103753
0.00142894
-0.00508936
0.00353768
-0.00104261
-0.0017733
0.00342894
-0.00466964
0.00338219
0.00179682
-0.00640541
0.00343402
0.000744995
-0.00382513
0.00437711
-0.0041981
0.000278529
0.000900483
-0.00887696
0.00485373
0.000325279
-0.00114119
0.00542894
-0.00456598
1.43019e-05
0.000744995
-0.00635358
0.00238219
0.00206105
-0.00214119
0.00600922
-0.00246232
-8.9357e-05
0.00379682
-0.0037733
0.00648585
0.00111288
-0.00324485
0.00648077
-0.00524993
0.000330359
0.000796824
-0.00740541
0.00243402
0.000377108
-0.00250907
0.00574499
-0.00356598
0.00196247
0.00442894
-0.0017733
0.00690556
0.000641336
-0.00108936
0.00500922
-0.00251415
0.000646416
0.00021654
-0.00761273
0.00695739
-0.00104261
-0.00082513
0.00548077
-0.00530175
0.00233036
0.00279682
-0.0047733
0.00485373
-0.000306835
-0.00314119
0.00469317
-0.00351415
0.000278529
0.00342894
-0.00340541
0.00548585
0.000428938
-0.00419302
0.00600922
-0.000565982
0.0040143
0.00316471
-0.00482513
0.00558951
-0.00167472
-0.00282513
0.00442894
-0.00461781
0.00138219
0.00106105
-0.00503753
0.00185373
