-0.60324
0.00634265
-0.00257247
0.00615315
-0.00562938
0.00195091
0.00252103
-0.00873303
0.000738511
-0.000634456
-0.00257247
0.00678526
-0.0048936
0.00121514
0.00420498
-0.00457247
0.00762977
-0.00168629
-0.00315275
0.00373343
-0.00620966
-0.000784864
0.00220498
-0.00910092
0.00079034
-0.0023184
-0.00546881
0.00231371
-0.00326149
0.00295091
0.00415315
-0.00383669
0.00562977
-0.00273811
-0.00246881
0.0024692
-0.00862938
0.000531193
0.00483709
-0.00383669
0.00626189
-0.0023184
-0.00483669
0.00304949
-0.00494543
0.00100274
0.000469203
-0.00810092
0.00179034
-0.00163446
-0.00420458
0.00441737
-0.0058936
-0.00104909
0.00173343
-0.00441698
0.00415823
-0.00189868
-0.00499218
0.00841737
-0.00284177
0.00121514
0.00452103
-0.00610092
0.00284217
-0.0023184
-0.00294035
0.00778526
-0.00452572
-0.000416978
0.00278526
-0.00288852
0.00894583
-0.00126657
-0.00394035
0.00710132
-0.0038936
0.00126697
0.00283709
-0.00583669
0.00679034
0.00273343
-0.00120458
0.0064692
-0.00399726
0.00400274
0.00410132
-0.00246881
0.00721006
0.000365544
-0.00252064
0.00604949
-0.00352572
0.000266965
0.00310132
-0.00378486
0.00552611
0.00126189
0.00153119
0.00615315
-0.00468121
0.00368668
0.00310132
-0.00346881
0.00652611
0.00131371
0.000163306
0.00931371
0.00215823
0.00431879
0.0044692
-0.00188852
0.00962977
-2.34195e-06
-0.00120458
0.00583709
-0.00631332
0.00226697
0.0044692
-0.00283669
0.00757794
-0.000318399
-0.00252064
0.00604949
-0.0028936
0.00289908
0.0064692
-0.00115275
0.008894
0.00262977
