3.51861
0.00547445
-0.00272657
-0.00098572
0.00216469
-0.00530178
0.00380188
0.0027968
-0.00266966
0.00432526
-0.00167474
0.000226678
0.00753258
-0.00319812
0.002434
0.00184863
-0.00440544
0.00469314
-0.00267474
-0.00172149
0.00353258
-0.00530178
0.00411794
0.0015844
-0.00550909
0.00674497
-0.00267474
-0.00172149
0.00416469
-0.00393389
0.00348583
0.0017968
-0.00303755
0.00437709
-0.00304263
0.000226678
0.00626835
-0.00593389
0.00148583
-0.000203198
-0.00408938
0.00442892
-0.00314629
0.000750053
0.00148075
-0.00498572
0.00511794
0.0025844
-0.00545727
0.0060092
-0.000674743
0.000594564
0.00684863
-0.00414629
6.61097e-05
0.0017968
-0.00398572
0.00327343
-0.00193897
-0.00308938
0.00448075
-0.00419812
0.001434
0.00148075
-0.00340544
0.0060092
-0.000674743
0.000594564
0.00590046
-0.00651417
-0.00093389
-0.000783482
-0.00808938
0.00327343
-0.000674743
-0.000669663
0.00316469
-0.00493389
0.00248583
0.000796802
-0.00277332
0.00642892
-0.00367474
-0.00208938
0.00484863
-0.004566
0.00211794
0.000532575
-0.00545727
0.00506103
-0.0039908
-0.00308938
0.00321652
-0.00724995
0.000117939
-0.00146742
-0.00682515
0.00506103
-0.00367474
-0.000825151
0.00726835
-0.00493389
0.00280188
0.000848632
-0.00603755
0.00327343
-0.00130686
-0.00140544
0.00484863
-0.00424995
0.00280188
0.000532575
-0.00640544
0.0030092
-0.00241052
-0.00093389
0.00111286
-0.00461783
0.004434
0.00195229
-0.00619304
0.00642892
-0.00335869
-0.00172149
0.00353258
-0.00498572
0.00416977
0.00148075
-0.00372149
0.00406103
