3.11646
0.00589514
0.00149903
-0.00349081
0.00455086
-0.00754772
0.00029679
0.00291874
-0.00738715
0.00445228
0.00186691
-0.00512293
0.00439537
-0.00312801
3.25624e-05
0.00181508
-0.00501927
0.00355594
-0.000920688
-0.00280687
0.00581508
-0.00481195
-1.92671e-05
0.00286691
-0.00538715
0.00487199
-0.000184915
-0.0038587
0.0074472
-0.00149589
0.00366468
0.00618297
-0.00201927
0.00560777
-0.000920688
-0.00249081
0.00713114
-0.00344406
0.000612847
0.0042348
-0.0050711
0.00429171
-0.00228857
-0.00280687
0.00486691
-0.00654772
0.000664676
0.00318297
-0.00565138
0.00218805
-0.00186886
-0.00391053
0.00881508
-0.00276012
0.000928903
0.00618297
-0.00265138
0.00455594
7.9312e-05
-0.00180687
0.00618297
-0.00644406
-0.00143898
0.0042348
-0.00696744
0.00113622
0.000395369
-0.0020711
0.00507931
-0.00407618
-0.0010711
0.0032348
-0.00638715
0.00292382
-0.00386886
-0.00654264
0.00576326
-0.00312801
0.00129679
0.00455086
-0.00470321
0.00423988
-0.00186886
-0.0048587
0.00549903
-0.00517984
0.000664676
0.00286691
-0.00570321
0.00355594
-0.0015528
-0.00512293
0.00597565
-0.000340404
-0.00101927
0.00186691
-0.00512293
0.00534354
-0.00297252
-0.00280687
0.00613114
-0.00254772
0.00245228
0.000815085
-0.00570321
0.00513622
0.00186691
-0.00417476
0.00581508
-0.00449589
0.00256102
0.0060224
-0.00649081
0.00597565
-0.00160463
-0.00343898
0.00507931
-0.00249589
0.00203256
0.0022348
-0.00675504
0.00455594
-0.000236745
-0.00312293
0.00513114
-0.00576012
-0.00143898
0.00455086
-0.00533532
0.00255594
