3.46835
0.00576737
-0.0020606
-0.00126284
0.00746277
-0.00368763
0.00399631
0.00404306
-0.00273946
0.0041518
-0.00132483
-0.00389495
0.00535912
-0.00168763
0.00504814
0.00241094
-0.00573946
0.00083574
-0.00311243
-0.00152707
0.005727
-0.0036358
0.00104814
-0.000640885
-0.00547524
0.00383574
-0.00200877
-0.00263072
0.00714672
-0.00373946
0.00504814
0.00304306
-0.00279129
0.00551968
0.000571513
0.00147293
0.00683066
-0.00537158
0.0023642
0.000727002
-0.00484312
0.00488757
-0.00111243
-0.00015918
0.00446277
-0.00605552
0.00268025
0.000462774
-0.00594678
0.0069394
-0.00237666
-0.00321101
0.004727
-0.00400369
0.00331237
0.003727
-0.00184312
0.00757151
-6.06005e-05
-0.00147524
0.00467517
-0.00326792
0.00162842
0.00114672
-0.00752707
0.00351968
-0.00300877
-0.00489495
0.00309489
-0.0076358
-0.000739464
0.00109489
-0.00584312
0.00420363
-0.0020606
-0.00315918
0.002727
-0.00505552
0.00304814
0.000727002
-0.00389495
0.00567517
-0.00479637
-0.00284312
0.00404306
-0.0046358
0.00162842
0.00177883
-0.00679129
0.00088757
-0.00479637
-0.00189495
0.00609489
-0.00526792
0.000260536
0.000514604
-0.00763072
0.0059394
-0.00242849
-0.00184312
0.00377883
-0.00542341
0.00404814
0.00109489
-0.00615918
0.00257151
-0.00442849
-0.00226284
0.00709489
-0.00395186
0.00194448
0.00214672
-0.00684312
0.00257151
-0.00442849
-0.00352707
0.00341094
-0.00600369
0.00226054
0.00377883
-0.00415918
0.00425546
-0.00342849
-0.00252707
0.00535912
-0.00295186
0.00168025
-0.000537226
-0.00726284
0.00557151
