-0.703783
0.0063974
-0.00341843
0.00520352
-0.00542351
0.000949453
0.00567507
-0.00568266
0.00431226
-0.0012162
-0.00210238
0.00657141
-0.00573957
-0.00226294
0.000203521
-0.00568266
0.00368015
-0.00353225
-0.00478632
0.00583563
-0.00531985
-0.0033666
0.00162324
-0.00894689
0.00178888
0.00188746
-0.0043666
0.00346775
-0.00410746
0.000737055
0.00193929
-0.00605055
0.0049962
-0.00184831
-0.00410238
0.00425535
-0.00842351
-0.00173449
0.00462324
-0.00373449
0.00704803
-0.0012162
-0.00399872
0.00025535
-0.0102111
-0.000314774
0.00199112
-0.00710238
0.00662832
0.000519577
-0.00373449
0.00515169
-0.00373957
0.0016334
0.00599112
-0.00689506
0.000208601
-0.000900138
-0.00110238
0.00883563
-0.00263591
-0.00105055
0.00525535
-0.004579
0.00447283
0.00262324
-0.00383815
0.00883563
-0.00295197
-0.00268266
0.00257141
-0.00563083
0.0042086
0.00120352
-0.00278632
0.00720352
-0.00373957
0.00194945
0.00699112
-0.00431477
0.0062086
0.00193929
-0.00478632
0.00646775
-0.00173957
0.001421
0.00288746
-0.00399872
0.00531226
-0.000848309
-0.00405055
0.00446775
-0.00531985
-0.00178632
0.00757141
-0.00126294
0.00594437
0.00209986
0.000317339
0.00715169
-0.00268774
-0.00126294
0.000887464
-0.00726294
0.00215677
0.00025535
-0.00515421
0.00651958
-0.00405563
0.000317339
0.00493929
-0.00431477
0.00431226
-0.00311254
-0.00810238
0.00246775
-0.00415929
0.00368523
0.00725535
-0.000998717
0.00768015
0.000467748
-0.00110238
0.00725535
-0.00605563
-0.00105055
0.00430718
-0.00568266
0.00431226
-0.00153225
