2.31213
0.00593585
0.00261594
-0.00742573
0.00425313
-0.00122349
-0.00379362
0.00482834
-0.00611475
0.000522442
0.00888017
-0.00348264
-0.000850524
-0.00127532
-0.00210967
0.0061444
-0.00443081
-0.000689956
0.00256411
-0.00605784
0.00488525
0.000776509
-0.00210967
0.00582834
-0.00543081
-0.0013739
0.00319623
-0.00532207
0.00320131
-0.000855604
-0.00384544
0.0071444
-0.00374687
-0.000689956
0.00288017
-0.00474179
0.00593708
-0.00243589
-0.00884544
0.00182834
-0.00753447
-6.01292e-06
0.00319623
-0.00405784
0.00498891
-0.00195926
-0.00274179
0.00382834
-0.00648264
-5.78424e-05
0.00582834
-0.0025863
0.00351736
0.000776509
-0.0033739
0.00372468
-0.00437898
-0.00142573
0.00488017
-0.00463813
0.00478159
0.00319623
-0.00310967
0.00640862
-0.00237898
0.000890328
0.00598383
-0.0063739
0.00451736
0.0011444
-0.00374179
0.00472468
-0.00243081
0.00067793
0.00319623
-0.00500601
0.00388525
-0.00117166
-0.0051615
0.00609257
-0.00243081
0.0016261
0.00556411
-0.00368996
0.00462102
-0.00127532
-0.00274179
0.00540862
-0.00274687
-6.01292e-06
0.00256411
-0.00510967
0.00756919
0.00151228
-0.00442573
0.00440862
-0.00406292
-0.000425729
0.004932
-0.0053739
0.00456919
9.25662e-05
-0.000845445
0.00982834
-0.00206292
0.000942158
0.00556411
-0.00400601
0.00488525
0.000460452
-0.00279362
0.0061444
-0.00379869
0.00131004
0.00519623
-0.00332207
0.00362102
-0.00227532
-0.00152939
0.00919623
-0.00311475
4.58166e-05
0.00182834
-0.0043739
0.00462102
-0.00222349
-0.00447756
0.00672468
-0.00169504
-0.000373899
