3.36781
0.00606744
-0.0020069
0.000578465
0.00693619
-0.00489816
0.00310184
0.0025683
-0.00505365
0.00530916
-0.0012193
-0.00342154
0.00451648
-0.0057945
0.000314237
0.00362013
-0.00447336
0.00772887
-0.000639013
-0.00163393
0.00214859
-0.00521422
0.00368212
0.00403985
-0.00873759
0.00325733
-0.000271127
-0.000421535
0.00593619
-0.00621422
0.00205001
0.00325225
-0.00410548
0.00704493
-0.00127113
-0.00110548
0.00625225
-0.00553027
0.00236607
0.00362013
-0.00573759
0.00372887
-0.00432296
-0.00178942
0.00562013
-0.0065821
0.00178578
0.00151648
-0.00531788
0.00262521
-0.0032193
-0.00478942
0.00514859
-0.00442662
-0.000633933
0.00251648
-0.00368576
0.00404493
-0.00427113
-0.00473759
0.00283253
-0.00553027
0.0014179
0.000936191
-0.00615731
0.00830916
0.00114859
-0.00242154
0.00583253
-0.00284633
0.0034179
0.00262013
-0.00736971
0.00325733
-0.00153535
-0.00442154
0.00509676
-0.00116239
0.00473395
0.00493619
-0.00563393
0.00225733
-0.0022193
-0.00378942
0.00425225
-0.00689816
0.00236607
0.00362013
-0.00700182
0.00352156
-0.000115638
-0.00515731
0.0067807
-0.00205873
5.00099e-05
0.000620134
-0.00684125
0.00736099
-0.000587184
-0.00110548
0.0065683
-0.00389816
0.00346973
0.00125225
-0.00736971
0.00325733
4.493e-05
-0.000369706
0.00614859
-0.0027945
0.00110184
0.000568305
-0.00642154
0.00404493
-0.00363901
-0.00242154
0.00488436
-0.0045821
0.0044179
0.00330408
-0.00547336
0.00672887
-0.00227113
-0.00178942
0.00751648
-0.0027945
0.00110184
0.000568305
-0.00705365
0.00267704
