-0.201078
0.00653235
-0.00281536
0.00185842
-0.00813142
0.0040759
0.00175476
-0.00381536
0.00401899
-0.0051365
-0.00181536
0.00285842
-0.00839565
0.0010759
1.89889e-05
-0.00281536
0.00596716
-0.00145256
0.000236467
0.00285842
-0.00839565
0.0010759
0.000335046
-0.00244748
0.00401899
-0.0051365
-0.00307959
0.000754762
-0.00639565
0.00181167
-0.00198101
-0.00449931
0.00401899
-0.00576861
-0.00349931
0.00217448
-0.00839565
0.00170801
-0.000193409
-0.00686719
0.00270293
-0.00587227
-0.000763533
0.00185842
-0.00781536
0.00254744
-0.0033489
-0.00544748
0.000702932
-0.0069241
0.00118464
0.00617448
-0.00407959
0.00481167
-0.000877352
-0.00781536
0.000967159
-0.00550439
-0.000499306
0.00580659
-0.00497593
0.00297224
0.0044387
-0.00149931
0.00859927
0.00128322
0.00118464
0.00617448
-0.00439565
0.00570801
0.00380659
-0.00255114
0.00707082
-0.00255622
0.000708012
0.000386875
-0.00602776
0.00523647
0.00817448
-0.00113142
0.0066511
-0.00176861
0.000184637
0.00612265
-0.00302776
0.00475984
0.00207082
-0.00186719
0.00959927
0.000702932
-0.00123508
0.00654236
-0.00665987
0.00165618
0.00307082
-0.000867192
0.00996716
0.00128322
0.00181675
0.00627814
-0.00713142
0.0072883
0.00880659
0.000236467
0.00696716
-0.000452556
0.00123647
0.00512265
-0.00434382
0.00434013
0.0044387
-0.00118325
0.00770293
-0.00182044
0.00218464
0.00685842
-0.00407959
0.0060759
0.00280659
-0.00323508
0.0086511
0.000547444
0.00223647
0.00549053
-0.0047117
0.00502407
0.00285842
-0.00523508
0.00696716
-0.00140073
