3.51861
0.049488
-0.006083
-0.0117001
0.034539
-0.0584667
0.0102276
0.00669953
-0.0394358
0.057606
-0.00224357
-0.0220887
0.0380259
-0.0501972
0.00789586
0.0272333
-0.0384358
0.0553418
-0.00406227
-0.0107208
0.0394975
-0.0543631
0.0123881
0.0211296
-0.0383529
0.0496268
-0.00277731
-0.00765861
0.0361711
-0.0586895
0.00510318
0.0107617
-0.0388245
0.0544662
-0.0124923
-0.00972081
0.0382125
-0.0548139
0.015554
0.0113938
-0.0354773
0.0548341
-0.0203887
-0.0238037
0.0374353
-0.0474253
0.0214711
0.0221296
-0.0468192
0.0438235
0.0176373
-0.0224358
0.0357617
-0.0572387
0.0055487
0.025254
-0.0408037
0.0560154
-0.00177731
-0.00600577
0.0355804
-0.0591818
0.0132483
0.00541457
-0.0441302
0.0539739
-0.00336796
-0.0123944
0.0345804
-0.0618139
0.00888041
0.00474099
-0.0376017
0.0592849
-0.0107411
0.00942431
0.0357048
-0.0600834
0.0156629
-0.0185493
-0.0319489
0.050943
-0.0360521
0.0131186
0.0370312
-0.0580834
0.0202743
-0.0124663
-0.033296
0.0538808
-0.02542
0.0202637
0.0336219
-0.0501663
0.0346422
-0.0053834
-0.05127
0.0371137
0.00907757
0.0098544
0.038456
-0.0562594
0.00528448
0.0221711
-0.0397208
0.0532589
-0.00165292
-0.0163737
0.0331503
-0.0590367
0.00479749
0.00939383
-0.0361716
0.0565077
-0.0102489
-0.00133219
0.036969
-0.0622025
0.0145333
0.00978245
-0.0483529
0.0461552
0.00102066
-0.0133944
0.0365182
-0.0570781
0.0124296
0.0158239
-0.0401509
0.0544247
