4.17217
0.0475212
-0.0300657
0.0236233
0.0240591
-0.0487084
0.0238827
-0.0310137
-0.0209364
0.0503802
-0.0291848
0.0153745
0.0351628
-0.0542368
0.0234888
-0.00900837
-0.0286722
0.046116
-0.0320242
0.0215404
0.0297327
-0.0489311
0.0233282
-0.0181742
-0.0226515
0.0507689
-0.0260242
0.0265611
0.0304477
-0.0516255
0.0203904
-0.0248893
-0.0236722
0.0491575
-0.0330242
0.0205404
0.0280798
-0.0480141
0.0271054
-0.0245214
-0.0256929
0.0475254
-0.045532
0.00233308
0.0291006
-0.047382
0.0366546
-0.0136405
-0.0369986
0.0550693
-0.00430391
0.0180689
0.0338571
-0.0526877
0.0296339
-0.0147234
-0.0273872
0.0481989
-0.0301901
0.0323591
0.0260591
-0.0447498
0.028292
-0.0330344
-0.0209364
0.0445046
-0.033475
0.0266441
0.0240798
-0.048097
0.0259656
-0.0327702
-0.0162214
0.0373233
-0.0385011
0.0439136
0.0216083
-0.0341592
0.0273595
-0.0501848
-0.00660472
0.0209554
-0.0462783
0.0436493
0.0175461
-0.0311799
0.0320331
-0.049449
-0.00738196
0.0280176
-0.0420141
0.0455095
0.0119709
-0.017097
0.0393388
-0.0469568
-0.0154856
0.041116
-0.0203767
0.052525
0.028427
-0.0516255
0.0259396
-0.0157234
-0.0287137
0.0520746
-0.0262677
0.0201725
0.0287949
-0.0520141
0.0217998
-0.027625
-0.0213043
0.0452197
-0.0338844
0.029727
0.0223441
-0.0444027
0.0312091
-0.0282364
-0.0269779
0.047401
-0.0283092
0.020214
0.0267534
-0.0503405
0.0263904
-0.0211742
-0.0266307
0.0421575
