3.36781
0.0512294
0.00138761
-0.010701
0.0369888
-0.061447
0.0122266
0.00982297
-0.044701
0.05489
0.000879884
-0.026701
0.0340457
-0.0537681
0.00385345
0.0309681
-0.0373746
0.0579937
-0.000244507
-0.0173331
0.0358022
-0.0555453
0.00501931
0.0195587
-0.041701
0.0546258
0.00204045
-0.010986
0.0368852
-0.0589547
0.00510224
0.0128644
-0.0391726
0.0608331
-0.00869532
-0.012701
0.0372738
-0.0587319
0.010553
0.0091494
-0.0394783
0.0578331
-0.0162652
-0.0257839
0.0384758
-0.0479961
0.0204287
0.0249474
-0.0511673
0.0474961
0.016538
-0.0387839
0.0369006
-0.04754
-0.00398598
0.0363774
-0.0436181
0.0537657
0.0115535
-0.016701
0.0368644
-0.0579339
0.00769289
0.0199266
-0.0473124
0.0511335
0.00424777
-0.0244161
0.0338644
-0.0612604
0.00499858
0.0199266
-0.0394783
0.0597917
-0.00308394
-0.00463882
0.0350303
-0.0618978
0.0150661
0.000719315
-0.0339083
0.0601026
-0.0226384
-0.00361809
0.0359888
-0.0588563
0.0176567
0.00549655
-0.0382762
0.0594291
-0.0170892
0.00946484
0.0360925
-0.0603693
0.0307189
0.00988517
-0.0601673
0.0352319
0.0187555
-0.00518801
0.0416364
-0.0488872
-0.00659736
0.0349059
-0.038473
0.049662
0.00971932
-0.0327425
0.0340043
-0.0527059
-0.00179939
0.0246209
-0.0430274
0.0532787
-0.00187662
-0.0190689
0.0342738
-0.0653226
0.00895711
0.0272738
-0.0462087
0.048662
0.0116571
-0.0253953
0.0354344
-0.056136
0.00224207
0.0256002
-0.0426388
0.0512165
