4.02133
0.0517378
-0.0284403
0.0165491
0.0302752
-0.0509639
0.0276065
-0.0284297
-0.0282334
0.0521248
-0.029948
0.00770972
0.0359902
-0.0597565
0.0214561
-0.00407727
-0.0330106
0.0555134
-0.0247667
0.0192227
0.0306431
-0.0572281
0.0247256
-0.0179374
-0.0302956
0.053187
-0.0238496
0.0262642
0.0333166
-0.0568602
0.0207463
-0.0216525
-0.0292956
0.0492906
-0.0368704
0.0178756
0.0309695
-0.0519846
0.0308914
-0.0249996
-0.0299899
0.051617
-0.0430102
0.00168899
0.0326431
-0.051311
0.0393784
-0.010098
-0.0409277
0.0564874
-0.0132484
-0.00312971
0.0406845
-0.0616736
0.0199431
0.00441501
-0.0387049
0.0587154
-0.0156216
0.0210776
0.040441
-0.0595752
0.0253577
-0.0168752
-0.0346427
0.0567154
-0.0208858
0.0100569
0.0343788
-0.0602281
0.0253162
-0.0135281
-0.0303578
0.0533114
-0.0289948
0.0329792
0.0343374
-0.0483939
0.0291609
-0.038637
-0.0192126
0.0414979
-0.04757
0.0343886
0.0296431
-0.0490883
0.0318138
-0.0375748
-0.0216013
0.0435187
-0.0423472
0.0415752
0.0248451
-0.0397826
0.0441402
-0.0320826
-0.0348655
0.0496325
-0.00650247
0.0386735
0.0383166
-0.0606736
0.0176788
-0.000994339
-0.0373578
0.0603475
-0.0184557
0.00599468
0.0370317
-0.0614509
0.0182126
-0.0115073
-0.031337
0.0548813
-0.0268082
0.022202
0.0333581
-0.0562903
0.0317256
-0.0151809
-0.0376013
0.0546118
-0.0158236
0.0100361
0.0363788
-0.0608395
0.0235597
-0.0104452
-0.0360106
0.0531662
