1.65787
0.0514281
0.0345073
-0.0491614
9.22429e-05
0.0257975
-0.0427472
0.0543101
0.00816014
-0.0287887
0.0426057
-0.0377468
-0.0158508
0.0381032
-0.0421098
0.0422841
0.0229996
-0.029483
0.0354658
-0.0470992
9.31572e-06
0.0347768
-0.0389285
0.0521235
0.0192638
-0.0277887
0.0321809
-0.0564049
-0.0093793
0.0317561
-0.0382964
0.0509008
0.0124866
-0.022483
0.0411601
-0.0460578
-0.00494922
0.025124
-0.0440529
0.0506366
0.00940363
-0.0194415
0.0476679
-0.0331976
-0.00670573
0.0314711
-0.0478663
0.0446313
0.0194296
-0.0450943
0.0288284
-0.0410732
-0.0165866
0.0405126
-0.0451513
0.0419784
0.0186939
-0.0325659
0.0326317
-0.0625086
-0.00635857
0.0285126
-0.0434415
0.0563101
0.00656949
-0.0315866
0.0398752
-0.0504256
-0.00399068
0.0262069
-0.0468094
0.0550044
0.0113829
-0.0121773
0.0381654
-0.062146
0.00438249
0.00571461
-0.0426695
0.0571134
-0.00774678
0.00631501
0.0401862
-0.0608403
0.00968818
0.0117561
-0.040996
0.0623569
-0.000928077
-5.28797e-05
0.0349012
-0.063659
0.0112427
-0.00171547
-0.0465452
0.0584138
-0.00240978
-0.0435659
0.0222845
-0.0721614
-0.0111565
0.0401032
-0.0407626
0.0448955
0.0257768
-0.0361773
0.0379943
-0.0428504
-0.0131358
0.0361032
-0.0382342
0.0491443
0.0155695
-0.0268301
0.0378337
-0.0471199
-0.00190776
0.0244504
-0.0466643
0.0527557
0.0183675
-0.0378094
0.0333207
-0.0452183
-0.0111565
0.0384711
-0.0411927
0.0476935
0.0206731
-0.0311773
