1.05571
0.0489042
0.0267911
-0.0252658
-0.0223337
0.0442318
-0.0352816
0.0340241
0.0237655
-0.0543906
0.0312574
-0.0149755
-0.0351109
0.0507188
-0.0282556
0.0174489
0.0294598
-0.0487792
0.0318119
-0.0229186
-0.0229658
0.0451281
-0.0311365
0.0295732
0.0284806
-0.0507999
0.0275684
-0.0329808
-0.0256601
0.0444753
-0.0295459
0.0336769
0.0263976
-0.0434942
0.037242
-0.0256129
-0.0226394
0.0415582
-0.0369552
0.0320448
0.0246619
-0.041432
0.0436875
-0.00805845
-0.0250072
0.0415789
-0.0458101
0.0217753
0.0318485
-0.060919
0.0217029
-0.0068926
-0.0354373
0.0536359
-0.0241105
0.0126716
0.0338277
-0.0523491
0.0224025
-0.0272036
-0.0273959
0.0494753
-0.0281365
0.0306147
0.0261334
-0.0560434
0.0262989
-0.0190792
-0.0281316
0.0522111
-0.0305044
0.0316147
0.0281127
-0.0471471
0.0273456
-0.0384316
-0.0203129
0.0399883
-0.0358776
0.0456407
0.0188639
-0.030515
0.0408172
-0.0364731
-0.0156186
0.0413355
-0.0375097
0.043905
0.0199468
-0.0339243
0.0376359
-0.0433747
-0.00810561
0.0316619
-0.0481418
0.0367598
0.0243355
-0.0483076
0.0135891
-0.0466959
-0.0313959
0.0546151
-0.0220898
0.0126716
0.0338277
-0.0549605
0.024848
-0.0107113
-0.0273751
0.0513924
-0.0249914
0.0232054
0.0277655
-0.0490849
0.0297911
-0.023245
-0.0223337
0.047496
-0.034095
0.0251846
0.0307863
-0.0555926
0.020848
-0.0130792
-0.027028
0.0516981
-0.025582
0.0201017
0.0315013
-0.053717
