1.96016
0.0512919
0.0425548
-0.052798
0.0135906
0.00604183
-0.0358915
0.0595443
-0.0148444
-0.0117049
0.0417154
-0.0511606
0.00387027
0.0239227
-0.0460728
0.0531504
0.00703654
-0.0107049
0.0381455
-0.0517566
0.0171191
0.0165134
-0.0441143
0.0558861
0.00401581
-0.0113785
0.0358605
-0.0594094
0.00909832
0.0124719
-0.0398708
0.0590935
-0.00188582
0.00105157
0.0388605
-0.0567358
0.00881337
0.00943045
-0.0398501
0.0557878
-0.00592728
-0.000254116
0.0433475
-0.0419171
0.0137097
0.0205134
-0.0427257
0.0561296
0.00257028
-0.0298086
0.0350211
-0.055487
0.000828811
0.0239435
-0.0467671
0.0538447
0.00405727
-0.0124407
0.0359642
-0.0641866
0.0124869
0.00786053
-0.0433423
0.0628914
-0.016435
-0.016135
0.0372491
-0.060798
0.0117926
0.0118191
-0.0399122
0.0581971
-0.00701021
0.00674588
0.0343528
-0.0620468
0.0145544
-0.0154297
-0.0386688
0.0525288
-0.0228135
0.0259739
0.0326585
-0.0597411
0.0211865
-0.00673541
-0.0329952
0.060793
-0.0163005
0.0185646
0.0300471
-0.0605598
0.0208239
-0.0259635
-0.0335858
0.0596479
-0.0287614
-0.0261972
0.0293321
-0.0771244
0.00523816
0.0232284
-0.0447257
0.056741
0.0115081
-0.0167671
0.0391248
-0.0572435
0.00293247
0.0198605
-0.0398293
0.0583577
-0.000455736
-0.0036842
0.038902
-0.0548602
0.0162849
0.00310402
-0.0452179
0.0603162
-0.00424842
-0.0231143
0.0347776
-0.0569793
0.00634182
0.0165134
-0.0424822
0.0586012
0.00234223
-0.0107464
