2.7143
0.0492656
0.0258577
-0.048055
0.0257849
-0.037096
-0.013485
0.042039
-0.0405574
0.032769
0.0228784
-0.0589306
0.021391
-0.0194171
-0.0242623
0.0498731
-0.0237387
0.0337898
0.0251426
-0.0447078
0.0336605
-0.027868
-0.0209359
0.0509353
-0.0290651
0.0307276
0.0261841
-0.0490135
0.0269869
-0.0312566
-0.0195887
0.0470182
-0.0319253
0.0388934
0.0217747
-0.0447078
0.0303963
-0.033298
-0.0195472
0.0433446
-0.0349253
0.0352406
0.017754
-0.0480135
0.0332097
-0.0175208
-0.0142208
0.0571788
-0.0297334
0.0147015
0.0386556
-0.0581741
0.0222044
-0.0102098
-0.0316716
0.0528109
-0.0235521
0.0259089
0.0335727
-0.0479928
0.0305568
-0.0234793
-0.0219359
0.0473239
-0.0410029
0.0212146
0.0315727
-0.0499928
0.0282304
-0.0251736
-0.0199566
0.0506711
-0.0288838
0.0385463
0.0224483
-0.0407907
0.0290129
-0.047609
-0.0107285
0.0317955
-0.0380135
0.0546345
0.00822026
-0.0334436
0.0340337
-0.044609
-0.00740211
0.0367747
-0.0362363
0.0488987
0.0105259
-0.0277907
0.0296089
-0.060205
0.000965777
0.0437333
-0.053635
0.0107637
0.0364898
-0.0428684
0.0300853
-0.0179871
-0.0293245
0.0557694
-0.0198163
0.0235617
0.0325727
-0.0535627
0.023391
-0.0203549
-0.0273452
0.0499768
-0.0317802
0.033054
0.0265727
-0.04977
0.0274792
-0.0413602
-0.0186094
0.0539353
-0.03292
0.0218674
0.032267
-0.0542777
0.0244532
-0.0217643
-0.0226509
0.0545881
-0.0256972
0.0307276
