2.1613
0.0486283
0.0357903
-0.0518113
0.0191578
-0.0116658
-0.0309825
0.0529248
-0.0213292
0.0093285
0.0394224
-0.0562361
0.0127017
0.0136037
-0.0358996
0.0529818
-0.00314263
0.00900208
0.0367903
-0.0524435
0.0236448
0.00184721
-0.0349825
0.0580647
-0.00646906
0.00467565
0.033096
-0.0550756
0.0182976
-0.00149995
-0.0356768
0.0545155
-0.0116764
0.0154322
0.0360753
-0.0500756
0.017422
-0.00862434
-0.0316561
0.0525984
-0.0177593
0.0171057
0.0403395
-0.0452776
0.0192147
0.00619436
-0.0349203
0.0576139
-0.00917881
-0.0158788
0.0360545
-0.0611325
0.00455655
0.0153602
-0.0415939
0.0535724
-0.00297678
-0.00210158
0.0321996
-0.064117
0.0142769
-0.00252068
-0.0340239
0.0552305
-0.0212256
0.00161346
0.0347903
-0.0590134
0.0118883
-0.000826372
-0.0350239
0.0535777
-0.0157386
0.0161265
0.0288525
-0.0586093
0.0169972
-0.0238109
-0.0276768
0.0452151
-0.0302361
0.037396
0.0264639
-0.0539772
0.0240179
-0.0210959
-0.0293504
0.0500907
-0.0233552
0.0279659
0.0274431
-0.047713
0.023961
-0.0360182
-0.0232674
0.0523342
-0.0384691
-0.0158996
0.0321789
-0.0657077
0.0144167
0.00929802
-0.0419203
0.0561631
0.00343257
-0.00310158
0.0374017
-0.0575418
0.0077224
0.00758298
-0.0346768
0.0584533
-0.00983694
0.00500208
0.0327903
-0.056117
0.0160748
-0.00993003
-0.0369617
0.0573289
-0.00928247
-0.00979589
0.0340545
-0.0569304
0.00980533
0.00288867
-0.0386353
0.0537175
-0.0101219
0.00163419
