-1.15628
0.0518673
-0.0448713
0.04958
-0.00623344
-0.00744117
0.0344922
-0.06127
0.0144035
0.0123678
-0.0477676
0.0502897
0.00677184
-0.0235241
0.0346527
-0.0573269
-0.00141515
0.0107149
-0.0442391
0.0516214
-0.00888629
-0.0114412
0.0337564
-0.0627778
0.00327915
0.0133678
-0.0395863
0.0582743
-0.00284482
-0.00944117
0.0337979
-0.0618814
0.00677143
0.00463201
-0.0432184
0.0519271
-0.00425417
-0.00442044
0.0354922
-0.0596172
0.0112015
0.000284852
-0.0514412
0.0414141
-0.00345621
-0.0134826
0.0383678
-0.0599591
0.00433606
0.0351657
-0.046581
0.0479787
0.0200828
-0.0392184
0.0347096
-0.0463217
-0.00709402
0.0315336
-0.0418298
0.0586991
0.00777184
-0.0205656
0.0374092
-0.0620213
0.00670395
0.0328601
-0.0437469
0.053269
0.0120983
-0.0185034
0.0350414
-0.0613477
-0.00047735
0.0147771
-0.0426485
0.0599686
7.22485e-05
0.000253136
0.0368808
-0.0606794
0.0103259
-0.00879807
-0.04069
0.0617251
-0.00529564
-0.00011475
0.0382487
-0.0626794
0.012243
-0.0020623
-0.038405
0.0595853
-0.014218
0.00968322
0.0388393
-0.06284
0.0180926
0.0362487
-0.0346485
0.0754763
0.00854908
-0.0335034
0.0317926
-0.0563424
-0.0137883
0.0291657
-0.0483375
0.0500824
0.0186113
-0.0272184
0.0362641
-0.0532647
0.00213403
0.0227771
-0.0437883
0.0494348
0.00189095
-0.0117676
0.0369999
-0.0589383
0.00398891
0.0364922
-0.0422961
0.0481653
0.0118755
-0.0291769
0.0332019
-0.0532026
5.11045e-05
0.0268186
