-0.150808
0.0500428
-0.0074364
-0.00460266
0.0366778
-0.0568409
0.0157965
-0.00126525
-0.0394421
0.0585014
-0.00865916
-0.0149705
0.037512
-0.053877
0.0080762
0.0199213
-0.0380742
0.0558486
-0.00808924
-0.00529697
0.0399835
-0.0573693
0.0109364
0.00816483
-0.0394421
0.0568693
-0.00615144
-0.00121404
0.0369628
-0.0590222
0.00728352
0.00512336
-0.0371364
0.0566465
-0.0151929
-0.00490835
0.0359628
-0.0551258
0.0147551
0.0010819
-0.0355043
0.0590352
-0.0227628
-0.0160327
0.0385949
-0.0487994
0.0276307
0.0185742
-0.0468876
0.0516982
0.012714
-0.0250742
0.0381648
-0.0567734
0.00388962
0.029025
-0.042012
0.0556412
0.00505588
-0.00760266
0.0366156
-0.0593279
0.00917986
0.0119006
-0.0460327
0.0536412
0.000118077
-0.015012
0.0346571
-0.0633693
0.00852702
0.0099006
-0.0401986
0.0586673
-0.0116022
0.00478596
0.0364343
-0.0599653
0.0156567
-0.0137368
-0.0315872
0.0563461
-0.0332396
0.0111538
0.0374758
-0.0610067
0.0189831
-0.0123482
-0.0346079
0.055999
-0.0273433
0.0199725
0.0327815
-0.0558254
0.0357189
-0.00495956
-0.0525197
0.0361697
0.00982783
0.0102575
0.0392063
-0.0565092
0.00534043
0.0222892
-0.0426649
0.0546205
0.000833118
-0.019012
0.0355534
-0.0579185
0.00415913
0.0121648
-0.0370742
0.0542372
-0.0124779
-0.00462339
0.03574
-0.0635144
0.0159986
0.0068384
-0.0466649
0.0506205
9.73456e-05
-0.0143177
0.0352685
-0.0590014
0.00952702
0.0131856
-0.0374214
0.0549108
