4.02133
0.0494151
-0.0332919
0.019537
0.0285065
-0.0510175
0.0248793
-0.0302191
-0.0266134
0.0503976
-0.0291053
0.0114126
0.0331594
-0.0544837
0.0221175
-0.00688738
-0.0326756
0.0481126
-0.0299032
0.0168842
0.0258122
-0.0536288
0.0250399
-0.0204004
-0.0276963
0.0541334
-0.0242711
0.0255577
0.0318537
-0.0539138
0.0180813
-0.026504
-0.0253284
0.0498691
-0.0339654
0.0205163
0.0315065
-0.0486703
0.0291435
-0.0241154
-0.028002
0.048522
-0.0431053
0.00132969
0.0308329
-0.0480175
0.0399569
-0.00686665
-0.0356549
0.0597602
-0.0113227
-0.0047947
0.0358537
-0.057748
0.0219102
0.00527848
-0.0347171
0.0576203
-0.0143695
0.0181069
0.0329159
-0.0569553
0.0233248
-0.0190325
-0.031002
0.0543354
-0.0223695
0.0133712
0.0345895
-0.0556288
0.0236927
-0.0207268
-0.0280435
0.0499106
-0.0307841
0.0323142
0.0318122
-0.0437118
0.0263923
-0.0380585
-0.0195719
0.039035
-0.0466028
0.0316407
0.0301801
-0.0464268
0.0293716
-0.0350171
-0.0189398
0.0433614
-0.0373593
0.0401744
0.0253821
-0.0367947
0.0420451
-0.0298719
-0.0325097
0.0438638
-0.00827112
0.0382935
0.0368744
-0.0603801
0.0142781
-0.00213087
-0.0353699
0.0556203
-0.0189809
0.0116976
0.035548
-0.0568309
0.0181797
-0.0136232
-0.0307171
0.0531334
-0.0285353
0.017822
0.0318329
-0.0506081
0.0289777
-0.0156232
-0.0356549
0.054211
-0.0159187
0.00869757
0.0332008
-0.0568516
0.021159
-0.00992884
-0.0303699
0.0537655
