-1.00543
0.0496741
-0.0410986
0.0527466
-0.0153002
0.00494819
0.0300836
-0.0608652
0.0201815
0.0021612
-0.0433006
0.0524356
-0.00325343
-0.0112384
0.0373063
-0.0585335
-2.5796e-05
0.00444616
-0.0356477
0.0513165
-0.0148079
-0.00580832
0.0310214
-0.0623522
0.0106478
0.0092234
-0.0380571
0.0572958
-0.00778717
-0.00113474
0.0330628
-0.0604351
0.0118344
-0.00320668
-0.0420364
0.052275
-0.00784937
0.00225388
0.0330214
-0.057088
0.0128551
-0.00355384
-0.0475648
0.0404563
-0.0110514
-0.00754409
0.0370006
-0.0608807
0.010399
0.0270214
-0.0359949
0.0591714
-0.00260059
-0.0102177
0.0353271
-0.0573108
0.0109949
0.00789698
-0.0367929
0.0607258
-0.00954368
0.00521241
0.0344722
-0.0612124
0.0228136
0.0052234
-0.040425
0.0556844
-0.0115229
0.00186526
0.0337779
-0.0608445
0.00936811
-0.017699
-0.0348343
0.0562803
-0.017264
0.0228083
0.0284307
-0.0530933
0.0217827
-0.0323156
-0.025425
0.0553425
-0.0226319
0.0214612
0.0284307
-0.0547254
0.0197205
-0.0292949
-0.0263835
0.0444669
-0.0306164
0.0349949
0.0247157
-0.0563368
0.0407929
0.0206535
-0.0314872
0.0674201
-0.0110929
-0.0064819
0.0339592
-0.0575957
0.0069742
0.00687624
-0.0397099
0.0562543
-0.00609287
-0.00180832
0.0317571
-0.0624766
0.0108966
-0.00531034
-0.0327307
0.051871
-0.0194868
0.0153575
0.0314514
-0.0644973
0.0190571
0.00891771
-0.0404043
0.0553165
-0.00852295
0.00323315
0.0343893
-0.0587616
0.0108758
-0.00526888
