0.301617
0.04959
0.00746965
0.0213355
-0.0382921
0.0568327
3.99766e-05
-0.0048206
0.0402733
-0.0567064
0.00301883
0.0289884
-0.0416962
0.0457859
0.00808673
-0.0295771
0.0285168
-0.0577478
0.00210176
0.0206412
-0.0421678
0.0512782
0.00624729
-0.019147
0.0314753
-0.0517271
0.00251111
0.0162526
-0.0405149
0.0529725
0.00687941
-0.0141678
0.0319469
-0.0588515
0.00783753
0.0196412
-0.0405564
0.0507705
-0.00191856
-0.0101678
0.0339884
-0.0579137
0.0171225
0.0290713
-0.0431678
0.0444026
-0.0104677
-0.0282092
0.0389209
-0.0455767
-0.0182507
0.0287656
-0.0461678
0.0505424
0.00539242
-0.0259865
0.0339676
-0.0614629
0.000163955
0.0106827
-0.0460486
0.0558741
-0.00430718
-0.00618849
0.0403148
-0.0571157
0.00642818
0.0213977
-0.0433129
0.0541591
-0.00359214
-0.0075771
0.0358278
-0.0650795
0.0114335
0.000905426
-0.0408052
0.0558379
-0.0147011
0.0143038
0.0345428
-0.0593283
0.0313144
0.00121112
-0.0394373
0.0551436
-0.0153125
0.00928306
0.0315428
-0.0620019
0.0237652
-0.0106076
-0.0338259
0.0576566
-0.0296596
0.000526555
0.0524339
-0.0361934
-0.00605881
0.00347534
-0.0451263
0.0498274
0.00841315
-0.0282507
0.0344339
-0.0522348
-0.000431981
0.0330713
-0.040147
0.0532367
0.00996234
-0.0181885
0.031579
-0.0571572
0.00520542
0.0136412
-0.0406808
0.0575477
-0.00755067
-0.0168828
0.0388432
-0.0529499
0.000303792
0.0277241
-0.0421885
0.0532782
0.00628876
-0.0195564
0.0322733
-0.0578515
