0.552969
0.0520878
0.0198571
-0.00457258
-0.0392417
0.0558315
-0.0185262
0.015603
0.0347177
-0.0615368
0.0206498
0.00989896
-0.0447702
0.0508677
-0.0128059
-0.0066043
0.0323912
-0.061599
0.0188156
-0.000266894
-0.0364852
0.0557071
-0.0143604
0.00817294
0.0367177
-0.056599
0.0195721
-0.0069612
-0.0382002
0.057075
-0.0127697
0.0142351
0.0341063
-0.0580706
0.0279815
-0.00661405
-0.0388738
0.0518522
-0.0232206
0.0149087
0.0350855
-0.0586612
0.0320591
0.0132461
-0.0388531
0.0498522
-0.0314226
0.000763586
0.039329
-0.0636145
0.00311603
0.00994042
-0.0428945
0.0609506
-0.0114588
-0.00399292
0.0364742
-0.0652726
0.0128778
-0.0112876
-0.0376511
0.0612408
-0.0208527
0.0158672
0.038127
-0.0619462
0.0191628
-0.00355185
-0.038936
0.0578522
-0.0198319
0.0151937
0.0355156
-0.0598271
0.0232303
-0.0254949
-0.033936
0.0497953
-0.0306767
0.038199
0.0297591
-0.0499722
0.0387433
-0.0258628
-0.0315889
0.0504689
-0.0323088
0.0358103
0.0321063
-0.0483193
0.0342355
-0.034438
-0.0211588
0.0462461
-0.0453502
0.0310538
0.0400234
-0.0541897
0.00608513
-0.0288214
-0.0408738
0.0619299
-0.00617381
0.000784318
0.0356969
-0.0608218
0.0169762
0.00787823
-0.0405267
0.0576656
-0.0106454
0.0081522
0.0344742
-0.0636819
0.0199193
-0.00730836
-0.0332832
0.0622408
-0.0214848
0.0121937
0.0393705
-0.0571689
0.0183855
0.00383677
-0.039221
0.0587278
-0.0136868
0.00849936
0.0347799
-0.0600291
