2.81484
0.0499747
0.0251099
-0.0418441
0.0335295
-0.0398437
-0.0128649
0.0413534
-0.0403466
0.0394099
0.0271721
-0.0500876
0.0341563
-0.0191648
-0.0186836
0.0545969
-0.0255279
0.0390835
0.0294364
-0.0391291
0.0390372
-0.0279835
-0.0172535
0.0462705
-0.0322429
0.0380628
0.0297835
-0.0404555
0.0350786
-0.0336986
-0.0172742
0.0466384
-0.0313258
0.0405343
0.0200892
-0.0458234
0.0334051
-0.0327401
-0.0142327
0.0440063
-0.0337352
0.0435758
0.0181099
-0.0498234
0.0365864
-0.0186571
-0.00888559
0.0548612
-0.0335433
0.019016
0.0376644
-0.0570462
0.0260941
-0.0231234
-0.0250514
0.0509441
-0.0318336
0.0323685
0.024825
-0.0481498
0.0297522
-0.0374136
-0.0162742
0.0420892
-0.0492844
0.028327
0.0231929
-0.052497
0.0283843
-0.0354136
-0.0165592
0.0393742
-0.0355331
0.0473945
0.0139648
-0.0375384
0.0287782
-0.0554604
-0.00771973
0.0274571
-0.0401913
0.0564412
-0.00326322
-0.0318856
0.0331669
-0.0548283
-0.00731038
0.0230685
-0.0434348
0.0486847
0.00165385
-0.0211705
0.032312
-0.0600356
0.00671035
0.0357213
-0.0588128
0.0128347
0.0300478
-0.039984
0.0308921
-0.0291648
-0.0280307
0.0495347
-0.0290978
0.0296742
0.0235193
-0.0544348
0.0252807
-0.0342892
-0.0233157
0.0430063
-0.0373466
0.0365343
0.0177213
-0.044497
0.0282238
-0.0471909
-0.0162535
0.0459648
-0.0394864
0.0266327
0.0254986
-0.0488027
0.0300372
-0.0360043
-0.0206421
0.0456591
-0.0353051
0.0355136
