0.552969
0.0490833
0.0192646
-0.00324798
-0.034772
0.0551768
-0.016098
0.0153162
0.0387158
-0.0563728
0.0186479
0.0149386
-0.0393419
0.0535809
-0.0110305
-0.0105232
0.0306951
-0.0587821
0.0154874
0.000814215
-0.0393834
0.0520317
-0.0132586
0.00327478
0.0316951
-0.0577821
0.0128967
-0.00526871
-0.0367305
0.0557053
-0.010585
0.00658047
0.0341045
-0.0578858
0.0228967
0.000814215
-0.0364456
0.0551561
-0.0176886
0.00794835
0.0330837
-0.0578651
0.0277516
0.0139386
-0.0387098
0.0471354
-0.0276057
-0.00515531
0.0375915
-0.0597354
-0.0078236
0.00389714
-0.0404663
0.0564203
-0.0162171
0.00149754
0.0361252
-0.0552744
0.0188191
-0.0180667
-0.0331399
0.0533219
-0.0219789
0.0250935
0.0334723
-0.0582951
0.0214097
-0.0103516
-0.0307927
0.0523634
-0.0256732
0.0234406
0.0304723
-0.0521553
0.0268244
-0.0300098
-0.0223834
0.04455
-0.0327407
0.0391195
0.0219386
-0.0372382
0.0406845
-0.0330512
-0.0217098
0.04455
-0.0340464
0.0380573
0.0266122
-0.0358496
0.0330939
-0.038585
-0.0122797
0.0406329
-0.0450671
0.0339536
0.029348
-0.0542122
0.00467925
-0.0399683
-0.0340984
0.0574618
-0.0149736
0.00725404
0.0341045
-0.0585386
0.0199175
-0.00190083
-0.0354248
0.0541561
-0.012813
0.0177671
0.0287366
-0.0540102
0.0235549
-0.0145175
-0.0233626
0.0503634
-0.0279996
0.0217463
0.0337573
-0.0559065
0.0213475
-0.00598375
-0.0310984
0.055239
-0.0188338
0.0150727
0.0297158
-0.051663
