1.80923
0.0541759
0.0401871
-0.0573264
0.00703624
0.0145342
-0.0425443
0.0603785
-0.00696335
-0.0204406
0.0423476
-0.0549739
-0.00733694
0.03327
-0.0429483
0.0542903
0.0169383
-0.0187877
0.0407777
-0.0532434
0.00760615
0.0232285
-0.0420934
0.0624354
0.0119175
-0.0211349
0.0358606
-0.0649377
0.0021968
0.0239228
-0.0411556
0.0599692
0.00330088
-0.00703125
0.0411663
-0.0582434
0.000647618
0.0135342
-0.0458292
0.0569484
0.000995185
-0.0103991
0.0506326
-0.039689
0.00384965
0.0252907
-0.0490312
0.0569431
0.011472
-0.0418292
0.0315704
-0.0549739
-0.0053784
0.0340472
-0.0490312
0.0536789
0.0115911
-0.0208292
0.0342907
-0.0703886
0.00460615
0.0179436
-0.0449121
0.0636635
-0.00418612
-0.0235443
0.0402078
-0.0625906
0.00254396
0.0209643
-0.0432593
0.0640521
0.00223868
-7.27089e-05
0.0397623
-0.067943
0.00869437
-0.00795807
-0.040078
0.0624667
-0.015606
0.0201761
0.0387001
-0.062943
0.0143472
-0.00161091
-0.0367101
0.0647517
-0.0125231
0.0164818
0.0357415
-0.0608032
0.0203318
-0.0181239
-0.0393008
0.0638915
-0.0242276
-0.0353008
0.0316586
-0.0754093
0.00487038
0.02527
-0.0453991
0.0596997
0.0149383
-0.0204613
0.0391249
-0.0595077
0.00113461
0.0256586
-0.0445235
0.0599692
0.000689494
-0.0107877
0.0399643
-0.0611451
0.00954924
0.00410413
-0.0445235
0.0619277
-0.00114465
-0.0248707
0.0408192
-0.0582227
0.00354396
0.0235964
-0.0457463
0.0541712
0.00475169
-0.0118085
