3.41808
0.0509471
0.00195107
-0.0138111
0.0354486
-0.058842
0.0097279
0.00971286
-0.0458526
0.0567385
0.00246408
-0.0281997
0.0378734
-0.0504688
-0.000318853
0.0318165
-0.0367904
0.0568007
0.00299254
-0.0164847
0.0376921
-0.0556762
0.00652058
0.0247543
-0.0400754
0.0510856
0.00525676
-0.00944324
0.0393864
-0.0583083
0.000194156
0.0171015
-0.0418941
0.0552722
-0.0067847
-0.0151583
0.0374072
-0.0570855
0.00827708
0.01906
-0.0371997
0.0585779
-0.00861885
-0.0285884
0.040262
-0.044329
0.0155413
0.0314279
-0.0468058
0.0441994
0.0271222
-0.0332412
0.0355677
-0.0541632
0.00161895
0.0332881
-0.0465054
0.0550649
0.00733969
-0.0134847
0.0364486
-0.0584949
0.0100336
0.0101015
-0.0495469
0.0541064
0.00168685
-0.0181997
0.0354694
-0.0611684
0.00999212
0.0134486
-0.0413449
0.0587852
-0.00772779
0.00529253
0.0359616
-0.0631115
0.0141011
-0.0111888
-0.0337335
0.0564433
-0.0312823
0.00459822
0.0376352
-0.060153
0.0204482
-0.00945299
-0.0390599
0.051749
-0.023816
0.022132
0.0353088
-0.0579302
0.032469
-0.00337006
-0.0586867
0.0345933
0.0140494
0.0100905
0.0406921
-0.0575725
-0.000909503
0.0238165
-0.0447904
0.0520649
0.00368685
-0.0165262
0.0381015
-0.0581062
0.00601286
0.0107129
-0.0406091
0.0570287
-0.00790909
-0.00481113
0.038573
-0.06164
0.0177694
0.0104486
-0.0515262
0.051412
0.00299254
-0.0145262
0.0387958
-0.0597798
0.00892993
0.0177958
-0.0429148
0.0559458
