2.96565
0.04992
0.0232329
-0.0379854
0.0324711
-0.0437829
-0.00924961
0.0332537
-0.044348
0.0460874
0.0209687
-0.0502496
0.0294658
-0.0301041
-0.0197834
0.04715
-0.0301407
0.0410667
0.0215593
-0.0370268
0.0404089
-0.0382699
-0.0147212
0.043865
-0.0358557
0.0390874
0.0198443
-0.0366382
0.0354089
-0.0413114
-0.014374
0.0396008
-0.0383687
0.0465797
0.01315
-0.0390061
0.0331447
-0.0437829
-0.00892319
0.0345801
-0.0394102
0.0492532
0.0131915
-0.0430061
0.0376317
-0.0276585
-0.0036175
0.0481293
-0.0408504
0.0219784
0.0340931
-0.0492496
0.0304658
-0.0307362
-0.0195399
0.0515801
-0.0351407
0.038678
0.0239065
-0.0363533
0.0361654
-0.0444151
-0.0103118
0.0359687
-0.0509179
0.035963
0.0242744
-0.0409854
0.0317561
-0.0433736
-0.0123325
0.036948
-0.0368195
0.0533776
0.0143313
-0.0239854
0.0321085
-0.0574618
0.000957707
0.0222744
-0.0390683
0.0597093
-0.00383456
-0.0243533
0.0347821
-0.0557882
0.000978439
0.0212537
-0.0406797
0.0546679
-0.000591067
-0.0130061
0.0382537
-0.0582805
0.0139784
0.0316423
-0.0644049
0.0141028
0.02715
-0.0334931
0.0342016
-0.0314512
-0.0197834
0.0478028
-0.0320577
0.0372687
0.025663
-0.0469439
0.0308959
-0.0332077
-0.0157212
0.0409065
-0.0373065
0.044191
0.0177821
-0.0310061
0.0352691
-0.051498
-0.00931181
0.0434971
-0.0403634
0.0298593
0.0266423
-0.0432911
0.0300203
-0.0426171
-0.0167419
0.0428858
-0.0352651
0.0457817
