-1.48373
0.0472081
-0.0370314
0.0397718
0.0165857
-0.0273424
0.030482
-0.049368
-0.00458588
0.0340365
-0.0422334
0.0328702
0.0237723
-0.0396481
0.0321296
-0.0309948
-0.018016
0.0290572
-0.0423786
0.0347926
0.00893282
-0.0356895
0.0313162
-0.0428135
-0.0146895
0.0333836
-0.0363993
0.0444247
0.0180158
-0.0340367
0.0323576
-0.0418964
-0.00928019
0.0300779
-0.0430521
0.0370775
0.0156064
-0.0303424
0.0310727
-0.0449586
-0.00791231
0.0290572
-0.0485806
0.0242796
0.0139743
-0.0333839
0.0389275
-0.0366684
-0.0158347
0.048995
-0.0333525
0.0290308
0.029591
-0.0489745
0.0283316
-0.0281969
-0.0211611
0.0403836
-0.0326635
0.0437096
0.0197308
-0.0367103
0.030684
-0.0451814
-0.0114046
0.0417101
-0.0342542
0.039606
0.0231194
-0.0387103
0.0296633
-0.0435286
-0.0123217
0.0294458
-0.0382387
0.049632
0.0108499
-0.0243839
0.0296479
-0.0542904
0.00203078
0.0123836
-0.0446688
0.0509999
0.0114613
-0.0187103
0.0353007
-0.050881
0.00227428
0.0184458
-0.0407517
0.0519015
0.000559652
-0.00932166
0.0389743
-0.0537566
-0.000648079
0.0417515
-0.0268294
0.0614662
0.0244873
-0.0456066
0.0280052
-0.0295233
-0.0231611
0.0406686
-0.0354977
0.0331966
0.0231401
-0.0426688
0.0259068
-0.0411399
-0.0133631
0.0334251
-0.0407257
0.0387718
0.0152592
-0.029016
0.035684
-0.0421399
-0.0124046
0.0416893
-0.0342127
0.0362588
0.0227515
-0.0376688
0.0318861
-0.0364042
-0.0140574
0.0350987
