1.80923
0.0482447
0.0333359
-0.0516438
0.00441313
0.0093981
-0.0414938
0.0559574
-0.00403727
-0.0193487
0.0378436
-0.0492706
-0.0106543
0.0275225
-0.0462657
0.045605
0.0131079
-0.0173279
0.0329473
-0.0486023
0.00830948
0.0227453
-0.0396129
0.0506672
0.0111286
-0.0196958
0.0313359
-0.0565816
-5.84112e-05
0.0180717
-0.039043
0.0512009
0.00290054
-0.00896004
0.0363152
-0.0515401
-0.000690525
0.0147245
-0.0416958
0.0472009
-0.000120194
-0.00865435
0.0464965
-0.0350271
0.00222655
0.0227867
-0.0439393
0.0489314
0.00960013
-0.034043
0.0271493
-0.0510686
-0.00226573
0.0301961
-0.0436129
0.0460144
0.00708712
-0.0177373
0.0314603
-0.0600946
0.00741313
0.0117453
-0.0378824
0.058429
-0.0098145
-0.0120637
0.0380924
-0.0533588
0.00773956
0.0120924
-0.0382296
0.0587761
-0.00134824
0.00842858
0.0352583
-0.0560377
0.0165428
-0.0111978
-0.0306182
0.0544757
-0.0201308
0.0249416
0.0349111
-0.0560169
0.017807
-0.00613564
-0.0316182
0.0577192
-0.0140064
0.0195944
0.0309111
-0.0525092
0.0224444
-0.0206901
-0.0285352
0.0589213
-0.0244881
-0.0218202
0.030564
-0.0688096
0.00830948
0.0211131
-0.0406958
0.054403
0.01074
-0.0130637
0.0383981
-0.0555816
0.00192086
0.0197867
-0.037473
0.0563253
0.000470456
-0.00261288
0.0341339
-0.0528718
0.0156205
0.00496802
-0.0381259
0.0569367
-0.00430149
-0.0214523
0.0360509
-0.0536438
0.00600378
0.0174188
-0.0394109
0.0545274
0.00526842
-0.00767508
