3.36781
0.0509338
-0.00270046
-0.0185041
0.0334499
-0.06182
0.00734059
0.0130406
-0.0434834
0.056719
0.00381255
-0.0295041
0.0351804
-0.0498147
0.000703188
0.030165
-0.0397891
0.0551077
0.00170889
-0.0208513
0.0357142
-0.0600013
0.00152189
0.0184499
-0.0438513
0.0548227
0.00323734
-0.0104212
0.0354085
-0.0584314
0.00893124
0.0194292
-0.0379135
0.0606207
-0.00343624
-0.013157
0.0361443
-0.0621464
0.00731986
0.0134085
-0.0419135
0.0575999
-0.011944
-0.0309549
0.0379991
-0.0494106
0.0172369
0.0291235
-0.0478875
0.0463044
0.0214085
-0.0326078
0.0412012
-0.0500582
-0.0024212
0.0359008
-0.043074
0.0533097
0.0114032
-0.0154834
0.0360821
-0.0590842
0.00758408
0.0177971
-0.0484627
0.0516776
0.00607677
-0.0205041
0.0337349
-0.0591049
0.00762555
0.0151028
-0.0396493
0.0600715
-0.00564355
0.000273107
0.0365536
-0.058048
0.0170195
-0.00345168
-0.0330586
0.0606882
-0.0225244
0.00362026
0.0372479
-0.0587423
0.018693
-0.00441022
-0.0377322
0.0560353
-0.0213431
0.0137447
0.0336158
-0.0595403
0.0293873
0.00130482
-0.0559911
0.0385117
0.018543
-0.000255348
0.0382219
-0.0527732
-0.00433828
0.0314499
-0.0396647
0.0509418
0.00881255
-0.0245041
0.0359369
-0.0519391
0.00417473
0.0234292
-0.0371777
0.0549471
-0.00680412
-0.013157
0.035165
-0.0631879
0.0129312
0.0234292
-0.0482761
0.0437967
0.0128747
-0.0265041
0.0339369
-0.0539391
0.00380685
0.0244707
-0.0421362
0.0534548
