1.85956
0.0503654
0.0362081
-0.0518753
0.00922311
0.0152081
-0.0376216
0.0537882
-0.00526875
-0.0161915
0.0383686
-0.0514814
-0.00984437
0.0309646
-0.0413936
0.0441093
0.00893857
-0.0189273
0.0342081
-0.0564866
0.00575157
0.0222703
-0.0411915
0.0525394
0.00859141
-0.0176009
0.034576
-0.0601395
-0.000227701
0.0162288
-0.0399273
0.0533581
0.00275198
-0.0098651
0.0368817
-0.0554659
0.00148734
0.0138817
-0.0402745
0.0520731
-0.000963061
-0.00984437
0.0430422
-0.0416057
0.00138368
0.020291
-0.0471501
0.0480886
0.006778
-0.0359688
0.0352443
-0.0470513
-0.00929518
0.0387211
-0.0414143
0.0503528
0.015778
-0.0263159
0.0338402
-0.0570773
0.00166864
0.0243117
-0.038948
0.0589695
0.00200076
-0.0289895
0.0354308
-0.0533001
-0.00271998
0.0230268
-0.0429895
0.0570109
0.00677271
-0.00721226
0.0343532
-0.0619997
0.00632677
0.00449304
-0.0348082
0.0597727
-0.010357
0.0152386
0.0424154
-0.0593468
0.0129382
0.0115967
-0.0378082
0.0626483
-0.00286469
0.00821783
0.0367626
-0.0585127
0.015902
-0.00493704
-0.0406838
0.0577674
-0.0116728
-0.0387253
0.0252495
-0.0730773
-0.0048651
0.0386174
-0.0382692
0.0458812
0.0198817
-0.0329688
0.0366121
-0.0477456
-0.00925372
0.0363532
-0.0387822
0.0504772
0.00965361
-0.021948
0.0364723
-0.0510773
0.00309872
0.019576
-0.0415179
0.0544772
0.00810442
-0.0339688
0.0349593
-0.0471549
-0.00582364
0.0313325
-0.0427614
0.0487207
0.0137158
-0.0236216
