1.73368
0.0543506
0.0336414
-0.0464106
-0.00646793
0.0310975
-0.0454265
0.0507707
0.00891094
-0.0419187
0.039087
-0.0373639
-0.0207582
0.0470561
-0.0404419
0.0401126
0.0240353
-0.0382659
0.0369057
-0.0416334
-0.00887728
0.0383825
-0.0412606
0.0485634
0.0213618
-0.0379809
0.0353772
-0.0536956
-0.0142244
0.0350353
-0.0399964
0.0497085
0.0152166
-0.0306338
0.0430093
-0.045307
-0.013183
0.0297504
-0.0470586
0.0480556
0.0145016
-0.0272866
0.0515378
-0.0311411
-0.0122452
0.034139
-0.0526285
0.0457861
0.0234861
-0.0525509
0.0352061
-0.030483
-0.029209
0.0503825
-0.0423175
0.0345995
0.0282012
-0.0473281
0.0319471
-0.0522655
-0.013411
0.046854
-0.0410379
0.054667
0.0160561
-0.0463074
0.0361699
-0.041509
-0.0140224
0.0434654
-0.0400171
0.053667
0.0212581
-0.0289602
0.0348695
-0.0595765
-0.00705858
0.0227711
-0.0426753
0.0601439
0.00312842
-0.00391875
0.0460768
-0.0633537
-0.00234354
0.0230975
-0.0439602
0.0603459
0.00927354
-0.0106131
0.0404447
-0.0619082
0.00923166
0.0130561
-0.0522452
0.0577914
0.00770891
-0.0510224
0.0224601
-0.0724106
-0.0203903
0.046341
-0.0393797
0.0422939
0.0332012
-0.0472244
0.0366361
-0.0329338
-0.0237996
0.0493618
-0.0334834
0.0468691
0.0220353
-0.0392866
0.0372528
-0.0426334
-0.00955086
0.0370768
-0.0439549
0.0515012
0.0241597
-0.0489602
0.0367398
-0.0364053
-0.0170639
0.0487089
-0.0371155
0.0441126
0.0264032
-0.0379602
