0.452428
0.0483861
0.00934207
0.0116535
-0.038627
0.0537258
-0.01044
0.000968896
0.0367157
-0.0578185
0.0105648
0.0216949
-0.0424197
0.0476791
0.00228029
-0.0197876
0.0276535
-0.0608185
0.00462703
0.0123063
-0.0421762
0.0501506
-0.00121199
-0.0100726
0.0310213
-0.05886
0.00670995
0.00859126
-0.040197
0.0521921
-0.00157988
-0.0060933
0.0327778
-0.0606372
0.01571
0.0136742
-0.0402592
0.0523165
-0.00803069
-0.00370468
0.0310835
-0.0586579
0.0233006
0.0237778
-0.0445026
0.0422543
-0.0159478
-0.0170933
0.0374461
-0.0500774
-0.00478761
0.0357986
-0.0436425
0.0441661
0.00844614
-0.0252177
0.0329591
-0.0583677
0.000523369
0.0153685
-0.0415856
0.0552128
-0.00221199
-0.00780834
0.0403478
-0.0557148
0.00517621
0.0213685
-0.0391762
0.0521713
-0.00153841
-0.00846119
0.0327986
-0.0626372
0.00979288
0.00424411
-0.0363421
0.0551766
-0.0126059
0.0117047
0.0328815
-0.0598652
0.0250002
0.000876222
-0.0353628
0.0555652
-0.0163002
0.0110311
0.0335344
-0.0565596
0.0212075
-0.0139839
-0.03071
0.0547104
-0.0290152
0.00531605
0.050814
-0.0361604
-0.00792216
-0.00320671
-0.0434405
0.0516169
0.00738394
-0.0231555
0.0328762
-0.0542848
0.00174613
0.0270421
-0.037114
0.0533941
0.00589167
-0.0117669
0.0313685
-0.0601864
0.00699491
0.0116327
-0.036627
0.0583372
-0.00925346
-0.0111348
0.041897
-0.0502226
0.000725401
0.0254307
-0.0434612
0.0506791
0.00462744
-0.0178083
0.0316535
-0.0574713
