-0.955155
0.0513462
-0.0383274
0.0545385
-0.013244
0.011393
0.0338962
-0.0604412
0.020647
0.00058525
-0.0412444
0.0588804
-0.00107288
-0.0141822
0.0374454
-0.0591509
0.0018076
-0.0020676
-0.0439387
0.0494141
-0.014731
-0.00238427
0.0335076
-0.064581
0.00678687
0.00427956
-0.0376331
0.0571084
-0.0113631
-0.00303712
0.0308548
-0.0617261
0.0126885
-0.00684483
-0.0395709
0.051067
-0.0100989
0.00333077
0.034834
-0.0576847
0.0143206
-0.00380337
-0.0464465
0.0399011
-0.0119538
-0.00777289
0.036119
-0.0631095
0.0101287
0.0268755
-0.0438973
0.0558596
-0.00109361
-0.0125087
0.0384454
-0.0584774
0.00703037
0.0067511
-0.042431
0.0631499
-0.00805744
0.00361573
0.0352641
-0.0647261
0.0211133
0.0104661
-0.0450631
0.0594348
-0.0080367
0.00226858
0.0349377
-0.0631148
0.0134243
-0.012192
-0.0347574
0.0580722
-0.0178192
0.0248438
0.0332848
-0.0550164
0.0222275
-0.034503
-0.0296952
0.0564194
-0.0227778
0.0178023
0.0309377
-0.059607
0.0193674
-0.0217672
-0.0250009
0.0515645
-0.0267623
0.0359889
0.031917
-0.0618298
0.0363983
0.0262226
-0.0367574
0.0714141
-0.00448223
-0.0144257
0.0320361
-0.0600887
0.00394744
0.0130568
-0.0409387
0.0599218
-0.000155808
-0.00877289
0.0321812
-0.0629904
0.0135019
0.00497387
-0.0376745
0.0562121
-0.0128969
0.010393
0.0351812
-0.0629282
0.0156625
0.0177718
-0.041918
0.0546369
-0.00525947
-0.00442573
0.0355076
-0.0616017
0.00950191
0.00162671
