2.56349
0.0485737
0.02857
-0.0499125
0.0246163
-0.0291349
-0.0245499
0.0476269
-0.0355755
0.0202948
0.02957
-0.0580524
0.0178546
-0.00817105
-0.0325499
0.0513781
-0.0170418
0.0192948
0.02857
-0.0515446
0.0290826
-0.015254
-0.0295914
0.0538082
-0.0220832
0.017642
0.0272021
-0.0518296
0.0240826
-0.0166633
-0.0242442
0.0512798
-0.0282906
0.0287041
0.0289379
-0.0542182
0.0218598
-0.0257463
-0.0268763
0.0465855
-0.0276792
0.0304607
0.0268342
-0.049156
0.0296733
-0.00562186
-0.022467
0.0556631
-0.0237101
-0.00436333
0.0349379
-0.0583373
0.0190566
-0.00102593
-0.0359593
0.056031
-0.0156117
0.0165176
0.0329794
-0.0542182
0.0261033
-0.017969
-0.0269385
0.0519326
-0.0344511
0.0154968
0.0346322
-0.0531767
0.0253883
-0.0146219
-0.0249385
0.0529533
-0.025332
0.0327663
0.02857
-0.0463219
0.0271294
-0.0353215
-0.0154877
0.0424664
-0.0334202
0.0491188
0.0161192
-0.0450369
0.0321501
-0.0326479
-0.0141406
0.0444249
-0.0319902
0.0437302
0.0184042
-0.0354255
0.0327875
-0.0482645
-0.00573122
0.0477098
-0.0520625
0.000330976
0.0359586
-0.0528089
0.0285903
-0.00580316
-0.0309385
0.0580517
-0.0152853
0.0188233
0.0376529
-0.0547881
0.0236111
-0.0101918
-0.0289593
0.0548704
-0.0225133
0.0250098
0.0292436
-0.0459954
0.0333521
-0.0274613
-0.0222442
0.0562176
-0.0293682
0.0128233
0.0319794
-0.0561975
0.0253676
-0.0132747
-0.0272235
0.051829
-0.0215133
0.0266627
