4.17217
0.0514743
-0.0364039
0.0291038
0.0252339
-0.0450674
0.0322233
-0.0402897
-0.0208653
0.0499644
-0.035523
0.0195493
0.0323375
-0.0568808
0.0263786
-0.0148958
-0.028969
0.0487001
-0.0350361
0.028083
0.0262339
-0.0492901
0.0266896
-0.0337974
-0.0275804
0.0443737
-0.0364454
0.034083
0.0299489
-0.0499637
0.0253839
-0.0342068
-0.0222125
0.0431095
-0.0428133
0.0304302
0.0278867
-0.0440052
0.0321196
-0.0322482
-0.0165389
0.0451717
-0.0562796
0.00852858
0.0269282
-0.0460674
0.0419952
-0.0255901
-0.036969
0.0557156
-0.0192328
0.0140778
0.0364205
-0.0599015
0.0296221
-0.00942426
-0.0340312
0.0532908
-0.0259739
0.0336944
0.0316847
-0.0526787
0.0296688
-0.0304295
-0.024969
0.0553115
-0.0302174
0.0255908
0.0340111
-0.0516373
0.0305859
-0.0233881
-0.0242539
0.0451095
-0.0352641
0.0422489
0.0268453
-0.0377409
0.0301042
-0.0508856
-0.0133731
0.030866
-0.0494507
0.0436375
0.0228453
-0.0381503
0.0367778
-0.0481499
-0.0137824
0.0352546
-0.0442487
0.048907
0.0149022
-0.0214352
0.0474721
-0.0456991
-0.0211503
0.0479022
-0.0184661
0.0488603
0.031664
-0.0568808
0.0263786
-0.0178336
-0.0347048
0.0568814
-0.025093
0.0208757
0.0340111
-0.0539222
0.0265237
-0.0233466
-0.0269483
0.0503322
-0.0306889
0.0314095
0.0286018
-0.0470259
0.0350367
-0.0297352
-0.0295804
0.0505343
-0.0274816
0.02257
0.0333375
-0.0522901
0.0298916
-0.0243259
-0.0283161
0.0493944
