-1.56996
0.0504205
-0.0439289
0.0449004
0.00981259
-0.0237683
0.0303256
-0.059939
0.00276543
0.0321028
-0.045763
0.0402837
0.0200821
-0.0391155
0.0332996
-0.0418508
-0.0140325
0.0300614
-0.0388667
0.0442268
0.00687478
-0.0308098
0.0354862
-0.0493638
-0.00533823
0.0324707
-0.040276
0.049574
0.0115276
-0.0274212
0.0312012
-0.051509
-0.00117238
0.0240614
-0.043561
0.0425532
0.00848617
-0.0244626
0.0355898
-0.052509
-0.000540265
0.0251236
-0.0544366
0.0299988
0.0129162
-0.0281569
0.0420975
-0.0458508
-0.0128098
0.0440199
-0.03425
0.0401593
0.0265329
-0.0421569
0.0365845
-0.0384207
-0.0135041
0.0385122
-0.038276
0.0535325
0.0152841
-0.0301362
0.0322219
-0.0544675
-1.18099e-05
0.0374915
-0.041846
0.0457553
0.016652
-0.0301777
0.0336106
-0.0587939
-0.0108874
0.01645
-0.0444834
0.0538227
0.00621665
-0.0043797
0.0348593
-0.0595972
0.0109366
-0.00204229
-0.0435663
0.0579264
-0.00108904
-0.0114419
0.0341858
-0.062535
0.00715933
0.00234633
-0.0426077
0.054113
-0.00807359
0.00570323
0.0375122
-0.0637577
0.013439
0.0372065
-0.0331362
0.0690455
0.0132841
-0.0337683
0.0343618
-0.0475037
-0.0158098
0.0348179
-0.0448252
0.0443459
0.0190614
-0.0374626
0.0271597
-0.0541203
-0.00590815
0.0231236
-0.044359
0.0470455
0.0036882
-0.0197269
0.0342427
-0.0551203
-0.00233823
0.034165
-0.0448667
0.0447553
0.0166313
-0.0298098
0.0351805
-0.0504053
-0.00429677
0.028165
