-0.804329
0.0492773
-0.0319444
0.0561287
-0.0196798
0.0169417
0.0279527
-0.058794
0.0239108
-0.00811476
-0.0371879
0.0568178
-0.00826517
-0.000959889
0.0349113
-0.0595453
0.00609215
-0.00980907
-0.0355351
0.0474137
-0.026944
0.00783808
0.0282999
-0.0633847
0.0155015
-0.0104204
-0.0372916
0.0560458
-0.0159233
0.0155324
0.0329735
-0.0564469
0.018056
-0.020607
-0.0335351
0.0500665
-0.0203326
0.0169003
0.0332584
-0.0517733
0.0217295
-0.0159749
-0.0320635
0.044595
-0.0198404
0.0051645
0.0305434
-0.0605453
0.0191283
0.0152169
-0.0409652
0.05631
-0.0167574
0.00473442
0.0333413
-0.0597733
0.0196052
-0.0134826
-0.0320066
0.0556003
-0.0264985
0.0233096
0.0289942
-0.0546127
0.0347503
-0.011177
-0.0302709
0.0548438
-0.0220892
0.0216153
0.0299942
-0.0552448
0.021284
-0.0307936
-0.0248822
0.0460304
-0.0304831
0.0372527
0.0225226
-0.0427164
0.0283515
-0.0477782
-0.0154522
0.0460304
-0.0314623
0.0355584
0.0228698
-0.0456749
0.0265743
-0.039431
-0.0130221
0.0360926
-0.0376696
0.040745
0.013134
-0.0519392
0.046543
0.0100511
-0.0302916
0.0604344
-0.0218196
0.00312304
0.0325434
-0.0559339
0.0147657
-0.0037676
-0.0325558
0.0582893
-0.0121046
0.00812304
0.0316678
-0.059794
0.0209523
-0.0111977
-0.0302294
0.0501909
-0.0235192
0.0270039
0.0299942
-0.0611205
0.0251543
-0.00170541
-0.035903
0.0533515
-0.0188611
0.0081645
0.0312584
-0.0560583
0.0179523
-0.0125656
