2.41267
0.0531291
0.0329409
-0.0585831
0.0190234
-0.0230489
-0.0280599
0.0558734
-0.0321632
0.0167433
0.0356145
-0.0650701
0.0159145
0.00062994
-0.0390392
0.0585417
-0.00826153
0.0203547
0.0413503
-0.0569302
0.0311633
-0.00380014
-0.0320806
0.0626868
-0.0172823
0.0130283
0.0356352
-0.0618473
0.0188161
-0.0115359
-0.0334071
0.0564434
-0.0224896
0.0224791
0.0346145
-0.0588888
0.0205934
-0.015966
-0.0287335
0.0588112
-0.0225103
0.0225206
0.0355108
-0.0531115
0.0234275
-0.00251518
-0.0303241
0.061236
-0.0206656
-0.00589405
0.040656
-0.0637436
0.0172616
-0.00100217
-0.0397957
0.0596868
-0.0183237
0.0166812
0.0360653
-0.0643188
0.0239405
-0.0159245
-0.0301221
0.0588942
-0.0344274
0.0126397
0.0376974
-0.0619302
0.0222462
-0.0155774
-0.0307957
0.0585677
-0.0230233
0.0349507
0.0310031
-0.0574432
0.024008
-0.0392562
-0.0243863
0.0474486
-0.0328266
0.0546295
0.0241844
-0.0494432
0.0307023
-0.0359091
-0.0230392
0.0507129
-0.0303343
0.0439145
0.0214486
-0.042179
0.031319
-0.0498522
-0.012977
0.0566714
-0.0546087
-0.0128941
0.0339824
-0.063868
0.0230596
-0.00375868
-0.0364071
0.0635625
-0.0091786
0.0129868
0.0389824
-0.0631115
0.0163653
-0.0051473
-0.0314278
0.0601169
-0.0207953
0.022132
0.0339824
-0.0557075
0.0261893
-0.029764
-0.0287542
0.0621169
-0.0279351
0.00723034
0.0403503
-0.0611945
0.0204897
-0.012168
-0.0351221
0.0617283
-0.0183652
0.0174169
