1.20658
0.0509302
0.0319685
-0.0347258
-0.02169
0.0416112
-0.0368038
0.04116
0.0189998
-0.049462
0.0330669
-0.0214977
-0.0277522
0.0478132
-0.0337986
0.0251962
0.0280827
-0.0468299
0.0292742
-0.0337465
-0.0196693
0.0461811
-0.032923
0.0336262
0.0267563
-0.0475242
0.0299685
-0.0370522
-0.0214258
0.0502433
-0.0316587
0.0380356
0.0260413
-0.0431978
0.0346421
-0.0337051
-0.0230165
0.0405905
-0.0390681
0.0373827
0.0256734
-0.041177
0.0463933
-0.0104356
-0.0237315
0.0439376
-0.0442494
0.0288075
0.0325128
-0.059664
0.0234502
-0.012964
-0.0338559
0.0554039
-0.0298969
0.0156624
0.0322071
-0.056462
0.0241083
-0.0312335
-0.0281408
0.0482433
-0.034638
0.0366262
0.0268185
-0.0558091
0.029699
-0.0208449
-0.024773
0.0498754
-0.0325758
0.0342583
0.0301035
-0.0442185
0.0297665
-0.0431973
-0.0179957
0.0396734
-0.0359904
0.0519994
0.0201811
-0.0275864
0.0422588
-0.0445652
-0.0156693
0.0420205
-0.0376018
0.0482636
0.0218754
-0.0285864
0.0357096
-0.0521197
-0.0111356
0.027347
-0.0512754
0.0417921
0.022347
-0.0497469
0.0143571
-0.054788
-0.0301408
0.0573417
-0.0222234
0.0210303
0.03486
-0.0547469
0.0302482
-0.0153734
-0.0295087
0.0554661
-0.0254514
0.0308905
0.0297771
-0.0478299
0.0331705
-0.0256221
-0.02269
0.0455075
-0.0371664
0.0274811
0.0318185
-0.0563583
0.0248803
-0.0154148
-0.0274673
0.0554246
-0.0266742
0.0247661
0.0344714
-0.0490941
