3.26727
0.050423
0.00658366
-0.017935
0.0355682
-0.0558415
0.00452105
0.0122625
-0.0475672
0.0521845
0.00440236
-0.0339558
0.0349515
-0.0467948
-0.00683139
0.031019
-0.0391993
0.0552259
0.0082987
-0.0206086
0.0394438
-0.0499607
0.00127227
0.0296719
-0.0431163
0.047143
0.0102572
-0.01722
0.0351589
-0.0566757
-0.00366553
0.0189983
-0.0433237
0.0553918
-0.00247853
-0.020935
0.0322418
-0.0598415
0.0041117
0.0179568
-0.0406501
0.0557597
-0.00906918
-0.0290594
0.0408117
-0.0457586
0.0127231
0.0303247
-0.0486241
0.0447491
0.0250398
-0.0403444
0.0359101
-0.0457119
-0.00762935
0.0387755
-0.0444428
0.0497129
0.0147495
-0.0236501
0.0378324
-0.0550021
-5.415e-05
0.0266926
-0.049422
0.0449979
0.0131174
-0.0286501
0.034791
-0.054655
0.000251541
0.030019
-0.0366086
0.0586975
0.00482716
-0.0106086
0.0363869
-0.0613546
0.0106454
0.00691537
-0.0385102
0.0627235
-0.014748
-0.0062822
0.0413869
-0.0576602
0.0116454
0.00856822
-0.0377952
0.0587235
-0.0131989
0.00182146
0.037102
-0.0575204
0.0286869
0.0179776
-0.0599505
0.0304641
0.0243194
-0.0137899
0.0415629
-0.0409968
-0.00893505
0.041304
-0.0362769
0.0488942
0.0212418
-0.0336294
0.0359515
-0.0464476
-0.00848423
0.0289983
-0.0408314
0.051858
0.00797228
-0.0186708
0.0399361
-0.0574529
0.00633447
0.0286719
-0.0490127
0.0422414
0.016506
-0.0316294
0.0346873
-0.0505306
-0.00383139
0.0346719
-0.0381163
0.0508373
