0.854603
0.0491937
0.0243566
-0.0181251
-0.0246231
0.0468387
-0.0294259
0.0293253
0.0274554
-0.0542292
0.0268229
-0.00754988
-0.0333796
0.0556522
-0.023317
0.00701434
0.0318648
-0.0546178
0.0262737
-0.0110629
-0.0239495
0.0543465
-0.0198092
0.0198123
0.0334969
-0.0525556
0.0203152
-0.0197572
-0.0279909
0.0527144
-0.0221978
0.0211802
0.0321497
-0.0492913
0.0293359
-0.0153686
-0.0289909
0.049103
-0.02826
0.0192217
0.0284347
-0.049597
0.0371078
0.00516516
-0.0302759
0.0437558
-0.0365035
0.0103822
0.0364347
-0.0588974
0.00353264
-0.00711979
-0.0394418
0.0536936
-0.0267056
0.00999361
0.0352326
-0.0552706
0.0190509
-0.0271043
-0.0300739
0.0508802
-0.0307316
0.0282631
0.029844
-0.0549442
0.0246209
-0.0163478
-0.0284003
0.0528595
-0.0277109
0.0295895
0.0305383
-0.0494365
0.027994
-0.0343324
-0.0206231
0.0413725
-0.0367991
0.0436363
0.019616
-0.0324987
0.0408749
-0.0393946
-0.0192966
0.0430461
-0.038084
0.0422062
0.0236989
-0.0361722
0.0346107
-0.0429283
-0.0124365
0.0307196
-0.0514105
0.0366932
0.0317818
-0.0515141
0.00882817
-0.0419023
-0.0343588
0.0559164
-0.0172962
0.0103615
0.0341912
-0.0568405
0.0230664
-0.00352914
-0.0326853
0.0536522
-0.0181357
0.0188538
0.0284969
-0.05168
0.027766
-0.0221251
-0.0266645
0.0485123
-0.0320165
0.0245481
0.0321497
-0.0541877
0.0215172
-0.0132649
-0.032421
0.0560822
-0.0228507
0.0195066
0.029844
-0.0520064
