-3.58047e-15
0.0491069
-0.00119701
0.0312441
-0.0379535
0.0515546
0.00142007
-0.0189742
0.0369745
-0.0523055
-0.00491205
0.0351819
-0.0410104
0.0404871
0.0137518
-0.0370157
0.0268916
-0.0526734
-0.00387059
0.0289176
-0.0455234
0.0472851
0.0123217
-0.0296686
0.0328916
-0.0479791
-0.00448197
0.0268347
-0.0401763
0.049653
0.0132802
-0.0246686
0.0313632
-0.0567771
0.000497296
0.0302441
-0.0402592
0.0524302
0.00821804
-0.0236686
0.030731
-0.0565336
0.00851803
0.0365705
-0.042399
0.036653
0.000606653
-0.0376478
0.0388863
-0.0337873
-0.0235287
0.0438554
-0.0392125
0.0379741
0.0212441
-0.0430572
0.0307672
-0.0464661
-0.0123214
0.0335497
-0.0411141
0.0452644
0.0113424
-0.0303836
0.0411351
-0.0420775
-0.0123421
0.0355497
-0.0400934
0.0445908
0.0113424
-0.0300572
0.029731
-0.0588393
-0.000399045
0.0205497
-0.0390986
0.0590054
0.00198999
-0.00799498
0.0330006
-0.0674767
0.0124404
0.0181819
-0.0410364
0.0539432
0.00201072
-0.0116271
0.0318762
-0.0577824
0.0122591
0.00611966
-0.0411608
0.0551713
-0.0144194
-0.0176478
0.0556221
-0.0215023
-0.0202385
0.0253839
-0.0422539
0.0386477
0.0222233
-0.0462592
0.0245599
-0.0406267
-0.0171194
0.0444875
-0.0339068
0.0423835
0.0221611
-0.0356893
0.0324823
-0.0458755
-0.00725921
0.0309176
-0.0445027
0.0466115
0.0103632
-0.0366478
0.0362957
-0.0362795
-0.0150986
0.042529
-0.036969
0.0430985
0.0184875
-0.039995
0.0284201
-0.0474661
