4.02133
0.048562
-0.0251799
0.0185038
0.0311677
-0.0496413
0.0261311
-0.0241486
-0.0276051
0.0536286
-0.022299
0.00768514
0.0354941
-0.0541075
0.0226957
-0.00146973
-0.0359937
0.0486701
-0.0234649
0.0151774
0.0281469
-0.0532527
0.0256181
-0.0149827
-0.0323202
0.0497116
-0.0222214
0.0232189
0.0321469
-0.0518641
0.0196595
-0.0217185
-0.0319937
0.0467945
-0.0325685
0.0151981
0.0284319
-0.0485791
0.0266803
-0.0160657
-0.025973
0.0517738
-0.0369933
-0.00202991
0.0324526
-0.0469055
0.0345351
-0.00516404
-0.0399315
0.0553177
-0.00727299
-0.00480714
0.0388205
-0.0569624
0.0167941
0.00900181
-0.0386673
0.0561364
-0.00919535
0.0103587
0.0352091
-0.0568226
0.0188201
-0.0115941
-0.0359523
0.0528307
-0.0161746
0.00331725
0.032862
-0.0584754
0.0181051
-0.00922624
-0.0323823
0.0531002
-0.0222628
0.0262396
0.0295563
-0.0543563
0.0218876
-0.0306201
-0.0196258
0.0473075
-0.0384701
0.0292603
0.0302299
-0.0537035
0.024214
-0.0308844
-0.0256466
0.0439603
-0.0365531
0.0340376
0.0291262
-0.0427449
0.0408461
-0.0193714
-0.0398071
0.042012
-0.00303478
0.025851
0.0384734
-0.0569417
0.0157733
0.0113075
-0.0362787
0.056727
-0.00870307
-0.00105064
0.0331677
-0.0600454
0.0123278
-0.00520551
-0.0329937
0.0546079
-0.019299
0.00937944
0.0315563
-0.0601905
0.0237164
-0.00181689
-0.0395636
0.0513384
-0.00870307
-0.000397792
0.0358205
-0.0566982
0.0166128
-0.00110185
-0.0370352
0.0539551
