2.01045
0.0522004
0.0404213
-0.0587087
0.01011
-0.000195327
-0.0364551
0.0587579
-0.016838
-0.00285916
0.0422762
-0.0564185
0.00238962
0.0203384
-0.0439421
0.0533433
0.00739004
-0.000859157
0.038727
-0.0573823
0.0176591
0.0119498
-0.0413929
0.0611413
0.00271646
-0.00387989
0.0383799
-0.059973
0.00929125
0.00923475
-0.0377608
0.0596543
-0.00649086
0.00385588
0.0390535
-0.0583409
0.0126591
0.00956118
-0.0383929
0.0553278
-0.00855305
0.00687662
0.0469083
-0.0454807
0.0128612
0.0183177
-0.04231
0.0593226
4.81682e-05
-0.0307193
0.0371933
-0.0586413
-0.00342908
0.0244421
-0.0499421
0.0506075
0.00322947
-0.0166364
0.0327478
-0.0676673
0.00690263
0.0099498
-0.0401287
0.06196
-0.01161
-0.01431
0.0380327
-0.0602787
0.0105347
0.0153177
-0.0384551
0.0603486
-0.00718517
0.00520304
0.0338307
-0.0632425
0.0130323
-0.0166461
-0.0362323
0.0537632
-0.0267657
0.0301254
0.032525
-0.0626726
0.0230323
-0.00860468
-0.0328852
0.060986
-0.0182319
0.0236953
0.035525
-0.0564083
0.0219961
-0.0268535
-0.0314551
0.0595144
-0.0326722
-0.0247401
0.0311571
-0.0769937
0.00408393
0.019012
-0.0469214
0.0545453
0.0115974
-0.0126157
0.0409498
-0.0577657
0.00238962
0.0190327
-0.0436986
0.055162
-0.00495712
-0.00924778
0.0360535
-0.0590559
0.0104571
-0.00348029
-0.0457608
0.0594884
-0.00615915
-0.0206364
0.0352762
-0.0598279
0.00345182
0.0156648
-0.0450043
0.0550791
0.0004315
-0.00924778
