1.70846
0.0482492
0.0340543
-0.0525161
0.00106929
0.0141164
-0.0390189
0.0539608
-0.000951033
-0.0205681
0.0351734
-0.0455315
-0.00791527
0.031873
-0.0430758
0.0412404
0.0165412
-0.0179153
0.0329713
-0.0481275
0.00561847
0.0268522
-0.0402002
0.049712
0.0112148
-0.0203246
0.0353599
-0.0517803
-3.4372e-05
0.0214843
-0.0373039
0.0532457
0.00468108
-0.0102624
0.0403392
-0.0447803
0.00141644
0.0124636
-0.043651
0.0485721
0.00263962
-0.00989454
0.0458262
-0.0318994
0.000271319
0.0228522
-0.0445266
0.0479762
0.0087071
-0.038651
0.0297433
-0.0454486
-0.0133039
0.0315465
-0.0430966
0.0435669
0.0149713
-0.0236925
0.0324221
-0.0581689
-0.000707949
0.0198522
-0.0396925
0.05494
-0.00219453
-0.0259982
0.0329713
-0.0497596
0.00159774
0.0222408
-0.0417132
0.0565721
0.00933393
-0.00426242
0.0358937
-0.0577234
0.0062766
0.00205425
-0.0371848
0.0556396
-0.0107543
0.0098827
0.0352408
-0.0577649
0.0115823
0.00711645
-0.0381848
0.0601888
-0.00128274
0.00784124
0.0346295
-0.0565836
0.0145254
-0.00839656
-0.041734
0.0549815
-0.00945876
-0.0357547
0.0251164
-0.0681689
-0.00352665
0.0325051
-0.0400551
0.0458311
0.0200543
-0.0279982
0.0358677
-0.0458994
-0.00589454
0.031873
-0.0375266
0.0487742
0.0068262
-0.0199775
0.0340335
-0.0501897
0.00374286
0.0144843
-0.045936
0.0510384
0.00929775
-0.030651
0.0321941
-0.0459616
-0.00283234
0.0278937
-0.0451588
0.044629
0.0142148
-0.0186303
