-0.904879
0.0472579
-0.033128
0.0519399
-0.0118219
0.0102452
0.0282562
-0.0583455
0.0204785
-0.00172838
-0.0390658
0.0533232
-0.00208082
-0.0109414
0.0324375
-0.0563194
-0.000443836
0.000965926
-0.0374337
0.0472249
-0.0160654
0.00246795
0.0338676
-0.0558325
0.0126598
0.00331308
-0.0361073
0.0502041
-0.0117182
0.00318299
0.0292147
-0.055304
0.0155614
-0.0091792
-0.0350658
0.0462249
-0.014454
0.0058773
0.0292147
-0.0572625
0.0105407
-0.0118528
-0.0393507
0.0414684
-0.0150239
-0.000858472
0.0311732
-0.0617081
0.00771673
0.0164997
-0.0381694
0.0571419
-0.00687879
-0.00326782
0.0335619
-0.0575268
0.0113749
-0.0023605
-0.0349052
0.0560436
-0.0155369
0.0138566
0.0339919
-0.0580398
0.0241314
0.00131308
-0.0332109
0.0563493
-0.014169
0.0108773
0.0312769
-0.0550605
0.0144423
-0.0233451
-0.0268638
0.0509037
-0.0212572
0.031494
0.025909
-0.0469414
0.0241834
-0.0389825
-0.016128
0.0526188
-0.0255629
0.0261261
0.0258676
-0.046532
0.0217533
-0.0342674
-0.0190658
0.0390489
-0.0345268
0.0369862
0.0188468
-0.0531642
0.0437428
0.0178261
-0.031926
0.0620228
-0.0140654
0.00381511
0.0335411
-0.0574853
0.00998625
0.000333812
-0.0391487
0.0525098
-0.00802391
0.00548868
0.0316033
-0.0566719
0.017235
-0.00883204
-0.0314959
0.0494322
-0.0187235
0.022981
0.0326241
-0.0599568
0.0187013
0.00237528
-0.0391902
0.053572
-0.0104125
0.00685657
0.0312354
-0.0572625
0.0128257
-0.00746416
