1.96016
0.0504094
0.0380779
-0.054907
0.0121137
0.00660638
-0.0383062
0.056373
-0.0129534
-0.0121196
0.0389121
-0.0545546
-0.00197452
0.02871
-0.0370782
0.0516942
0.00788605
-0.00909891
0.035995
-0.0515184
0.0156629
0.0180157
-0.0378969
0.0585129
0.00119174
-0.0104875
0.0364043
-0.0578656
0.0113157
0.015995
-0.0369176
0.0566165
-0.00232126
0.000248241
0.0400779
-0.0555184
0.00970434
0.00964784
-0.0419176
0.0516165
-0.00503631
-3.67177e-05
0.0455235
-0.0386375
0.01158
0.0200572
-0.0447932
0.0522848
0.00282914
-0.0332648
0.0377877
-0.0513887
-0.0074668
0.0341401
-0.044016
0.0471812
0.0104405
-0.0225497
0.03171
-0.0634562
0.0051706
0.0184458
-0.0446119
0.0565129
-0.00635744
-0.0249176
0.0366271
-0.0563318
0.00114987
0.0170987
-0.0452648
0.0541865
0.00141451
-0.00242534
0.0344873
-0.06199
0.00854377
-0.00410866
-0.0390835
0.0562539
-0.0140416
0.0180877
0.036508
-0.0610107
0.0138287
0.00327996
-0.0377363
0.060171
-0.00954931
0.0106783
0.034223
-0.0595237
0.0161812
-0.016316
-0.0359798
0.0590466
-0.0213989
-0.0320005
0.0301194
-0.0718034
0.00371979
0.0281194
-0.0463839
0.051119
0.0175027
-0.022529
0.038197
-0.0518603
-0.00262737
0.0254043
-0.039814
0.0530828
0.00160109
-0.0158554
0.0350572
-0.0572127
0.0107043
0.0116271
-0.0421611
0.0546942
0.00141979
-0.0285705
0.0352178
-0.0532696
0.00108767
0.0247308
-0.0440574
0.0479169
0.00901044
-0.0161818
