-1.56996
0.0543742
-0.0449779
0.0508721
0.0149087
-0.0225323
0.0387274
-0.059558
0.0026957
0.0365047
-0.0461177
0.0452347
0.0255254
-0.0392059
0.0390486
-0.0444905
-0.0137966
0.0328933
-0.0463043
0.0478929
0.00697091
-0.0355531
0.0362144
-0.0559828
-0.010123
0.0355668
-0.0413665
0.0592193
0.0170124
-0.0308588
0.0359294
-0.0544543
-0.00360999
0.0265254
-0.0479986
0.0498721
0.014888
-0.0208588
0.0413595
-0.057475
-0.0033043
0.0285461
-0.0571384
0.0319912
0.0129916
-0.0289417
0.0485408
-0.0514697
-0.0149624
0.0508311
-0.0392783
0.0398046
0.024629
-0.0472681
0.0393335
-0.0430811
-0.0158795
0.037914
-0.0419986
0.05424
0.0116445
-0.0305738
0.0363595
-0.0621486
-0.00273438
0.0372404
-0.0475478
0.0450742
0.0179916
-0.0281852
0.0349916
-0.0614543
-0.00995715
0.0202197
-0.0472059
0.0571624
0.00400709
-0.0128173
0.0345876
-0.0662368
0.00749895
0.000400993
-0.0486153
0.0595717
0.00031278
-0.0121852
0.0392404
-0.0638275
0.00576318
0.00344246
-0.046351
0.0558412
-0.0123868
0.0036335
0.0402404
-0.0680502
0.0110014
0.0409762
-0.0358588
0.0727116
0.0120746
-0.0418588
0.0347221
-0.0511226
-0.0192267
0.035914
-0.0492214
0.047012
0.020116
-0.0368795
0.0302973
-0.0605165
-0.00393641
0.0238933
-0.0487758
0.0504059
0.00274286
-0.0211437
0.0396238
-0.0580242
-0.008123
0.0375668
-0.0465478
0.0441156
0.0129916
-0.0322059
0.0362559
-0.0563921
-0.00801934
0.0275668
