3.51861
0.0502116
0.000702741
-0.013018
0.0342418
-0.0587847
0.0119096
0.0074438
-0.0434066
0.0559202
0.000132823
-0.0220387
0.0373609
-0.0517586
0.00153647
0.0278946
-0.0360387
0.0573088
0.00102916
-0.0116916
0.039506
-0.0569038
0.0036816
0.020791
-0.0359765
0.0526145
0.00196697
-0.0079558
0.0371588
-0.0569245
0.00274379
0.0134645
-0.0374481
0.0574332
-0.00705376
-0.0139765
0.0328324
-0.0573546
0.00717387
0.00879095
-0.0407952
0.0554332
-0.0142765
-0.0267538
0.0363816
-0.0456188
0.0180495
0.0278739
-0.0474221
0.0437698
0.0181588
-0.0357745
0.0349308
-0.049655
-0.000261493
0.0333454
-0.043018
0.056143
0.0108064
-0.0120387
0.0372418
-0.0600282
0.00811168
0.0128531
-0.0467123
0.0522052
0.00145925
-0.0184066
0.0371796
-0.0563131
0.0074381
0.0118739
-0.0408989
0.0605369
-0.00621962
0.00106493
0.0340397
-0.0626448
0.014832
-0.00770132
-0.0342875
0.0581743
-0.0271212
0.00339135
0.038019
-0.0569712
0.0204849
-0.00396555
-0.0366347
0.0578271
-0.0205721
0.0142101
0.0330397
-0.0567899
0.0315678
-0.00227124
-0.0568936
0.0369979
0.0152727
0.00151574
0.0383816
-0.0530851
0.00116859
0.0295889
-0.0412822
0.0537544
0.00923648
-0.021733
0.0361174
-0.0578416
-0.000380598
0.0198531
-0.0393859
0.052371
-0.00572734
-0.00871231
0.0366718
-0.0651318
0.0127853
0.0171796
-0.0475879
0.0463865
0.00719502
-0.0203859
0.0348117
-0.0585773
0.00529298
0.0228946
-0.0390802
0.0560239
