3.56889
0.05029
-0.00635206
-0.00790694
0.0363321
-0.0567151
0.012715
0.00383981
-0.0423785
0.0574406
-0.00583905
-0.0216427
0.0368398
-0.0534456
0.0053833
0.0242699
-0.0352956
0.0580727
0.00142518
-0.00992768
0.0389435
-0.0558964
0.00883411
0.0175756
-0.0399484
0.0533784
0.00171014
-0.00786548
0.0349435
-0.0582643
0.00624346
0.00986054
-0.0354407
0.0629329
-0.00669921
-0.00658052
0.0363736
-0.0613679
0.00899997
0.00581908
-0.0360935
0.0606065
-0.0152484
-0.0213578
0.0398813
-0.0482435
0.016202
0.0202699
-0.0497411
0.0449223
0.0171455
-0.0253992
0.038902
-0.0567927
0.00664753
0.0270471
-0.0416634
0.053767
-0.00263702
-0.00955979
0.0330057
-0.0613679
0.00997924
0.00718697
-0.0426634
0.0557048
0.000140217
-0.0139691
0.0369849
-0.0576529
0.0102849
0.00790201
-0.0388293
0.0590573
-0.0116008
0.00554387
0.0331093
-0.060596
0.0160053
-0.0123468
-0.0322179
0.0570211
-0.0318289
0.0095024
0.0398036
-0.0575752
0.0192902
-0.00826385
-0.0355651
0.0560004
-0.0282175
0.0139325
0.0325187
-0.0614147
0.0313109
-0.000222383
-0.0524561
0.0371296
0.0123215
0.00127964
0.0335341
-0.0623834
-0.00374109
0.0253114
-0.0422126
0.0515597
0.00230607
-0.0260106
0.0355134
-0.0560984
0.00105688
0.0195963
-0.0386427
0.0531349
-0.00696344
-0.011622
0.0350471
-0.0636943
0.0128548
0.0179435
-0.0471919
0.0458654
0.00224388
-0.0216427
0.0348813
-0.0568342
0.00640403
0.0213114
-0.0409899
0.0544199
