0.301617
0.0482836
0.0100484
0.0198313
-0.0380813
0.0511057
-0.00822071
-0.00358901
0.0374634
-0.0555992
0.00861831
0.0278313
-0.0382419
0.049774
0.0028675
-0.0264077
0.0317484
-0.0549671
0.00772197
0.0174842
-0.0413662
0.052572
0.000375228
-0.0179776
0.0327069
-0.052252
0.0047427
0.0160748
-0.0356927
0.0559399
0.00233376
-0.0116512
0.0338313
-0.0567236
0.0127634
0.0178313
-0.0420398
0.0499606
-0.00338128
-0.0116719
0.0345256
-0.0574179
0.0193334
0.0292614
-0.0426512
0.0436342
-0.0113605
-0.0236305
0.038111
-0.0434488
-0.0123455
0.0306086
-0.0475475
0.0459346
0.0099919
-0.0310813
0.0293805
-0.058537
-0.0020138
0.0131785
-0.0434699
0.0533907
-0.0067699
-0.00934551
0.0414427
-0.0541691
0.00290327
0.0232407
-0.0424077
0.0523077
-0.00303412
-0.0113662
0.0349143
-0.0598065
0.00829717
-0.000945909
-0.038615
0.0567224
-0.0158581
0.0125354
0.0310179
-0.0578118
0.0305667
-0.00396664
-0.0402679
0.0530695
-0.0195524
0.0105561
0.02865
-0.0568118
0.0253647
-0.012174
-0.0299
0.0538675
-0.0302467
0.00712603
0.0496655
-0.0387597
-0.00411218
-0.00202884
-0.0466305
0.0484061
0.00715246
-0.0213248
0.0310334
-0.0568427
0.00188254
0.0255464
-0.0409984
0.0521834
0.00537523
-0.013304
0.0314842
-0.0570707
0.0111521
0.0114842
-0.0408378
0.0561264
-0.0104435
-0.0139776
0.038339
-0.0488012
0.00294473
0.0225049
-0.0399984
0.0508984
2.8073e-05
-0.0163248
0.0317899
-0.0560292
