-0.150808
0.0485578
-0.00769045
0.0300978
-0.0399961
0.0476518
0.00798882
-0.0157319
0.0375226
-0.0524104
-0.00603761
0.0360356
-0.0423587
0.0345843
0.0166884
-0.0397941
0.0267039
-0.0493896
-0.00569045
0.0317713
-0.0448718
0.0417502
0.013564
-0.0327526
0.0303567
-0.0463482
-0.00766972
0.0316884
-0.0365453
0.0487917
0.0159112
-0.0291413
0.031849
-0.0541461
-0.00397541
0.0307299
-0.0399132
0.0448746
0.0101132
-0.0244262
0.0325018
-0.0511669
0.00298312
0.0407506
-0.0410531
0.0307502
0.00386972
-0.0397526
0.0396778
-0.029462
-0.0273693
0.0460563
-0.0386022
0.0344807
0.0214657
-0.0431827
0.0322945
-0.0452031
-0.0151205
0.0327506
-0.0405661
0.0451596
0.011849
-0.0268148
0.0430096
-0.0411616
-0.013162
0.039077
-0.0361774
0.0461181
0.0142376
-0.0285092
0.0319319
-0.0582291
-0.00519818
0.0174242
-0.0422035
0.0552063
-0.000135569
-0.0104262
0.0314864
-0.0639079
0.013662
0.018077
-0.0418356
0.0544913
0.00255874
-0.0114055
0.0310978
-0.0579287
0.0128486
0.0042998
-0.0402657
0.056025
-0.0125035
-0.0187734
0.0554965
-0.0189957
-0.0163018
0.0229526
-0.0440945
0.0395843
0.019077
-0.0460583
0.0234965
-0.0441409
-0.0162035
0.0420356
-0.0350531
0.0406673
0.0169734
-0.0347941
0.0294189
-0.0497575
-0.00432257
0.0300978
-0.0399961
0.0525482
0.0109112
-0.0351205
0.0395173
-0.0340579
-0.0158356
0.0364242
-0.0414831
0.0439937
0.0180356
-0.0394677
0.0290096
-0.047001
