2.41267
0.0506629
0.0308885
-0.0563505
0.0250332
-0.0211013
-0.0267237
0.0544739
-0.0318477
0.0143852
0.0354999
-0.0597339
0.0168828
0.00255679
-0.0353766
0.0575308
-0.0103347
0.0157739
0.0305206
-0.0543298
0.0309088
-0.0115883
-0.033418
0.0596137
-0.0156818
0.0130795
0.0301942
-0.058594
0.0241523
-0.00958833
-0.0323973
0.0537174
-0.022542
0.0218153
0.0321942
-0.0559412
0.0226031
-0.017692
-0.0307237
0.0524324
-0.0246249
0.0248775
0.032132
-0.0522261
0.0274787
-0.00493549
-0.0290087
0.0605308
-0.0210444
-0.00788428
0.0372149
-0.0614282
0.0188621
0.00329256
-0.0381123
0.0598987
-0.0132932
0.0133438
0.0336035
-0.0606355
0.0238674
-0.0142619
-0.0321538
0.0597796
-0.028744
0.0113023
0.0369092
-0.0582261
0.0211523
-0.0125883
-0.0327859
0.0557796
-0.0216457
0.0295511
0.0315621
-0.0527599
0.0259141
-0.0322879
-0.0223351
0.0430283
-0.0357961
0.04623
0.0201113
-0.0508013
0.0312613
-0.0273087
-0.0159879
0.0506397
-0.0296509
0.0388828
0.0170491
-0.0445371
0.0279401
-0.0509253
-0.0139465
0.0509247
-0.0504383
-0.0021485
0.03393
-0.0609412
0.0287015
-0.000443209
-0.0367444
0.0614893
-0.00886313
0.00899662
0.0345206
-0.0575111
0.0210694
-0.00622045
-0.0304387
0.0574324
-0.0228891
0.0221625
0.0292357
-0.0560863
0.0297483
-0.0227335
-0.0313973
0.0599401
-0.0228424
-0.00210704
0.0341735
-0.0574904
0.0210279
-0.0045054
-0.0357237
0.0552665
-0.015744
0.0177739
