2.41267
0.0534601
0.0362701
-0.0580933
0.0246998
-0.0258026
-0.0294872
0.0535084
-0.0340205
0.0233783
0.0375344
-0.0618445
0.0188966
-0.000491643
-0.0348136
0.059586
-0.0111811
0.026114
0.0338608
-0.054399
0.0319018
-0.0142896
-0.0328758
0.0636689
-0.0181189
0.0196425
0.0369437
-0.0613575
0.0222075
-0.017699
-0.0311608
0.056099
-0.0236941
0.0304612
0.0358815
-0.0576632
0.0215754
-0.019414
-0.02914
0.0554462
-0.024062
0.0315027
0.0367986
-0.0522538
0.0267567
-0.00431034
-0.0274043
0.0628502
-0.0223986
-0.00734206
0.041923
-0.0674144
0.0120571
0.00428559
-0.0398343
0.0595238
-0.0162795
0.00986526
0.036638
-0.0656632
0.0210831
-0.0112689
-0.0325286
0.058099
-0.0331189
0.00986526
0.038923
-0.0599689
0.0214718
-0.0146368
-0.031223
0.0604669
-0.0226941
0.0291762
0.0289023
-0.0578498
0.0235807
-0.0383364
-0.0237929
0.0473685
-0.0358445
0.0475079
0.0211043
-0.0525234
0.0299071
-0.0346006
-0.0254872
0.0506535
-0.0330673
0.0430986
0.0247571
-0.0432799
0.0325653
-0.0495644
-0.0157307
0.0568762
-0.0506681
-0.0103213
0.0379023
-0.062886
0.0218966
-0.00206156
-0.0435286
0.0634201
-0.00717579
0.00984453
0.0419023
-0.0634559
0.0135287
-0.0047766
-0.0395701
0.0599953
-0.020466
0.0183161
0.035923
-0.0570933
0.0256998
-0.0270876
-0.0335286
0.0629746
-0.0255851
0.00145591
0.0392287
-0.0612124
0.0180002
-0.00953311
-0.0368758
0.0626067
-0.0160567
0.0169482
