1.80923
0.0478724
0.0351735
-0.0484176
0.00755639
0.0162979
-0.0402469
0.0554271
-0.00111677
-0.0211639
0.039334
-0.0456973
-0.00916393
0.0350129
-0.0428944
0.0402975
0.0190905
-0.0224696
0.0327227
-0.0439875
0.00679989
0.02593
-0.0383452
0.0510747
0.0177849
-0.0245111
0.033417
-0.0492517
0.000349076
0.0299507
-0.0360188
0.0488519
0.0100076
-0.0215111
0.0383755
-0.0431895
-0.000303769
0.026645
-0.0394074
0.0501991
0.0122926
-0.0174489
0.0458418
-0.0266351
-0.00171312
0.0316658
-0.0439152
0.0455409
0.0206865
-0.0454904
0.0215153
-0.0460859
-0.00644889
0.0317072
-0.0430188
0.0447897
0.0107019
-0.021879
0.03093
-0.0594591
0.00284135
0.0162979
-0.041879
0.0507536
-0.00707531
-0.0272469
0.0344792
-0.0513139
0.00108485
0.0210129
-0.0415526
0.0527328
0.00443242
-0.00644889
0.0320336
-0.0599721
0.00711087
0.000499897
-0.0367184
0.053821
-0.0146765
0.0113491
0.0354015
-0.0586664
0.0133958
0.00823567
-0.0383298
0.0556344
-0.00414279
0.00398119
0.0304223
-0.0581586
0.0163389
-0.00662449
-0.0392261
0.0511629
-0.015381
-0.0366147
0.0232564
-0.0697233
-0.00371312
0.0322771
-0.0382416
0.0456446
0.0201527
-0.0261639
0.034334
-0.047433
-0.00677531
0.0313601
-0.0394074
0.0472613
0.00525112
-0.0191432
0.0301942
-0.0534591
0.00557713
0.0158885
-0.0414074
0.0478727
0.00374339
-0.0338582
0.029334
-0.0478631
-0.00299808
0.026645
-0.0416924
0.0467897
0.0133548
-0.0208168
