0.452428
0.0500159
0.010315
0.00862641
-0.0404313
0.0570667
-0.0108764
0.00524754
0.0374037
-0.0619285
0.0118435
0.0206886
-0.044224
0.0497142
-0.00215611
-0.0162447
0.0333622
-0.0599699
0.0116414
0.00964715
-0.0456748
0.0531858
-0.00497481
-0.00881465
0.0343
-0.0559077
0.00800933
0.00591137
-0.0433277
0.0545122
-0.00362765
-0.00718254
0.0340772
-0.0597264
0.0173772
0.00929999
-0.0427163
0.0536573
-0.0120992
-0.00283538
0.0354451
-0.0617264
0.0219057
0.0227301
-0.0445919
0.0435744
-0.019322
-0.0178976
0.041787
-0.0537573
-0.0147939
0.020098
-0.0483069
0.0527349
-0.00213538
-0.016939
0.0347093
-0.0596435
0.0090508
0.00389064
-0.0381049
0.0590874
-0.0118557
0.0045325
0.0404244
-0.0583171
0.0133358
0.0102793
-0.0384106
0.0580459
-0.00950855
0.00520608
0.0358545
-0.0592602
0.0207297
-0.0112545
-0.0361671
0.0550097
-0.0196382
0.0264963
0.0311394
-0.0510996
0.0362634
-0.0146016
-0.036535
0.0563776
-0.0232703
0.0227606
0.0334866
-0.0494468
0.0320821
-0.0241354
-0.0297992
0.0508284
-0.0396175
0.0152683
0.0496471
-0.0454984
0.00089023
-0.0126224
-0.0442862
0.0544085
0.000170315
-0.014224
0.0349943
-0.058887
0.00953779
0.0156886
-0.0436748
0.0555122
-1.6271e-05
-0.000141074
0.0357715
-0.0577886
0.0224394
0.00895284
-0.0391049
0.0587402
-0.0137935
-0.00314107
0.0402793
-0.0518248
0.00857925
0.0126471
-0.0430012
0.0558386
-0.00195408
-0.00683538
0.0353622
-0.0563378
