1.96016
0.0478728
0.0305528
-0.0558777
0.00528285
0.0078792
-0.0419712
0.0495422
-0.0123334
-0.0161525
0.0363869
-0.0472611
-0.000986666
0.0259207
-0.0403753
0.0441483
0.00956822
-0.0171525
0.030817
-0.0518155
0.00883203
0.0205942
-0.0401733
0.0519255
0.00526253
-0.0205619
0.032532
-0.0580798
-0.00155658
0.0182056
-0.036194
0.0513971
0.00138163
-0.00943748
0.0334906
-0.0517741
0.00254707
0.0131849
-0.0388676
0.0507028
0.00174952
-0.0111318
0.0426511
-0.036546
0.0030548
0.0236357
-0.0434582
0.0517597
0.010817
-0.0372147
0.0288946
-0.0461159
-0.0058261
0.0333507
-0.0417224
0.0477389
0.0153455
-0.0192147
0.0305735
-0.0585306
0.00683203
0.0185942
-0.0379298
0.0550914
-0.00316755
-0.0182562
0.0368792
-0.0537741
0.00446415
0.0179621
-0.0386655
0.0565215
0.000257242
0.00188894
0.0350451
-0.057085
0.0128581
-0.00126593
-0.0320749
0.0551796
-0.0134838
0.019402
0.0343922
-0.0577793
0.0158373
0.000469846
-0.0344635
0.0601381
-0.0103594
0.0149719
0.0364544
-0.0532924
0.0218426
-0.0151054
-0.032992
0.0559723
-0.021209
-0.028992
0.0270036
-0.0692456
0.00507553
0.024615
-0.0411111
0.0504747
0.0126511
-0.0195411
0.0357755
-0.0496704
0.0020548
0.023615
-0.0346033
0.0584385
0.00307594
-0.0078261
0.0352678
-0.0522871
0.0117129
0.00846985
-0.0375619
0.0553556
-8.46266e-05
-0.0242354
0.031817
-0.0527741
0.00579057
0.0212678
-0.039194
0.0526406
0.00485318
-0.0145411
