-0.904879
0.0474246
-0.0349165
0.0519701
-0.0166311
0.0135189
0.0321827
-0.0527454
0.0238144
-0.00216974
-0.0334864
0.0560477
-0.00493153
-0.00232056
0.0348148
-0.0558852
0.00866928
-0.00447543
-0.0365279
0.0479079
-0.0198539
0.00474163
0.0338563
-0.0579474
0.0120164
-0.00214901
-0.032875
0.0519286
-0.017201
0.00710952
0.0312242
-0.0577454
0.016203
-0.0109262
-0.03316
0.0459494
-0.0180197
0.0155603
0.0305091
-0.0540718
0.0146331
-0.018662
-0.0367714
0.0424986
-0.0181803
0.0037831
0.030162
-0.0612323
0.0151148
0.0120998
-0.04516
0.0541876
0.00194937
-0.0110978
0.0390998
-0.0553722
0.00472619
0.00938473
-0.0389165
0.0577628
-0.00564657
0.00102659
0.0332242
-0.0612945
0.018177
0.00975262
-0.043875
0.0507213
-0.0076673
-0.000279097
0.0305299
-0.0603153
0.00746725
-0.0142319
-0.0339372
0.0520323
-0.0174084
0.0199282
0.0288977
-0.0538905
0.0178819
-0.0308486
-0.0271807
0.0503587
-0.0190612
0.0185603
0.0312242
-0.0538283
0.0171046
-0.0228071
-0.0228543
0.0475246
-0.024025
0.0324412
0.0268355
-0.0557661
0.034892
0.0214262
-0.0318958
0.0634156
-0.0048486
-0.00966771
0.0330583
-0.0586779
0.000358303
0.0103433
-0.0384864
0.0546384
-0.00121649
-0.00364698
0.0324884
-0.0559474
0.0156485
0.00191319
-0.0355279
0.0502136
-0.0132218
0.00984529
0.0311412
-0.059538
0.0147677
0.016364
-0.0367714
0.0496799
-0.00825795
-0.00599414
0.0327941
-0.0575173
0.0082392
0.00126034
