-0.150808
0.0469365
-0.0361558
0.0475857
-0.0162176
0.0105023
0.0328812
-0.0540261
0.0227771
-0.000735465
-0.0404408
0.0509897
-0.00517083
-0.00766352
0.0344719
-0.0554716
0.00597916
-0.00277693
-0.0348501
0.0512592
-0.0181139
0.00176656
0.0325133
-0.0585338
0.0112641
0.00428527
-0.0335237
0.0555442
-0.00976677
0.00680802
0.0322076
-0.0559847
0.0148186
-0.00816555
-0.0361558
0.0488914
-0.0141761
0.0094816
0.0348605
-0.0519847
0.0162072
-0.0108599
-0.0400729
0.042767
-0.0153574
-0.00423344
0.030104
-0.0571245
0.0157097
0.0201662
-0.0417879
0.0500105
-0.0062123
-0.00531637
0.0341662
-0.0552074
0.0119999
-0.00138831
-0.0359123
0.0546271
-0.0164818
0.00611371
0.0312698
-0.0584147
0.0257357
0.00332673
-0.0375444
0.0532178
-0.0121139
0.00580802
0.0295755
-0.0587204
0.0126166
-0.0172899
-0.030218
0.049793
-0.0214871
0.0233418
0.0272491
-0.0512749
0.0230105
-0.0325595
-0.0234615
0.047793
-0.0241399
0.0209739
0.0275962
-0.0542334
0.020254
-0.0275387
-0.0194822
0.0446532
-0.0314509
0.0332019
0.0218397
-0.0558034
0.0383056
0.0191247
-0.0325859
0.0618914
-0.0122745
-0.00629564
0.0321454
-0.0578188
0.00856981
0.00265315
-0.0398294
0.0520934
-0.00829522
-0.00160133
0.031534
-0.0553318
0.0168186
-0.00583912
-0.0315237
0.0503629
-0.0196477
0.0132381
0.0288812
-0.0609639
0.0179377
0.00702104
-0.0398086
0.0491141
-0.00970457
0.000481601
0.0281454
-0.0575753
0.0103885
-0.00447124
