-0.351887
0.0498406
-0.0223277
0.0435849
-0.0343378
0.0361337
0.020015
-0.0444882
0.0355951
-0.0308919
-0.027737
0.0530927
-0.0279439
0.0188227
0.0271394
-0.054711
0.0181858
-0.0350163
-0.0239805
0.0412378
-0.0399077
0.0296207
0.0264451
-0.0520582
0.023165
-0.0306277
-0.0249805
0.0412171
-0.0359492
0.0340301
0.0254036
-0.0451411
0.0283723
-0.0364878
-0.0149183
0.0432585
-0.0366435
0.0340715
0.0227093
-0.0454675
0.0260666
-0.040835
-0.0175919
0.0435435
-0.0394777
0.0180093
0.0149943
-0.0559752
0.0287918
-0.00984514
-0.0385143
0.0560305
-0.0241667
0.0180248
0.0362016
-0.0526903
0.0237349
-0.025524
-0.0250842
0.0499114
-0.0325606
0.0346414
0.0294451
-0.0454675
0.0384707
-0.0204618
-0.0270634
0.0488492
-0.0311512
0.0319057
0.0298545
-0.050509
0.0247402
-0.0425086
-0.0169598
0.0419943
-0.0351773
0.0459317
0.0212585
-0.031224
0.0301341
-0.058861
-0.00581466
0.0383414
-0.0388716
0.0449317
0.0192793
-0.0362033
0.029989
-0.047146
-0.00338458
0.0290565
-0.0411204
0.0545276
0.00882844
-0.0384675
0.0529784
0.00137762
-0.0246748
0.048787
-0.0329854
0.021087
0.0345073
-0.0549545
0.020937
-0.0204203
-0.0304106
0.0530512
-0.0232911
0.0244963
0.0301809
-0.0517939
0.0288593
-0.0279541
-0.0213484
0.0459321
-0.0339907
0.0390508
0.0267715
-0.0504053
0.0356313
-0.012011
-0.0284313
0.0531341
-0.0286797
0.0244963
0.031813
-0.0520167
0.0240614
-0.024524
