2.46295
0.0499952
0.0369057
-0.0495147
0.0227654
-0.0210634
-0.0256029
0.0515325
-0.0314834
0.0155268
0.0318642
-0.0596545
0.01433
-0.00175247
-0.0366029
0.0535894
-0.00999109
0.0198947
0.0318849
-0.0499033
0.0310296
-0.0119391
-0.0282765
0.0557345
-0.0197061
0.0162004
0.0299057
-0.0558618
0.0223353
-0.0166334
-0.0286443
0.0538382
-0.0228927
0.0266305
0.0318849
-0.0521882
0.0214183
-0.0217163
-0.02695
0.0505532
-0.0273021
0.0270191
0.0294963
-0.0504939
0.025641
-0.00900125
-0.0231935
0.0566516
-0.0224574
0.00127801
0.0356622
-0.0608204
0.0218223
-0.00779393
-0.034033
0.0561231
-0.0207891
0.0228739
0.032315
-0.0553126
0.027154
-0.0220634
-0.0243179
0.053289
-0.0355456
0.0198118
0.0356414
-0.0542504
0.0231333
-0.0250427
-0.027033
0.0526776
-0.0275094
0.0401642
0.0268642
-0.0437635
0.0289366
-0.0451309
-0.0161521
0.036802
-0.0375561
0.0521487
0.0137398
-0.0437842
0.0332215
-0.0390687
-0.01452
0.0434341
-0.0334317
0.045128
0.0139626
-0.0308256
0.0339004
-0.056074
-0.0034163
0.0463927
-0.0554834
0.000340206
0.0332321
-0.0502297
0.0297032
-0.0149183
-0.0306651
0.0580817
-0.017074
0.0228532
0.0336622
-0.0589033
0.024641
-0.0135919
-0.0276858
0.0552475
-0.0259549
0.0276719
0.0285585
-0.0477013
0.0303613
-0.0315557
-0.0196236
0.0585532
-0.030074
0.0137703
0.033315
-0.0565976
0.0263768
-0.0169598
-0.0293179
0.0531853
-0.023587
0.0279776
