-0.150808
0.0516476
-0.0165686
0.00688184
0.0382245
-0.0579108
0.0237318
-0.00590515
-0.0347141
0.0620481
-0.0122991
-0.00956898
0.0410587
-0.0545791
0.0136644
0.0116701
-0.0384291
0.0601103
-0.0118121
0.00353468
0.0391623
-0.058745
0.0168509
0.00189282
-0.0393877
0.0557631
-0.00893645
0.0139648
0.0388566
-0.0607657
0.0129339
-0.00684295
-0.037797
0.0575818
-0.02161
0.00588184
0.0398359
-0.0551543
0.0209961
-0.00484295
-0.0367763
0.0578875
-0.0277499
-0.0122633
0.0391001
-0.0488279
0.0328924
0.00964932
-0.047569
0.0546335
0.00372697
-0.0236726
0.0373851
-0.0592113
0.0125192
0.0197737
-0.0427141
0.058618
-0.00336125
0.00151395
0.0375302
-0.0621129
0.0158717
-0.00208645
-0.0460405
0.0559237
-0.00825759
-0.0102218
0.0331831
-0.0641336
0.0155453
-0.00308645
-0.0408385
0.057929
-0.0173873
0.0166383
0.0353075
-0.062056
0.0219806
-0.0224389
-0.0284499
0.0508928
-0.0396775
0.0193741
0.0339188
-0.0587088
0.0236542
-0.0240503
-0.0325121
0.0525664
-0.0337812
0.0281928
0.0305302
-0.0531182
0.0346957
-0.0206409
-0.0485897
0.0435558
0.000369239
0.0210684
0.0391209
-0.0625791
0.00958143
0.0140379
-0.0420405
0.0602501
-0.00391043
-0.00852751
0.0334888
-0.0666828
0.00807371
0.00389282
-0.0373877
0.0551518
-0.0162421
0.00657614
0.0342453
-0.0661958
0.0195453
-6.57164e-05
-0.0470198
0.0555351
-0.00293117
-0.00487467
0.0368566
-0.0653771
0.0124001
0.00497575
-0.0404706
0.0594989
