-0.201078
0.0489467
-0.00827318
0.0325565
-0.0398431
0.0477012
0.00791911
-0.0292939
0.0373854
-0.0397028
-0.0133561
0.0424114
-0.0341228
0.0336545
0.0191679
-0.0422939
0.0256911
-0.0444593
-0.0116411
0.034515
-0.0416772
0.0421053
0.0207378
-0.0335789
0.0283854
-0.0444593
-0.0129468
0.0328
-0.0383508
0.0421882
0.0146963
-0.0316618
0.0318569
-0.0476045
-0.0055374
0.0311679
-0.0407394
0.0422504
0.0113077
-0.0296618
0.029287
-0.0534024
0.00178902
0.0365565
-0.0446565
0.0328618
0.00502277
-0.0422939
0.0380951
-0.0273504
-0.0249106
0.0494736
-0.0347549
0.0348772
0.0246394
-0.0460504
0.0316703
-0.0416821
-0.0147447
0.0392301
-0.0400451
0.0441675
0.016085
-0.0320711
0.0411419
-0.0450293
-0.0160919
0.0392301
-0.0397187
0.0445146
0.0154114
-0.032724
0.0283699
-0.0601175
-0.00412805
0.0232094
-0.0383768
0.0562972
0.00169106
-0.0123146
0.0315772
-0.0627549
0.0137321
0.0209037
-0.0433768
0.0535821
0.00303821
-0.0136203
0.0311679
-0.0564077
0.0115508
0.0088
-0.0408069
0.0551366
-0.014024
-0.0220089
0.0578724
-0.0150862
-0.0215789
0.0250435
-0.0425736
0.0376337
0.0232094
-0.0429468
0.0285874
-0.0399463
-0.0187655
0.0414736
-0.0362264
0.0383902
0.0188
-0.0366825
0.030489
-0.0485423
-0.00894675
0.0328829
-0.0381902
0.0529862
0.0130228
-0.0333146
0.0393024
-0.0349256
-0.0160919
0.0402094
-0.0406358
0.0420431
0.0221679
-0.0386411
0.0280797
-0.0468065
