-0.201078
0.048887
-0.015764
0.0428015
-0.0332871
0.0427803
0.01776
-0.0369867
0.0356096
-0.0372713
-0.0184376
0.0466771
-0.0323026
0.0268165
0.0235787
-0.0499038
0.0217909
-0.0356184
-0.0160904
0.0414751
-0.0398571
0.0342881
0.0218222
-0.0425774
0.0281588
-0.0326184
-0.0147225
0.0411072
-0.0368571
0.0359824
0.0224543
-0.0366189
0.0286925
-0.0431314
-0.00935463
0.0408222
-0.0382664
0.037086
0.0167186
-0.0333339
0.0308169
-0.048888
-0.00668105
0.0434751
-0.0407949
0.0246767
0.0110657
-0.0455567
0.0358893
-0.017551
-0.0292563
0.0523092
-0.0301575
0.0206921
0.0253352
-0.0555981
0.0259722
-0.0273904
-0.0248676
0.0454336
-0.0338156
0.0359616
0.0218429
-0.0422924
0.036423
-0.0277375
-0.0241941
0.0451072
-0.0354684
0.0362259
0.0245994
-0.0450282
0.0260604
-0.0481522
-0.0133339
0.0331901
-0.0384945
0.0499462
0.0139828
-0.0277018
0.0277393
-0.0625254
0.00181123
0.0332108
-0.0414737
0.0462519
0.0126564
-0.0310075
0.0279413
-0.0534424
-0.00110584
0.0222108
-0.042681
0.0535007
-0.00140584
-0.0377018
0.0559307
-0.00514161
-0.0284997
0.0433299
-0.0352819
0.0254072
0.0266409
-0.0558416
0.0202364
-0.0276961
-0.0275412
0.0486564
-0.0283026
0.0301637
0.0236202
-0.0499867
0.0268531
-0.0369449
-0.0174376
0.0395165
-0.0393286
0.0446974
0.021558
-0.0479453
0.0349722
-0.0216546
-0.0271733
0.0436978
-0.0330591
0.0318787
0.0238844
-0.0455981
0.0271588
-0.0342713
