4.17217
0.0473666
-0.0324856
0.0263693
0.02266
-0.0410868
0.0306701
-0.0324128
-0.0172319
0.0477791
-0.032299
0.0201205
0.0324994
-0.0533096
0.0262762
-0.0144075
-0.0270092
0.0477998
-0.0307083
0.0225921
0.0270486
-0.0486153
0.022727
-0.0235319
-0.0253148
0.0477791
-0.0270762
0.0289392
0.0307429
-0.0456567
0.0241778
-0.0283092
-0.0219262
0.0431677
-0.0341384
0.0256543
0.0256807
-0.0417189
0.0302608
-0.0283506
-0.016947
0.0459242
-0.0473197
0.00777336
0.0263957
-0.0440868
0.0381156
-0.0181018
-0.0289884
0.0552246
-0.0150502
0.0154055
0.0328258
-0.0516567
0.0282969
-0.0150604
-0.0280299
0.0461884
-0.0292213
0.0360429
0.0267636
-0.0457811
0.0286701
-0.0347392
-0.0189262
0.044862
-0.0354648
0.0262656
0.0267843
-0.0471283
0.0286701
-0.0353921
-0.0215791
0.0359656
-0.0381437
0.0415974
0.0199035
-0.0331283
0.0260226
-0.0505218
-0.0062681
0.0219449
-0.0459002
0.0419445
0.0192299
-0.0328018
0.0280018
-0.0510917
-0.00941322
0.028375
-0.043351
0.0461518
0.013349
-0.0200868
0.0389396
-0.0435579
-0.018149
0.0404112
-0.0209571
0.0454937
0.0254165
-0.0539417
0.0229291
-0.0170604
-0.0306827
0.0477376
-0.0302575
0.0164884
0.0274579
-0.0533303
0.0204421
-0.0253092
-0.0199055
0.0415356
-0.0352213
0.02939
0.0226807
-0.0440661
0.0318721
-0.0272262
-0.0272941
0.046064
-0.0286461
0.0221827
0.0301315
-0.0513303
0.0240742
-0.0235319
-0.024662
0.0461884
