2.26185
0.0487141
0.0293943
-0.0592488
0.0179845
-0.00636751
-0.0310521
0.0521609
-0.024663
-0.00110898
0.0342699
-0.0579171
0.00689631
0.0122077
-0.0416013
0.0477878
-0.00147645
0.00389102
0.0373114
-0.0497773
0.0201866
0.00210404
-0.0353992
0.0573215
-0.0114765
-0.00382402
0.0320264
-0.0578187
0.0161866
6.25757e-05
-0.0340521
0.0547101
-0.0103366
0.00997395
0.0340057
-0.0561037
0.0122073
-0.00495816
-0.0363992
0.0510988
-0.0160724
0.00999468
0.0385341
-0.0443057
0.0170829
0.0071455
-0.037337
0.0578085
-0.00816547
-0.0239691
0.0328813
-0.0581606
0.00540403
0.0206585
-0.0419899
0.0521349
-0.00141426
0.00115525
0.036415
-0.0591452
0.0164715
0.00310404
-0.0327671
0.0574459
-0.0202122
-0.0041919
0.0337207
-0.0607773
0.0144093
0.00449266
-0.035135
0.0594252
-0.00739881
0.0179947
0.0344565
-0.0553525
0.019254
-0.0241862
-0.0285029
0.0524512
-0.0252435
0.0369378
0.0293943
-0.0536996
0.0242126
-0.0164919
-0.0254614
0.0553683
-0.0227305
0.0258548
0.0277
-0.0474769
0.0275028
-0.0294143
-0.0190106
0.055591
-0.0378443
-0.0173578
0.0324772
-0.0678395
0.0183057
0.0145756
-0.0386842
0.0591142
0.00366867
-0.00217117
0.0366585
-0.0576529
0.0112849
0.0115341
-0.0353992
0.0566687
-0.00955938
0.00421745
0.0353736
-0.0532073
0.018026
-0.0119996
-0.0377671
0.0573422
-0.0164143
-0.00992768
0.0370057
-0.0553887
0.0153886
0.00651339
-0.0370935
0.0593008
-0.00649718
0.00284956
