-0.904879
0.0530078
-0.0362919
0.0591077
-0.016535
0.0148585
0.0343825
-0.0594058
0.0258483
-0.00131713
-0.0391675
0.059776
-0.0047525
-0.00702242
0.0372995
-0.0598306
0.00837677
-0.00433786
-0.0349448
0.057802
-0.0241257
0.00508124
0.0357089
-0.0642606
0.0120711
-0.00333786
-0.034924
0.0603719
-0.0137578
0.011102
0.0380768
-0.0597114
0.0176255
-0.0144415
-0.0369033
0.0550662
-0.0178407
0.0141227
0.0384239
-0.0594058
0.0206255
-0.0120944
-0.0407997
0.0485739
-0.0176541
-0.000613072
0.0353203
-0.064157
0.0180658
0.0196674
-0.0488411
0.0586101
0.000454821
-0.0164732
0.0386467
-0.0634212
0.0078223
0.00719588
-0.0416391
0.0619625
-0.0116127
0.00269262
0.0354447
-0.0679964
0.0225788
0.0102581
-0.0459448
0.0588796
-0.0102033
-0.00232811
0.0324447
-0.0703436
0.010154
-0.0123586
-0.038007
0.0578642
-0.0206594
0.0212264
0.0328125
-0.0609395
0.0203459
-0.0363846
-0.0289655
0.0592735
-0.0233952
0.0232678
0.0308125
-0.0642452
0.0192422
-0.0306488
-0.0309448
0.0503772
-0.0290119
0.0358016
0.0270768
-0.0671208
0.0368845
0.023341
-0.0370277
0.0706569
-0.0140997
-0.0130639
0.0366052
-0.064359
0.00343368
0.00786946
-0.0452297
0.0591231
-0.00642607
-0.00736958
0.0343825
-0.0649549
0.0140711
-0.00296997
-0.0382505
0.0534341
-0.0208822
0.0144699
0.0377504
-0.068872
0.0138223
0.0118902
-0.0432297
0.0581853
-0.00755046
-0.00126592
0.0333203
-0.0641984
0.00998815
-0.000275665
