0.452428
0.0479242
0.010938
0.00773639
-0.0328291
0.0563632
-0.0153986
0.00682906
0.0389022
-0.0573262
0.0107514
0.0211665
-0.0379689
0.0526014
0.00203679
-0.0142539
0.0291665
-0.0583677
0.00820224
0.0104307
-0.0387047
0.0514201
-0.00580264
-0.00655955
0.0328608
-0.0567148
0.00793801
0.00538923
-0.038399
0.0534409
-0.00319126
-0.000518091
0.0309437
-0.0611657
0.0136323
0.0064307
-0.0384612
0.052586
-0.0129685
0.000155486
0.0302909
-0.0599014
0.0262022
0.0219022
-0.0410311
0.0445031
-0.0191705
-0.0126425
0.0417157
-0.0519945
-0.00253882
0.0299644
-0.0452331
0.0470884
0.00489696
-0.0250311
0.031125
-0.0575904
0.003425
0.0131665
-0.0410726
0.0533994
-0.00441402
-0.00794817
0.0388193
-0.0558547
0.00364776
0.0212287
-0.0410311
0.0513579
-0.00274044
-0.00694817
0.0332909
-0.0614713
0.00802094
-0.00065223
-0.0345234
0.0554047
-0.0155022
0.0132384
0.0320266
-0.0570673
0.0269226
-0.00367296
-0.0348705
0.0560783
-0.0168079
0.00989126
0.0310059
-0.0557409
0.0217413
-0.0158388
-0.0325026
0.0498555
-0.0321758
0.00213475
0.0489799
-0.0357096
-0.00406199
-0.001388
-0.0409274
0.0518035
0.00652907
-0.0232953
0.0303685
-0.0548132
0.00358557
0.0272287
-0.0412331
0.0481506
0.00805753
-0.00992744
0.0331872
-0.0560413
0.0105494
0.00914574
-0.0401348
0.0571352
-0.00839329
-0.014601
0.0360421
-0.0520982
0.0006063
0.0219022
-0.0429896
0.0509071
0.000425412
-0.0183161
0.03084
-0.0603055
