3.87051
0.0519117
-0.0201616
0.00910749
0.034388
-0.0588096
0.0204083
-0.0215189
-0.0366128
0.0587038
-0.0226486
-0.00436406
0.0366729
-0.0619287
0.0172994
0.00477132
-0.03796
0.0577246
-0.0184673
0.00712822
0.0336522
-0.0586852
0.0201595
-0.0056795
-0.0366336
0.0574396
-0.0195502
0.0128225
0.033388
-0.0630738
0.0162632
-0.015436
-0.0366543
0.0545433
-0.0296124
0.00947537
0.0333465
-0.0571153
0.0233254
-0.0137832
-0.0333279
0.0565847
-0.039773
-0.00773194
0.0366729
-0.0534417
0.0325274
-0.00124941
-0.0465299
0.0580042
-0.00396974
-0.0138149
0.0412843
-0.0594364
0.0153977
0.0182636
-0.0402864
0.0619059
-0.00599576
0.00841318
0.0373673
-0.060338
0.0181388
-0.0056795
-0.0385921
0.0612323
-0.00860714
0.00269814
0.035388
-0.0614002
0.0211803
-0.0066795
-0.0343693
0.060564
-0.0213689
0.0212526
0.0327144
-0.0545868
0.0236571
-0.0323998
-0.0243279
0.0535071
-0.0419856
0.0266205
0.032103
-0.0573226
0.0283099
-0.0263998
-0.0209393
0.0518335
-0.0344986
0.0408485
0.0306315
-0.0423848
0.0453929
-0.0236019
-0.0390998
0.0455587
-0.00336893
0.0343563
0.0370201
-0.0626023
0.0186051
0.00615994
-0.0409807
0.0622738
-0.0116071
0.00133025
0.0377144
-0.0603588
0.0194859
-0.00372096
-0.0319393
0.0561754
-0.0229803
0.0171904
0.0340616
-0.057851
0.028999
-0.0104153
-0.0362657
0.0612945
-0.0113429
0.00571887
0.0357351
-0.0617474
0.0228331
-0.00433234
-0.034675
0.0608282
