-0.150808
0.0485508
-0.0163178
0.0439212
-0.034758
0.0384908
0.0209005
-0.0361727
0.0376672
-0.0330479
-0.0216857
0.0523668
-0.0256491
0.0195062
0.0253928
-0.0523954
0.0188278
-0.0334157
-0.0199914
0.0435326
-0.0366129
0.0303249
0.0236778
-0.0477633
0.0297656
-0.0216385
-0.0193178
0.046144
-0.030245
0.0333249
0.0260249
-0.0444784
0.0279729
-0.0361308
-0.0189706
0.045144
-0.0292865
0.0360399
0.0253306
-0.0428048
0.0263615
-0.0405194
-0.0199292
0.042429
-0.0341414
0.0199777
0.0153306
-0.0567218
0.0311282
-0.0092446
-0.0355251
0.0517761
-0.0303849
0.0228119
0.0274757
-0.0544784
0.025807
-0.0302914
-0.0254007
0.0429212
-0.038043
0.0340814
0.019657
-0.0442141
0.0385635
-0.0259649
-0.0217064
0.0462062
-0.0333072
0.0346928
0.0230456
-0.0449084
0.0268538
-0.0486645
-0.0152349
0.0349627
-0.0379653
0.0447188
0.0111025
-0.0272971
0.0319005
-0.0620584
0.00160457
0.0326778
-0.0420275
0.0467188
0.0121233
-0.0309084
0.0307347
-0.0513019
-0.000638921
0.022657
-0.0425198
0.0519261
-0.000591759
-0.0382556
0.0560712
-0.0040633
-0.0253178
0.0434082
-0.0334263
0.023159
0.0281078
-0.0570068
0.0173147
-0.0272084
-0.0294214
0.0494082
-0.0270999
0.0265684
0.0260664
-0.0478255
0.0279314
-0.0347422
-0.0206857
0.0416156
-0.035841
0.0428794
0.0176156
-0.0461312
0.0344391
-0.0215556
-0.02438
0.0451855
-0.0336129
0.0336513
0.0244135
-0.0508255
0.0252578
-0.0354365
