-0.301617
0.0487235
-0.0174013
0.0479207
-0.0344114
0.0377544
0.0229207
-0.0394996
0.0362158
-0.0276805
-0.0217069
0.0513662
-0.0280175
0.0207699
0.0287601
-0.0534374
0.0237236
-0.0253334
-0.0213598
0.0444906
-0.0372248
0.0268735
0.0273715
-0.0497639
0.0273764
-0.023924
-0.0237691
0.0507963
-0.0311626
0.0281792
0.0297394
-0.0488053
0.0265008
-0.0290899
-0.0179919
0.0461227
-0.0305927
0.0332829
0.0276772
-0.0444789
0.0288894
-0.031437
-0.0212769
0.0443248
-0.0300382
0.0171792
0.0216772
-0.0573338
0.0315939
0.00285852
-0.03522
0.0501435
-0.0321834
0.0278735
0.0257601
-0.0518675
0.0255837
-0.0380899
-0.0243805
0.0382679
-0.0414943
0.0371223
0.0179414
-0.0419297
0.0383195
-0.0320899
-0.0190334
0.0422679
-0.0401057
0.034428
0.017615
-0.0426033
0.0265683
-0.0507895
-0.011826
0.028615
-0.0387846
0.0491898
0.00660973
-0.021909
0.0298792
-0.0611419
0.00433981
0.0289414
-0.0407224
0.044454
0.00730404
-0.0248882
0.0268378
-0.0588362
0.00476989
0.0192886
-0.040624
0.0547236
-0.006411
-0.032909
0.0544593
-0.00949393
-0.025624
0.0357756
-0.0399191
0.0265471
0.0253923
-0.0534374
0.021765
-0.0313334
-0.0250748
0.0464699
-0.0335512
0.0262829
0.0203508
-0.0492147
0.0263195
-0.0378878
-0.0159504
0.0379207
-0.0385358
0.0411845
0.0149622
-0.0501939
0.0324593
-0.0262712
-0.0257484
0.0454906
-0.0336134
0.0306508
0.0213508
-0.0488675
0.0253195
-0.0398671
