0.703783
0.0501707
0.0220636
-0.00177538
-0.0336673
0.0543852
-0.020729
0.0161775
0.0312092
-0.0616982
0.0179185
0.00332828
-0.0406258
0.0561157
-0.0123144
-0.00570344
0.0282506
-0.0638018
0.0193901
-0.00214327
-0.0342579
0.0512815
-0.0192782
0.010421
0.0335563
-0.0571075
0.0162088
-0.0152469
-0.0330144
0.0586701
-0.0172782
0.0117681
0.0306185
-0.059579
0.0268823
-0.00851116
-0.0339937
0.0517531
-0.0250969
0.0161567
0.0322299
-0.0532319
0.0377579
0.0066547
-0.0376051
0.0447116
-0.0336461
0.00333802
0.0365149
-0.0638173
0.00634331
0.0114112
-0.0393201
0.0581571
-0.0126823
-0.00107133
0.0359242
-0.0584339
0.0161673
-0.0141847
-0.035403
0.0567738
-0.0227498
0.0191153
0.0369449
-0.0581282
0.0234108
-0.00275465
-0.0350351
0.0541002
-0.0247498
0.0167888
0.0323128
-0.0560091
0.0278047
-0.0210864
-0.0223408
0.0526754
-0.0304908
0.0360998
0.0275149
-0.0447449
0.0389498
-0.0244128
-0.0253616
0.0523283
-0.0314494
0.0320791
0.0251884
-0.0477449
0.0317063
-0.0322522
-0.0209315
0.0427584
-0.0494701
0.0258718
0.0404941
-0.0512888
0.00622949
-0.0233299
-0.0366051
0.0597478
-0.00890506
-0.00676564
0.0371677
-0.0565945
0.017162
0.00936974
-0.0376465
0.0581779
-0.0104388
0.00470591
0.0319035
-0.0565169
0.0261673
-0.00483758
-0.0303408
0.0596909
-0.023501
0.000643714
0.0394527
-0.0544908
0.011447
0.00934901
-0.0356465
0.0588722
-0.0127652
0.00399087
0.0372092
-0.0550453
