-1.35753
0.0477506
-0.0421036
0.0468139
-0.000875103
-0.00804137
0.0320525
-0.0588288
0.00998465
0.0173375
-0.0456528
0.0465029
0.0128038
-0.02543
0.0340887
-0.0467613
-0.00820194
0.0173375
-0.0423885
0.0447517
-0.00307713
-0.0210828
0.0299074
-0.0549893
0.00220741
0.0196847
-0.0397564
0.0510781
0.00359644
-0.0163885
0.0302753
-0.0547251
0.00267896
0.00962246
-0.0450621
0.043731
0.00281921
-0.00834706
0.0352546
-0.0490308
0.00600538
0.0116639
-0.0526113
0.0319123
-5.64027e-05
-0.0184507
0.0381924
-0.0530877
-0.00573568
0.0367261
-0.0323056
0.0506688
0.00635295
-0.0184715
0.0346432
-0.0553572
0.00390172
0.0157469
-0.0406166
0.0573269
-0.00428445
-0.00436779
0.0317883
-0.0602796
0.0170468
0.0160525
-0.0412072
0.0525912
-0.00456941
-0.00610356
0.0371147
-0.0562381
0.00758058
-0.00315478
-0.0349845
0.0558814
-0.0119426
0.0121245
0.0305034
-0.0538755
0.0186895
-0.02373
-0.0313316
0.05827
-0.015269
0.010083
0.0318505
-0.0584454
0.0135029
-0.0146471
-0.0316373
0.0493944
-0.0219064
0.0255753
0.0328298
-0.0596889
0.0276582
0.0287883
-0.0309637
0.0715912
0.00431148
-0.0177771
0.0359074
-0.0535593
-0.00383405
0.0173582
-0.0427564
0.0506895
0.00729075
-0.0150621
0.0296639
-0.056808
0.00672042
0.0112546
-0.0354922
0.0500005
-0.00738811
0.000673672
0.0357261
-0.059093
0.00755457
0.0217261
-0.0424093
0.0474046
0.00190213
-0.0140828
0.034296
-0.0550101
0.00126961
0.0136639
