-1.20658
0.0518353
-0.0434889
0.0519831
-0.00450391
-0.00603806
0.0348953
-0.0621933
0.0134388
0.0127916
-0.0503645
0.048325
0.00684853
-0.0238153
0.0393201
-0.0531259
-0.00644213
0.0137916
-0.0467531
0.0455737
-0.00872667
-0.0177738
0.0344652
-0.0623332
0.000967224
0.0147709
-0.0411417
0.0549416
-0.00109456
-0.0106909
0.0311802
-0.0641311
0.00478592
0.00572943
-0.0451625
0.0522888
-0.00378887
-0.00938522
0.0351802
-0.0601311
0.00748023
0.00572943
-0.0507116
0.0424701
-0.00237952
-0.0134267
0.0384445
-0.0618824
0.00237129
0.0339367
-0.0485872
0.0487912
0.0167294
-0.0318775
0.0402579
-0.0497165
-0.00228156
0.028916
-0.0411417
0.059838
0.00574487
-0.0135096
0.0402424
-0.0653746
0.00849568
0.0285896
-0.0454059
0.0540607
0.00780707
-0.017836
0.0385067
-0.0610275
0.00137657
0.00809731
-0.0402868
0.0621075
-0.000954722
0.00732982
0.0390197
-0.0607271
0.0148534
-0.0144572
-0.0399812
0.0611904
-0.00864903
0.00363552
0.0380197
-0.0630328
0.0147497
-0.00706854
-0.0366755
0.0564184
-0.0193279
0.0184749
0.0389575
-0.0632141
0.0255371
0.0376725
-0.0339604
0.0756359
0.00515422
-0.0251003
0.0352786
-0.0557372
-0.00530229
0.027916
-0.0467116
0.0523457
0.0101542
-0.0187946
0.0374237
-0.055986
0.0056408
0.0158331
-0.044836
0.0506774
-0.00654537
-0.00371164
0.0398538
-0.0620068
0.0088221
0.0312217
-0.043323
0.0480607
0.00441845
-0.0187738
0.0357502
-0.059271
0.00155787
0.0204859
