-0.150808
0.0487937
0.0309797
-0.0521557
0.0235545
-0.0233366
-0.0255289
0.0529329
-0.0284094
0.0196008
0.0346532
-0.0589484
0.0141813
-0.00808781
-0.0335496
0.0577049
-0.00859066
0.0223158
0.0333061
-0.0507878
0.0293886
-0.00949716
-0.0288553
0.0554614
-0.0199171
0.0139065
0.0326325
-0.0533992
0.0223679
-0.0141707
-0.0292646
0.0565858
-0.0214508
0.025378
0.0316118
-0.0507671
0.0241244
-0.0172537
-0.0281817
0.050565
-0.0231659
0.0270723
0.0325703
-0.0496842
0.0265906
-0.000476428
-0.0238138
0.062337
-0.0172382
-0.00501587
0.0376532
-0.0592126
0.0156683
0.00340447
-0.0368968
0.0563577
-0.0151191
0.00819145
0.0300004
-0.0580935
0.0200415
-0.0152122
-0.0282232
0.054565
-0.0286321
0.0108858
0.0313061
-0.0550728
0.0216943
-0.0138443
-0.030876
0.0515443
-0.0198394
0.0297667
0.0283268
-0.0525651
0.0220675
-0.0345024
-0.0228138
0.0408138
-0.0352955
0.0440776
0.0165703
-0.0536065
0.0273524
-0.0271138
-0.0211403
0.0460573
-0.030109
0.0346683
0.0178345
-0.0426687
0.0280313
-0.0457512
-0.0137309
0.0499744
-0.0458549
-0.0079744
0.0300004
-0.0629898
0.0177719
-0.00198415
-0.0388553
0.0562333
-0.00899472
0.00480283
0.0326532
-0.0609484
0.0144663
-0.00471992
-0.0328968
0.0541557
-0.0209793
0.0172744
0.0319797
-0.052135
0.0225337
-0.0242951
-0.029876
0.0580935
-0.0237098
-0.00291221
0.0309589
-0.0592955
0.0151813
-0.00643496
-0.0318553
0.0553992
-0.0175077
0.00890649
