2.41267
0.0504609
0.0315204
-0.0549621
0.0226651
-0.0210808
-0.0293768
0.0537379
-0.0291121
0.0110379
0.0344789
-0.0606926
0.0128619
-9.62729e-05
-0.0387239
0.0571627
-0.00929343
0.0134265
0.0301732
-0.055615
0.0307842
-0.00383205
-0.0357239
0.058857
-0.012252
0.00936429
0.0318468
-0.0578792
0.0224371
-0.0072414
-0.0317239
0.0563285
-0.019765
0.0157736
0.0318261
-0.0584906
0.0161106
-0.0122829
-0.0330503
0.0546549
-0.0191329
0.0184679
0.0347639
-0.0527548
0.0222919
0.00251511
-0.034641
0.0583854
-0.0149203
-0.0138845
0.0364375
-0.0602418
0.011981
0.0137017
-0.0403353
0.0583232
-0.00369749
0.00256632
0.0365411
-0.0594699
0.0186598
-0.00383205
-0.0324597
0.0626549
-0.0235369
0.000545588
0.0368675
-0.0597755
0.0166391
-0.00350562
-0.0340711
0.0563078
-0.0164593
0.0211208
0.0335411
-0.0536564
0.0220952
-0.0268373
-0.0244182
0.0526188
-0.0279361
0.0420846
0.0274997
-0.0536979
0.0257688
-0.025143
-0.0250918
0.0549037
-0.0271381
0.032696
0.0267639
-0.0441073
0.0287326
-0.0403711
-0.021356
0.0574529
-0.0448012
-0.0179882
0.0352562
-0.0654699
0.0211468
0.00866023
-0.0406825
0.0603025
-0.00132961
0.00254559
0.0398468
-0.059019
0.0164732
0.00727161
-0.0337447
0.060572
-0.0142727
0.0109964
0.0345619
-0.056615
0.0235822
-0.0163243
-0.0327239
0.0608777
-0.0194333
-0.00414872
0.0374789
-0.0573662
0.0149033
-0.000137736
-0.0360296
0.0568362
-0.0129048
0.00932282
