-0.150808
0.0487702
0.0242336
-0.041679
0.0329795
-0.0376993
-0.0120262
0.0417828
-0.0378136
0.0368807
0.0266222
-0.0515339
0.0292177
-0.0176526
-0.0228241
0.049332
-0.0243628
0.037575
0.0262543
-0.0426583
0.0384665
-0.0251449
-0.0174355
0.0483527
-0.0270363
0.0349222
0.025845
-0.0399018
0.0311608
-0.0328599
-0.0194563
0.0444356
-0.0315286
0.0410259
0.0208657
-0.0423319
0.0335909
-0.03529
-0.0160469
0.0404356
-0.0329172
0.0446994
0.0222336
-0.045964
0.0354043
-0.0195335
-0.00904691
0.0529848
-0.0343782
0.0155076
0.0357466
-0.0620416
0.0172539
-0.0110981
-0.0332542
0.0558397
-0.0199896
0.0192848
0.0320108
-0.0541453
0.0218706
-0.023979
-0.0272128
0.0486998
-0.0375026
0.0192848
0.0326637
-0.0518189
0.0242177
-0.0216733
-0.0238449
0.048047
-0.0280778
0.0362901
0.0225393
-0.0432904
0.0256531
-0.0450465
-0.0170469
0.0332336
-0.0414924
0.0492539
0.0127413
-0.0389847
0.0316738
-0.0400672
-0.0129847
0.0344978
-0.0383888
0.0422539
0.0103112
-0.0310054
0.0292698
-0.0546839
-0.00226967
0.0414771
-0.0584404
0.000771789
0.0339486
-0.0481038
0.0287669
-0.0144867
-0.0322335
0.0554925
-0.019316
0.0192848
0.0316844
-0.0554717
0.022482
-0.0199376
-0.0278656
0.0470263
-0.0319741
0.0288185
0.0246222
-0.0486376
0.0265494
-0.0402485
-0.0214563
0.0479848
-0.0351347
0.0182848
0.0306844
-0.0535339
0.0242799
-0.0283262
-0.0308656
0.0466377
-0.0279534
0.0304921
