3.7197
0.0524868
-0.0110152
0.000963697
0.0349592
-0.0617461
0.0167515
-0.00808751
-0.040653
0.0614357
-0.0118078
-0.0154664
0.0361198
-0.0574558
0.0120104
0.0154877
-0.0419587
0.0551507
-0.013668
-0.00107777
0.0392442
-0.0609066
0.0105442
0.00199541
-0.0396322
0.056845
-0.0100981
0.00604662
0.0339178
-0.063316
0.0119535
-0.00139321
-0.0363265
0.0592544
-0.0167302
0.000616543
0.0369385
-0.060031
0.0170157
-0.00304605
-0.037368
0.0593165
-0.0276265
-0.0148343
0.0368556
-0.0523574
0.0285857
0.0104462
-0.0491607
0.0553889
0.0067881
-0.0185493
0.0394877
-0.0597408
0.0118653
0.0242649
-0.0439587
0.0590263
-0.0019115
0.00322792
0.0413479
-0.0627046
0.0169743
-0.00133101
-0.0429794
0.0597413
-0.00754361
-0.00511923
0.0363064
-0.0633782
0.0173007
0.000321836
-0.0363887
0.0590523
-0.017979
0.0174145
0.0353893
-0.0616062
0.0200832
-0.0263156
-0.0307774
0.0560161
-0.0369221
0.0228031
0.0370214
-0.0553005
0.0284304
-0.0206213
-0.0290831
0.0550161
-0.0333522
0.0309068
0.034695
-0.054057
0.0403889
-0.0127818
-0.0498343
0.0452698
0.00483972
0.0218239
0.0402235
-0.0631294
0.0106011
0.020182
-0.0409379
0.0616584
-0.00374565
-0.0121607
0.0375499
-0.0628444
0.00874622
0.00907834
-0.0383473
0.0608865
-0.0130359
0.00161654
0.0356535
-0.0637461
0.0216064
0.0053633
-0.0445286
0.0549019
-0.00174565
-0.0104871
0.037897
-0.0622123
0.0124198
0.00979338
-0.0420209
0.059845
