2.81484
0.0503863
0.0233248
-0.0405671
0.0301744
-0.0449968
-0.0122407
0.0389362
-0.0420903
0.0370134
0.0240813
-0.0547691
0.0250447
-0.0245821
-0.0221216
0.0535268
-0.0243338
0.043402
0.0273662
-0.0405671
0.0373557
-0.0334423
-0.0176708
0.0455475
-0.0336809
0.0370341
0.0256719
-0.0408728
0.0327235
-0.0378517
-0.0163029
0.039304
-0.0392147
0.0438528
0.0196305
-0.04222
0.030765
-0.0399346
-0.0129143
0.0389362
-0.0365411
0.0445471
0.0166512
-0.0462407
0.0352935
-0.0261781
-0.00824068
0.0465268
-0.0434114
0.0189874
0.0361849
-0.0521163
0.0287183
-0.0235407
-0.0234895
0.0522626
-0.033313
0.0382776
0.0320813
-0.04122
0.0314386
-0.0415667
-0.0139972
0.0433248
-0.0453752
0.0329305
0.0280813
-0.0442407
0.0340292
-0.0348309
-0.01465
0.0426305
-0.033909
0.0479357
0.019874
-0.0328935
0.0273817
-0.0562456
-0.00576914
0.0270398
-0.0386293
0.061024
0.00101379
-0.0302821
0.0324439
-0.0562663
-0.00409556
0.0286927
-0.0395464
0.0556146
0.00693087
-0.0179143
0.0332833
-0.0628
0.00596663
0.0326927
-0.062313
0.0177646
0.034304
-0.0354013
0.0332105
-0.03095
-0.0274065
0.046791
-0.0289037
0.035604
0.0281227
-0.0511785
0.0282105
-0.0313801
-0.0193858
0.0446305
-0.0364789
0.0401792
0.0176097
-0.0392821
0.0306252
-0.0533854
-0.01165
0.0472626
-0.0402716
0.0295626
0.0274284
-0.0468935
0.0310085
-0.0368102
-0.0173443
0.0449154
-0.0337639
0.041117
