3.217
0.0500764
0.00563192
-0.028747
0.0344092
-0.0557933
-0.00137378
0.0195335
-0.0475396
0.0492689
0.0134092
-0.035664
0.0340982
-0.0434201
-0.0103583
0.039575
-0.0361096
0.0486575
0.0100205
-0.0310526
0.0365905
-0.0495652
-0.00790752
0.0331864
-0.0380888
0.0443311
0.0102433
-0.0229904
0.0359791
-0.0516482
-0.0058246
0.0255543
-0.0402754
0.0518441
0.00220183
-0.0247055
0.0357148
-0.0540783
-0.00143598
0.0248807
-0.0386433
0.0555384
-0.00136808
-0.0350941
0.0388754
-0.0376689
0.00984898
0.0402279
-0.04684
0.03516
0.0296787
-0.0423998
0.0363831
-0.0393579
-0.00974695
0.04329
-0.0384152
0.0482274
0.0186941
-0.0253376
0.0343262
-0.0517104
-0.000477441
0.0282486
-0.0474567
0.0448596
0.0157563
-0.0317262
0.0349583
-0.0499953
-0.0028246
0.0256165
-0.0423583
0.056212
0.00581322
-0.0160319
0.0342486
-0.0607157
0.0101392
0.0132071
-0.0405035
0.0585022
-0.00974126
-0.0106848
0.038575
-0.0580006
0.00846565
0.0144921
-0.0354827
0.0585644
-0.0101921
-0.00196972
0.0360466
-0.0648608
0.0194864
0.0215335
-0.0569644
0.028673
0.0223262
-0.0235604
0.0383831
-0.03899
-0.0140526
0.0428185
-0.0332494
0.0444087
0.0208807
-0.0410112
0.0300982
-0.0451352
-0.010949
0.0319014
-0.041151
0.0463518
0.00795834
-0.025747
0.035777
-0.0587726
0.000481096
0.0365128
-0.0415965
0.0396937
0.02186
-0.0357262
0.0342226
-0.0482388
-0.00427541
0.0372486
-0.0387831
0.0482896
