0.150808
0.0489004
0.00946172
0.0144674
-0.0364659
0.0542134
-0.0109525
-0.000869987
0.0341825
-0.0590045
0.0116638
0.0255503
-0.0416265
0.0488609
9.42478e-05
-0.020668
0.029141
-0.0573932
0.0105032
0.0137524
-0.036383
0.0530682
-0.00546022
-0.0082586
0.0321825
-0.0580667
0.00625969
0.00303734
-0.0387923
0.0564361
-0.00382811
-0.0032586
0.0348975
-0.0558232
0.0175861
0.010141
-0.0417923
0.0501719
-0.0119318
-0.00419641
0.0295296
-0.0555383
0.0255239
0.0208768
-0.0410566
0.0431926
-0.0222375
-0.0129529
0.0380166
-0.0533671
-0.00189072
0.0299597
-0.0443001
0.050778
0.00454506
-0.0237509
0.0331617
-0.0599631
0.00274668
0.0111617
-0.0414867
0.0564361
-0.00480738
-0.00462649
0.0395089
-0.0562688
0.00635806
0.0175503
-0.0411395
0.0554361
-0.00809234
-0.0103415
0.0329597
-0.060559
0.0143633
-0.000594775
-0.0389375
0.0557471
-0.0181806
0.0108658
0.030369
-0.0591342
0.0298971
-0.00230982
-0.0375696
0.0540735
-0.0191806
0.0111715
0.0353276
-0.0527456
0.0246951
-0.0124757
-0.0322224
0.0508922
-0.0335899
0.00645644
0.0519751
-0.0356936
-0.00480251
-0.000330548
-0.0456472
0.0540422
0.0109544
-0.0273623
0.0319959
-0.0550822
-0.00215495
0.0262239
-0.0422793
0.0488194
0.00539994
-0.0146265
0.031141
-0.0570253
0.0114203
0.0181825
-0.0374659
0.0603947
-0.00366226
-0.0166472
0.037343
-0.0507558
0.00186579
0.0265918
-0.0433208
0.0508402
0.00115644
-0.0243623
0.030426
-0.0566159
