-0.653512
0.0472258
-0.0281067
0.0463136
-0.0271945
0.0275152
0.0276039
-0.0457958
0.0322616
-0.0181994
-0.0324124
0.0507384
-0.0171478
0.0112872
0.0316453
-0.0529771
0.0154843
-0.0206088
-0.0280653
0.0442721
-0.0304173
0.0177587
0.0266039
-0.0507128
0.0228522
-0.0182409
-0.0274332
0.0485986
-0.0257437
0.0230644
0.0313396
-0.0487958
0.0240388
-0.0277331
-0.0240445
0.0459457
-0.0264795
0.0251473
0.027951
-0.0467958
0.0234274
-0.0317746
-0.0266559
0.0421892
-0.0289872
0.0113908
0.0239303
-0.0576092
0.0224998
0.000417266
-0.0384746
0.0533498
-0.0150234
0.00585709
0.0330339
-0.0556714
0.0197278
-0.0141372
-0.0301689
0.0516193
-0.0260494
0.019738
0.0273396
-0.0527958
0.0311372
-0.0117693
-0.0308425
0.0532514
-0.0230079
0.0197173
0.0290132
-0.0511429
0.020101
-0.0344689
-0.0233917
0.0417437
-0.0314018
0.0343754
0.0198473
-0.037288
0.0285156
-0.0508006
-0.012288
0.0404587
-0.0341376
0.0373961
0.0215002
-0.0368994
0.028412
-0.0414535
-0.00951079
0.0301738
-0.0399978
0.0419091
0.0101323
-0.0458787
0.0503807
0.00741727
-0.0301689
0.0552099
-0.0251685
0.00920425
0.0369925
-0.0532205
0.0149713
-0.0134014
-0.0361689
0.0521478
-0.0211892
0.01194
0.0320132
-0.0523864
0.0225051
-0.0178937
-0.029086
0.0439665
-0.0291738
0.0251473
0.0263189
-0.0553864
0.0292977
-0.00166566
-0.0331275
0.0524534
-0.0178628
0.0136551
0.0303189
-0.0543242
0.019075
-0.0151579
