0.904879
0.0485885
0.0278689
-0.0158563
-0.0284372
0.0450246
-0.0321779
0.0247961
0.0293148
-0.0533283
0.0282729
-0.00193398
-0.0364994
0.0534701
-0.020784
0.00824162
0.0330091
-0.0500433
0.0271331
-0.0118149
-0.0290901
0.0498794
-0.0242763
0.0176302
0.0357034
-0.0506962
0.0208896
-0.0238771
-0.0324787
0.0509002
-0.0239706
0.0170396
0.0286827
-0.0514527
0.0311746
-0.0137734
-0.0314994
0.0496567
-0.0300535
0.019366
0.0316827
-0.0484527
0.0433144
0.00645464
-0.0338259
0.0460038
-0.0396234
0.00787374
0.0369884
-0.0606909
0.00367699
-0.00191325
-0.0378466
0.0537965
-0.0201104
0.00954731
0.033092
-0.0573905
0.0191746
-0.0225092
-0.0312145
0.0530246
-0.0284214
0.0240396
0.0333977
-0.0550433
0.0247445
-0.0120791
-0.0315202
0.050351
-0.0294421
0.0237339
0.031377
-0.0488413
0.0261176
-0.0310844
-0.0217637
0.0425376
-0.0371624
0.0387185
0.0241904
-0.0322921
0.0436721
-0.0334523
-0.0204372
0.0455168
-0.0337946
0.040677
0.0279055
-0.0345978
0.0341022
-0.0423332
-0.0172507
0.029864
-0.0494889
0.0335526
0.0322526
-0.0469397
0.0106668
-0.0390015
-0.0361315
0.0537343
-0.0170482
0.00687374
0.0337034
-0.0572661
0.0195786
-0.00630187
-0.0374994
0.0514908
-0.018582
0.017366
0.0300091
-0.0507584
0.027216
-0.0178563
-0.0291315
0.0489831
-0.0307063
0.0186717
0.0333563
-0.0562661
0.0192729
-0.00571122
-0.0317844
0.0515115
-0.0222141
0.0139567
0.032377
-0.0540433
