3.41808
0.0505774
0.0022018
-0.0146226
0.0370258
-0.0589592
0.01159
0.0152486
-0.0409076
0.0566213
0.00530546
-0.0245604
0.0360412
-0.0482181
-0.000436007
0.0320465
-0.0385397
0.0549685
0.00556969
-0.0156019
0.0405542
-0.0537104
0.00368838
0.0266579
-0.0391925
0.052642
0.0055075
-0.0128661
0.0359014
-0.0587311
-0.00094373
0.0199636
-0.0382962
0.0584193
-0.00243031
-0.0213169
0.0369429
-0.0565084
0.00683351
0.01729
-0.0396433
0.0580929
-0.00636811
-0.0290319
0.0398185
-0.0454254
0.0147298
0.0339843
-0.0452287
0.0434294
0.0230673
-0.0446433
0.0335075
-0.0446014
-0.0126848
0.0430673
-0.0412909
0.0436368
0.0157977
-0.0262962
0.0367977
-0.0519746
0.00162619
0.0270673
-0.0520681
0.0442896
0.0142071
-0.0343169
0.0327563
-0.0536067
-0.0017417
0.0283729
-0.0386019
0.0593364
0.00754896
-0.013234
0.0317201
-0.0659799
0.00626359
0.00826929
-0.0388092
0.0607303
-0.0173734
-0.0125811
0.0353522
-0.0586535
0.0116522
0.00892213
-0.039747
0.0547095
-0.0128864
0.00321684
0.0341087
-0.0611458
0.0220408
0.0119636
-0.0629437
0.0278181
0.0229583
-0.0120889
0.037979
-0.0473994
-0.0085604
0.0396372
-0.0365966
0.0462896
0.014575
-0.0382962
0.0306733
-0.0518502
-0.00678316
0.0276994
-0.0412132
0.0536213
0.00361115
-0.0202962
0.0339843
-0.0654669
0.00166765
0.0256786
-0.0483945
0.0450046
0.012492
-0.0316433
0.0331242
-0.0569332
-0.00378316
0.0297201
-0.0412132
0.0529685
