-1.20658
0.0476159
-0.038405
0.0476991
-0.00662732
-0.00189196
0.0285076
-0.0605603
0.0148698
0.0116682
-0.0419542
0.0467353
0.0043987
-0.0190371
0.0336682
-0.0529229
-0.000928137
0.00834179
-0.0394257
0.0477198
-0.0118915
-0.00997489
0.0314454
-0.0580887
0.0077869
0.0120154
-0.0344672
0.0557406
-0.00393301
-0.00123911
0.0305076
-0.0601924
0.00762634
0.00154382
-0.034405
0.0497406
-0.00862732
-0.00193342
0.0325076
-0.0565603
0.0113621
-0.00210902
-0.0436485
0.0392483
-0.00885008
-0.0109749
0.0330568
-0.0556586
0.00992674
0.0261605
-0.0478505
0.0454243
0.0190361
-0.0317521
0.0341552
-0.0460212
-0.0048505
0.0231398
-0.0387314
0.0561654
0.00537797
-0.0163635
0.0317511
-0.0583529
0.0092739
0.0248133
-0.0416485
0.0494089
0.00574585
-0.017405
0.0340983
-0.0586586
0.00105113
0.0110361
-0.0374672
0.0540463
-0.00228017
0.00176089
0.0312227
-0.059296
0.0111186
-0.00817122
-0.034835
0.0580877
-0.00391228
2.51135e-05
0.0352434
-0.059581
0.0116678
-0.00106756
-0.0358765
0.0529272
-0.0108968
0.0155381
0.0355284
-0.0601302
0.0186003
0.0325284
-0.0314672
0.0685332
0.00850236
-0.0269956
0.0301552
-0.0516533
-0.0109127
0.0237926
-0.0442391
0.0469166
0.0141759
-0.0219956
0.0279739
-0.05527
0.00166251
0.0157304
-0.0397107
0.0499011
0.0015178
-0.00658627
0.0333625
-0.0562493
0.00486455
0.0294454
-0.0391977
0.0449788
0.00911374
-0.0203428
0.0319532
-0.0522078
-0.000684641
0.0157097
