2.61376
0.049229
0.0300888
-0.0474145
0.0281559
-0.025984
-0.0183576
0.0502079
-0.0357925
0.0264872
0.0331303
-0.0572279
0.018762
-0.0113466
-0.0307462
0.0536534
-0.017321
0.0292022
0.0321095
-0.0474145
0.0333786
-0.0165124
-0.0213783
0.0554099
-0.024321
0.0222022
0.0277209
-0.048373
0.0273994
-0.0228803
-0.0243783
0.0507778
-0.0235075
0.035653
0.0284152
-0.0484145
0.0291144
-0.0239218
-0.0230104
0.0455136
-0.0309376
0.0356945
0.0270266
-0.046373
0.0333164
-0.0118181
-0.0223161
0.0555912
-0.02401
0.0078705
0.0375603
-0.0612486
0.0196998
-0.00793722
-0.0334405
0.053327
-0.0219116
0.0214457
0.0301717
-0.0563937
0.0227051
-0.0245539
-0.0250519
0.0488193
-0.0370153
0.0184042
0.0314981
-0.0540673
0.0253786
-0.024186
-0.0270726
0.0488193
-0.0265697
0.0363681
0.0247416
-0.0465181
0.0264254
-0.0425592
-0.0149482
0.0390266
-0.0389429
0.0469847
0.0132908
-0.0461917
0.0297103
-0.0388027
-0.0189689
0.0412701
-0.0338185
0.0412904
0.0132286
-0.0385596
0.0279799
-0.0530929
-0.00855959
0.0472079
-0.0495645
0.00158554
0.0308038
-0.0576165
0.0244148
-0.00891649
-0.0367669
0.0565083
-0.0137043
0.0140156
0.0324981
-0.060575
0.0183941
-0.00965226
-0.0307669
0.053042
-0.0252795
0.02014
0.0291095
-0.050088
0.0271351
-0.0292275
-0.0290519
0.0529799
-0.0267872
0.00934204
0.0304567
-0.0556372
0.0215599
-0.0171031
-0.0290519
0.0526534
-0.0202795
0.0231815
