-0.904879
0.0470151
-0.0309522
0.0529966
-0.018729
0.0151982
0.0301263
-0.0508225
0.0274938
-0.00287899
-0.0331957
0.0560328
-0.0069672
-0.00468265
0.0337377
-0.0525944
0.00936938
-0.00822614
-0.0362164
0.0449137
-0.0232989
0.00609458
0.0314527
-0.0556774
0.0150222
-0.00318468
-0.0322786
0.0555665
-0.0148896
0.00709458
0.0301678
-0.0571074
0.0155145
-0.010677
-0.0291749
0.048893
-0.0159932
0.014136
0.0334942
-0.052781
0.0182295
-0.0139826
-0.036807
0.0434422
-0.0168481
0.00240027
0.031432
-0.0585737
0.0176905
0.0194113
-0.0382164
0.0553178
-0.00492574
-0.00602981
0.0311263
-0.0589623
0.0112657
-0.0014489
-0.0353201
0.0559137
-0.0152367
0.00842101
0.0305356
-0.0588018
0.0250015
0.00228687
-0.0389729
0.0535251
-0.0148481
0.00505312
0.0305356
-0.0578225
0.0146182
-0.0210241
-0.0313201
0.0497946
-0.0233042
0.0266905
0.0248206
-0.0496827
0.0210535
-0.0400501
-0.0211957
0.0464889
-0.0283249
0.0246698
0.0254735
-0.0489883
0.0226442
-0.0326822
-0.0201335
0.0375718
-0.0332473
0.0345507
0.0177377
-0.0545583
0.0396336
0.0160434
-0.0323408
0.0612401
-0.0160916
-0.00266192
0.032432
-0.0575737
0.00857141
-0.0014489
-0.037605
0.0551157
-0.0110709
-0.00162046
0.0281263
-0.0560867
0.0174523
-0.00724687
-0.0312579
0.0493438
-0.021444
0.0178511
0.0321678
-0.0577188
0.0206129
0.00426614
-0.0382371
0.04981
-0.0135217
0.00411532
0.0267999
-0.059066
0.0144108
-0.0065733
