-0.150808
0.0483299
-0.0273626
0.0431821
-0.0339219
0.0307102
0.0226537
-0.0450723
0.0308037
-0.0265382
-0.0293626
0.0516277
-0.0235073
0.0153992
0.0304724
-0.0559894
0.0176793
-0.0262325
-0.0273418
0.0437935
-0.0344504
0.0245443
0.029063
-0.0509687
0.021985
-0.0208646
-0.0256683
0.0454464
-0.0294918
0.0315858
0.0301045
-0.0480931
0.0252338
-0.0333776
-0.0223004
0.0444671
-0.0302069
0.0306895
0.0230216
-0.0464402
0.0246431
-0.0400719
-0.0279325
0.0397106
-0.0353467
0.0145236
0.0223687
-0.0566008
0.0270212
-0.00449143
-0.0368549
0.0537521
-0.0273053
0.0221143
0.0308403
-0.0537666
0.0264358
-0.0262325
-0.0234248
0.0505708
-0.0309427
0.0353838
0.0240423
-0.0438496
0.0388866
-0.0252325
-0.0247097
0.0452236
-0.0359219
0.0306687
0.0233895
-0.0448703
0.027809
-0.0426264
-0.0115439
0.0379801
-0.0356008
0.0473683
0.0167935
-0.0261967
0.0307935
-0.0559374
-0.000745913
0.034348
-0.0419479
0.0430212
0.0115086
-0.0352175
0.0313012
-0.0448337
-0.0023573
0.0270216
-0.0408081
0.0538813
0.0054671
-0.0381967
0.0556793
-0.00161582
-0.0283833
0.0494049
-0.031611
0.0157671
0.0294309
-0.0546215
0.0186171
-0.023476
-0.0300776
0.0510578
-0.0233882
0.0282386
0.0290838
-0.0451345
0.0302752
-0.0313983
-0.0189532
0.0415708
-0.0356992
0.0387309
0.0247366
-0.0520516
0.0312699
-0.0140459
-0.0294248
0.0481614
-0.0327975
0.0259122
0.0277159
-0.0467252
0.0281301
-0.0242947
