-0.452428
0.0506609
-0.02398
0.0466891
-0.0349072
0.0348493
0.0201192
-0.0470784
0.0343107
-0.0298084
-0.02798
0.0554196
-0.0234097
0.0154761
0.0318964
-0.0542389
0.0171655
-0.0308499
-0.0256328
0.0453212
-0.0397621
0.025642
0.0268757
-0.0529954
0.0255334
-0.0284613
-0.0283064
0.0459326
-0.0350678
0.0273155
0.02657
-0.0520784
0.0273521
-0.0349328
-0.0219593
0.0502798
-0.0320678
0.0273777
0.022855
-0.0517312
0.0237407
-0.0416479
-0.0262442
0.0455233
-0.0342698
0.0169477
0.0231607
-0.0568918
0.0320981
-0.00165803
-0.0401251
0.0580725
-0.0223475
0.0147196
0.0359794
-0.0588918
0.0206318
-0.017969
-0.0284101
0.0543005
-0.0310471
0.0306212
0.0309379
-0.0507519
0.0394712
-0.0176011
-0.0314101
0.0545647
-0.0282906
0.0256005
0.0285908
-0.0533841
0.0213936
-0.0406893
-0.0192857
0.0454249
-0.0353995
0.0439737
0.0210363
-0.0338349
0.029544
-0.0604304
-0.00614056
0.0431192
-0.0400731
0.0422586
0.0220777
-0.0381406
0.0297253
-0.0486946
-0.00473121
0.0361399
-0.0405861
0.0501188
0.0136891
-0.0450576
0.053896
0.0109326
-0.0263271
0.0564611
-0.0264097
0.0150875
0.0355908
-0.0578089
0.0185281
-0.0119275
-0.0283686
0.0594403
-0.0223889
0.0164346
0.0342851
-0.0543011
0.0244712
-0.0237877
-0.0236536
0.0489948
-0.0318658
0.0387456
0.0292229
-0.0549332
0.0302639
-0.00888608
-0.0303479
0.052829
-0.0265548
0.0232119
0.0328964
-0.0519332
0.0237977
-0.0244406
