0.502698
0.0479795
0.0177236
0.00917485
-0.0344113
0.0541074
-0.0160223
0.00826752
0.0366671
-0.0583178
0.0151899
0.0219314
-0.0385719
0.0494285
-0.00530198
-0.0112248
0.0339728
-0.05538
0.0160293
0.0101748
-0.037002
0.0552057
-0.00507922
-0.00414183
0.0329728
-0.0557272
0.0127858
0.00143908
-0.0370435
0.0562679
-0.00518288
0.00455248
0.0353822
-0.0541987
0.024848
0.00645981
-0.0333906
0.0540866
-0.0146752
0.00826752
0.0353614
-0.0538308
0.0306614
0.0219728
-0.038002
0.0463716
-0.0242036
-0.00885687
0.038522
-0.0560276
-3.81679e-05
0.0250143
-0.0445512
0.0482834
-0.000462551
-0.0199605
0.0329521
-0.0602556
0.00359923
0.006522
-0.0403699
0.0535736
-0.00909995
-0.00450971
0.0366257
-0.0585613
0.0065163
0.0142578
-0.0393699
0.0519622
-0.0118565
-0.00046825
0.0310765
-0.062178
0.0109309
-0.0119495
-0.0381886
0.0549053
-0.0211674
0.0126976
0.0280765
-0.0570174
0.0241175
-0.0143382
-0.0378
0.0515374
-0.0214939
0.012024
0.0297086
-0.0520174
0.0252005
-0.015789
-0.0294321
0.0483769
-0.0375768
0.00728825
0.042807
-0.0431105
-0.00286703
-0.0103382
-0.0439191
0.0493456
-0.00154548
-0.0181833
0.0295013
-0.0568256
0.00445411
0.0176049
-0.0422662
0.0487549
-0.00366987
-0.00948898
0.0296257
-0.0574008
0.0134179
0.00250127
-0.0400849
0.0556358
-0.0121207
-0.00844752
0.0341334
-0.0498048
0.00716915
0.017237
-0.0389398
0.0517757
-0.00495483
-0.0135304
0.0296257
-0.0580536
