2.66403
0.0288495
0.0151369
-0.0311899
0.01623
-0.015972
-0.0133143
0.0272975
-0.0201432
0.0176495
0.0201576
-0.0275371
0.0209036
-0.0126249
-0.0119672
0.0302353
-0.0150602
0.0130174
0.0157483
-0.0255163
0.023515
-0.00886837
-0.0143558
0.0319296
-0.0144281
0.0170174
0.0171369
-0.030822
0.0138828
-0.0156663
-0.0112936
0.0259918
-0.0221846
0.015406
0.0127483
-0.0281899
0.0166186
-0.017055
-0.0118635
0.0225202
-0.0115318
0.0267532
0.0204633
-0.0258428
0.0218621
-0.0105627
-0.0140086
0.0302768
-0.0187338
0.0129552
0.0191369
-0.0232728
0.0198259
-0.0301379
-0.0122936
0.022054
-0.0220655
0.0259605
0.00664464
-0.021905
0.0174995
-0.0292208
-0.00721065
0.019054
-0.0227806
0.0289812
0.00731821
-0.0199464
0.019256
-0.0326302
-0.00549561
0.0157276
-0.0244956
0.028717
0.00325602
-0.0185993
0.0179503
-0.034998
-0.00612773
0.0110747
-0.0259257
0.0334528
0.00419382
-0.0132314
0.0186446
-0.033081
-0.000697644
0.0096861
-0.0212728
0.0358621
0.000825937
-0.0122521
0.0255617
-0.026568
-0.00321065
0.0269711
-0.0234281
0.011608
0.0171784
-0.0351485
0.0131263
-0.0138684
-0.0190294
0.0298881
-0.0160188
0.011608
0.0184841
-0.0301692
0.0171885
-0.0135834
-0.0146822
0.0286446
-0.0191639
0.0173853
0.0154426
-0.0288428
0.0155979
-0.0193192
-0.0146615
0.0250125
-0.0228997
0.0184267
0.0137483
-0.0271899
0.0169658
-0.0193606
-0.0122936
0.0256446
-0.0195525
0.0191211
