1.80923
0.0257701
0.0168253
-0.0309003
0.0028716
0.0115403
-0.0222943
0.0280013
0.00133299
-0.0122943
0.0164574
-0.0285532
0.00289233
0.010846
-0.0242113
0.0196334
-0.000729207
-0.00829425
0.0188253
-0.0289003
0.00552445
0.0148875
-0.0242113
0.0215919
0.00331226
-0.00862067
0.0184781
-0.0285532
0.00223949
0.00851957
-0.0226414
0.0263899
-0.00305563
-0.00868287
0.0202346
-0.0303304
0.0109131
0.0142346
-0.0343719
0.00471103
0.0079651
-0.00392637
0.0198253
-0.0279003
0.00456591
0.0108667
-0.0232735
0.0266334
0.00104803
-0.0137036
0.0172346
-0.026802
0.013224
-0.00560482
-0.0184394
0.0300066
-0.0107345
0.00948298
0.0189704
-0.031802
0.0108354
-0.00129913
-0.0137243
0.0287009
-0.0140816
0.00813583
0.0199497
-0.0268434
0.0159184
-0.00462555
-0.0154394
0.0307216
-0.0131024
0.00917729
0.0176025
-0.0271906
0.0136541
-0.0110142
-0.0164394
0.0280895
-0.0138796
0.0162395
0.0182761
-0.0245792
0.0174106
-0.0117707
-0.0110508
0.0271102
-0.0165532
0.0135866
0.0162346
-0.0251906
0.0192448
-0.00258408
-0.0236414
0.027022
0.000291525
-0.00962067
0.0178045
-0.0305117
-0.000169861
0.0122139
-0.0232735
0.0266334
0.000721607
-0.0160093
0.017131
-0.0288796
0.000586644
0.00747811
-0.0202943
0.0264106
-0.00146498
-0.00164141
0.0229082
-0.0293097
0.00664884
0.005846
-0.0194186
0.0312501
-0.00758937
0.00109437
0.0198875
-0.0280247
0.00840534
0.00113096
-0.0207243
0.029535
-0.00589506
0.000747212
