-0.150808
0.0253996
0.00912271
0.00250117
-0.0202919
0.0245995
-0.00956631
0.00246458
0.0216256
-0.0289602
0.00677556
0.00150117
-0.0196598
0.0272939
-0.0111984
-0.00188257
0.0192784
-0.0280017
0.0094906
0.000806861
-0.0202712
0.0278223
-0.00144192
-0.00153542
0.0192577
-0.0292659
0.0044284
0.000827593
-0.0206391
0.0262524
-0.00754558
0.000832467
0.0192369
-0.0246545
0.00985848
-0.00154029
-0.0212712
0.0209467
-0.0201155
-0.0139862
0.0162991
-0.0330017
0.00644913
0.00115402
-0.0189862
0.0276203
-0.00954558
-0.000188265
0.0182784
-0.0316131
0.000164176
-0.00690818
-0.0183749
0.0300296
-0.00932282
0.00787393
0.0173406
-0.0271883
0.0183715
-0.00694964
-0.0140484
0.0317654
-0.0104057
0.0122625
0.0179727
-0.0254732
0.0170036
-0.00560249
-0.0150277
0.0300711
-0.00973217
0.0109569
0.0146256
-0.0274732
0.0146772
-0.00794964
-0.0157013
0.0274597
-0.0131622
0.0159776
0.0169727
-0.023209
0.0184959
-0.0117683
-0.00698623
0.0295012
-0.0109188
0.0201227
0.00991052
-0.0225769
0.0189052
-0.016157
-0.00827119
0.0283975
-0.0192192
-0.00657688
0.0195634
-0.0298566
0.00328328
0.0115426
-0.016924
0.0298223
-0.0020533
-0.00394477
0.0252369
-0.0264887
0.00197759
0.00786906
-0.0186183
0.029843
-0.00209477
-0.00255615
0.0176463
-0.0323488
0.00779629
0.00050117
-0.0206598
0.0272731
-0.008872
0.000791003
0.0189934
-0.0307167
0.0108378
0.000480439
-0.018007
0.0289882
-0.00958704
0.00381174
0.0199934
-0.0290639
