-1.48373
0.0267133
-0.0193844
0.018455
0.00681277
-0.0180011
0.020362
-0.0246641
-0.00528602
0.0192221
-0.0221409
0.0215172
0.00446561
-0.0209596
0.0166262
-0.0252547
-0.0103482
0.0198957
-0.023773
0.0207607
0.0101807
-0.0215917
0.0165433
-0.0201925
-0.0097161
0.0242221
-0.0213844
0.0193928
0.0102221
-0.0226539
0.0172998
-0.0229698
-0.0059596
0.0188957
-0.0221616
0.0235172
0.00548634
-0.0203275
0.0323774
0.00136195
-0.0120011
0.0214656
-0.0157108
0.0198229
0.00481277
-0.0226124
0.0152583
-0.024234
-0.00938968
0.025875
-0.0112031
0.0293774
0.000973335
-0.00830675
0.0205071
-0.0291978
0.000247722
0.00620138
-0.0230218
0.0323774
0.00266764
-0.0086539
0.0182428
-0.0333015
0.00428919
0.00652781
-0.0233275
0.0270924
-0.00243602
-0.00561244
0.0175693
-0.0319958
0.00535138
0.00315992
-0.0216954
0.0268697
-0.00723398
0.000102599
0.0169372
-0.0333844
0.00739284
0.00148634
-0.0191047
0.0322998
-0.00960187
0.00273471
0.0193465
-0.0334881
0.010538
-0.00657585
-0.0224104
0.0282583
-0.0135189
-0.00698033
0.0267506
-0.0256226
-0.00767464
0.0235278
-0.0197108
0.01974
0.00954854
-0.0233068
0.0201961
-0.0174775
-0.010084
0.0265693
-0.0194051
0.0214343
0.00920138
-0.0219803
0.0166469
-0.0269283
-0.0106954
0.0222014
-0.0164881
0.0285172
0.00950708
-0.0180011
0.0170977
-0.0300941
-0.00422382
0.0142221
-0.0245295
0.0225587
0.00407699
-0.0153068
0.0174241
-0.0294206
-0.00357098
0.0162221
