3.11646
0.0267696
0.00143749
-0.0131897
0.0178261
-0.0269979
-0.00310682
0.0152562
-0.0213711
0.0212663
0.00586757
-0.0159048
0.0208054
-0.0255885
-0.00486333
0.0206241
-0.0203503
0.0189607
0.00119399
-0.0199048
0.0207224
-0.0234641
-0.0112727
0.0216241
-0.0209824
0.0192042
0.00627692
-0.0219255
0.0171318
-0.0272828
-0.00745398
0.012909
-0.0194332
0.02437
0.00180538
-0.0132519
0.0215411
-0.0270186
0.000851714
0.0216241
-0.0154332
0.0313078
0.00892977
-0.0198841
0.0180696
-0.0232206
-0.00488406
0.0203391
-0.0260032
0.0188155
0.0158468
-0.00521048
0.019992
-0.0347958
0.000913909
0.0123598
-0.0216406
0.0315981
-0.00536048
-0.00555764
0.0203391
-0.0331845
0.00269115
0.00597123
-0.0216613
0.0345773
-0.00264544
-0.00723121
0.0193391
-0.0325524
0.00440619
0.00558261
-0.0182934
0.0313131
-0.0077491
-0.00223121
0.0217277
-0.0326145
0.00746838
0.00323546
-0.0176613
0.0323753
-0.0101377
-0.0018426
0.0167277
-0.0340239
0.0079192
-0.00515316
-0.0213141
0.0283546
-0.00887349
0.00452529
0.0233184
-0.0294902
0.00858749
0.020992
-0.0207389
0.0252663
0.00692977
-0.0202519
0.0210696
-0.0234849
-0.0095991
0.0239298
-0.017941
0.0217948
0.0136655
-0.0199255
0.0201111
-0.0229357
-0.000536904
0.0226863
-0.0207597
0.0269399
0.0102147
-0.0138841
0.0191733
-0.02863
-0.00614829
0.012992
-0.0244954
0.0247172
0.00178464
-0.0122312
0.0218468
-0.0240186
0.000587486
0.0139712
-0.0228011
0.0256757
