0.754056
0.0258331
0.0149139
-0.00224136
-0.0166873
0.0293286
-0.008656
0.00752002
0.0196188
-0.0277235
0.0108725
-0.00256779
-0.0170345
0.0313078
-0.00694096
0.00549928
0.0176603
-0.0311121
0.0118932
-0.00389421
-0.0200137
0.0315306
-0.00279584
-0.00123649
0.0199452
-0.0273763
0.0121574
0.00114726
-0.0180345
0.0290021
-0.0103088
0.00419359
0.0175773
-0.0250706
0.0112818
-0.00662998
-0.0166666
0.0256964
-0.024143
-0.0160137
0.0146395
-0.0337442
0.00850457
-0.00189421
-0.0176873
0.0289814
-0.0105938
0.00311067
0.0222924
-0.0289877
0.0035253
-0.00628283
-0.0153816
0.0303908
-0.0126767
0.00682571
0.0196603
-0.0265007
0.0176497
-0.00428283
-0.0143609
0.0277586
-0.0131275
0.0132558
0.0173131
-0.0281536
0.0149761
-0.0059564
-0.0140552
0.0291265
-0.0148011
0.0119294
0.0162924
-0.0261743
0.015059
-0.00938649
-0.0103401
0.0274737
-0.016169
0.0126237
0.0136395
-0.0265836
0.0171627
-0.0157544
-0.0133401
0.0251265
-0.0132519
0.0177481
0.010883
-0.0241743
0.0115099
-0.020143
-0.0126666
0.0300229
-0.0158788
-0.00558364
0.019883
-0.0305162
0.000929365
0.0105151
-0.0179101
0.0277741
-0.00269218
-0.00862511
0.0218623
-0.0274954
0.00127652
0.00820945
-0.0193194
0.0295306
-0.00642795
-0.00823649
0.015883
-0.0302727
0.00535945
0.0048623
-0.0200137
0.0305513
-0.00351088
0.000478552
0.0169452
-0.0293971
0.0134631
0.00351514
-0.0193609
0.0286342
-0.00894096
0.00317286
0.0189038
-0.0269877
