4.47395
0.027162
-0.0237129
0.01937
0.0138936
-0.0215731
0.0152354
-0.0225211
-0.0120239
0.0235049
-0.0186507
0.0186964
0.0122614
-0.0246146
0.0204789
-0.0150495
-0.0144333
0.02622
-0.0206507
0.0160436
0.00826145
-0.0315524
0.0133545
-0.0129873
-0.0190861
0.0251163
-0.0168735
0.0132871
0.0136086
-0.0252674
0.0174997
-0.0154796
-0.0100032
0.0244842
-0.01663
0.016085
0.00850494
-0.0205938
0.0339037
0.00954641
-0.0164125
0.0264635
-0.0155678
0.0163078
0.0136293
-0.0272674
0.0164789
-0.017091
-0.0134125
0.0278314
-0.00973368
0.0265566
0.00550494
-0.0213089
0.0166862
-0.0266455
-0.007941
0.0146086
-0.0255731
0.0262509
0.0047899
-0.0156768
0.0191578
-0.0301377
-0.000184491
0.0132822
-0.0262674
0.027598
0.00511633
-0.0146768
0.0201578
-0.0314227
-0.00651091
0.00889356
-0.0246146
0.0276602
0.00140129
-0.0133503
0.01922
-0.0325471
0.000898437
0.0101993
-0.0193089
0.0294582
-0.00339668
-0.00828815
0.0175671
-0.0326093
0.00298136
0.00387283
-0.0243503
0.0284582
-0.00668164
-0.0149825
0.0282562
-0.0167438
-0.0150654
0.0271163
-0.0155264
0.0145927
0.0153236
-0.0285938
0.0180696
-0.0120081
-0.0157597
0.0297692
-0.0118528
0.0149814
0.0116293
-0.0269825
0.0201732
-0.0167438
-0.0134333
0.0275464
-0.0186507
0.0186964
0.0116086
-0.0266146
0.0142354
-0.0228682
-0.0113503
0.0208936
-0.0250186
0.01537
0.00956714
-0.0236353
0.0176033
-0.021889
-0.00965604
0.0208728
