-0.150808
0.0265696
0.0187805
-0.0110537
-0.0116809
0.0277858
-0.0131834
0.0163036
0.0162988
-0.0274943
0.0130447
-0.00907441
-0.00768092
0.0317858
-0.0144061
0.00854713
0.0166459
-0.0275151
0.0147183
-0.0116651
-0.0163752
0.0300292
-0.0109968
0.00683209
0.0189931
-0.0284736
0.0133089
-0.00697075
-0.0130695
0.0308065
-0.013489
0.0129772
0.0109931
-0.0312508
0.0141276
-0.0137895
-0.00441669
0.0352573
-0.0296289
-0.0092923
0.0166252
-0.0278
0.0120032
-0.00835937
-0.0113545
0.0287858
-0.0141419
0.0142414
0.0186666
-0.0294736
0.00186339
-0.0259346
-0.00731303
0.0225837
-0.0210643
0.0224488
0.0122158
-0.0156602
0.0234179
-0.0229968
-0.00157726
0.0199516
-0.0218415
0.0252675
0.00348006
-0.0179866
0.0227028
-0.0206289
-0.00290368
0.0189309
-0.0208415
0.0246353
0.00241787
-0.0126602
0.0218479
-0.0294269
-0.00184149
0.0145837
-0.0212301
0.0273504
0.00270283
-0.00961872
0.0201951
-0.0298155
0.000547131
0.012563
-0.0209037
0.0247597
-0.0033801
-0.00794515
0.0218479
-0.0268155
0.00517924
0.0199101
-0.0295927
0.0108943
0.0163402
-0.0328
0.00928819
-0.00929717
-0.0177017
0.0257443
-0.014774
0.0115471
0.0209516
-0.0257378
0.00832965
-0.0123386
-0.0134374
0.0325008
-0.0141626
0.0142829
0.0153195
-0.0275565
0.0157805
-0.0147065
-0.0147224
0.0271536
-0.0148984
0.0166923
0.0129309
-0.0232508
0.0195162
-0.0147687
-0.0116602
0.0238272
-0.0172663
0.0170394
0.0116045
-0.0252508
