2.81484
0.0290153
0.0127901
-0.0274746
0.0166811
-0.0206246
-0.0139461
0.0263807
-0.0227957
0.0157535
0.015158
-0.0268425
0.0203547
-0.0189303
-0.0146197
0.0296449
-0.0167128
0.0117949
0.00976934
-0.026516
0.0242925
-0.0148059
-0.0193555
0.0306657
-0.0164071
0.0177327
0.0181787
-0.0287803
0.0143132
-0.0192981
-0.0129254
0.02636
-0.0188372
0.0204893
0.0157693
-0.0214953
0.0220697
-0.0176868
-0.00984245
0.0239714
-0.0145315
0.0274893
0.0172202
-0.030516
0.0199661
-0.0165416
-0.0172933
0.0256864
-0.0243864
0.0116498
0.0208315
-0.0205368
0.0211941
-0.0264433
-0.00723107
0.0244636
-0.0210445
0.0280437
0.00601284
-0.0189046
0.0226035
-0.0281998
-0.00545384
0.0157901
-0.0254538
0.0287588
0.00495064
-0.0168425
0.0166449
-0.0349355
-0.0064331
0.0127901
-0.0251896
0.0334738
0.00560349
-0.0132103
0.0200543
-0.0363242
-0.00471806
0.0117486
-0.0212103
0.0345775
0.000194135
-0.0112103
0.0214015
-0.0333864
3.84408e-05
0.00774861
-0.0232518
0.0349454
0.000458363
-0.0064953
0.0266242
-0.0265262
-0.00118961
0.0300543
-0.0211014
0.0160592
0.0171787
-0.0291274
0.0179246
-0.0142152
-0.0149461
0.0299506
-0.0156713
0.0140177
0.0181994
-0.029801
0.0159661
-0.0159717
-0.00957823
0.0280336
-0.0197957
0.0184271
0.0168315
-0.0268217
0.0167226
-0.0223396
-0.0119254
0.0263807
-0.0205107
0.0198157
0.0141372
-0.025516
0.0207226
-0.0180132
-0.0085575
0.0257279
-0.0218579
0.0188364
