3.06619
0.0290306
0.00601142
-0.0195796
0.0209492
-0.0322012
-0.00784387
0.0174622
-0.0280666
0.0259594
0.0119907
-0.0122325
0.0276021
-0.0245276
-0.00378168
0.0174208
-0.0283101
0.0159801
0.00292849
-0.0155589
0.0291513
-0.0187089
-0.00755891
0.0244208
-0.0226158
0.0215915
0.00674719
-0.0262325
0.0171927
-0.0281805
-0.00617029
0.0204208
-0.0223723
0.0243895
0.00523418
-0.0131703
0.0222342
-0.0265276
-0.00414956
0.0220529
-0.0176987
0.0319801
0.0127265
-0.0192118
0.023172
-0.0227918
-0.00617029
0.0200943
-0.0259837
0.0228972
0.01597
-0.00655891
0.0228094
-0.03745
0.00103702
0.00676792
-0.0249683
0.0313948
-0.0112996
-0.00853818
0.0197887
-0.0351857
0.00546711
0.00405288
-0.0236211
0.032374
-0.00797314
-0.0048646
0.0201773
-0.0375744
0.0055293
0.000664264
-0.0209683
0.0334362
-0.00742395
0.00387117
0.0205452
-0.0376366
0.00761223
-0.0033772
-0.0209683
0.0308248
-0.0124861
0.00519759
0.0225452
-0.0323723
0.0124309
-0.00782801
-0.0149475
0.0325399
-0.0115691
0.0099541
0.0211565
-0.0362065
0.0120163
0.0191151
-0.0253931
0.0269801
0.00837931
-0.0218853
0.0195399
-0.026854
-0.00417029
0.0217679
-0.0253101
0.0219179
0.0100322
-0.0198646
0.0175813
-0.0282841
-8.73663e-05
0.0164622
-0.0267817
0.0280423
0.00794922
-0.0132118
0.0226435
-0.0286313
-0.00202517
0.0100943
-0.0271703
0.0274931
-0.00111297
-0.0145796
0.0210529
-0.0333878
0.00164841
0.0137472
-0.0238024
0.0284724
