0.251348
0.0273931
0.00551934
0.00945227
-0.0217294
0.0293019
0.00120349
-0.00442375
0.027758
-0.0242319
0.00213072
0.0101466
-0.0243823
0.026934
-0.000407893
-0.0120766
0.0197372
-0.0269677
0.00613072
0.0141466
-0.0242994
0.0254624
0.00669577
-0.0147502
0.0193693
-0.028864
-0.00260505
0.0134523
-0.0164238
0.0359962
0.00161284
-0.0117502
0.0204108
-0.0282733
-0.000807083
0.00277869
-0.0228331
0.0330791
-0.01004
-0.0211595
0.0164523
-0.0362733
-0.00260505
0.0131258
-0.0216672
0.0265661
0.00161284
-0.0110973
0.0253486
-0.0251075
-0.0102164
0.00175796
-0.0224859
0.0327319
-0.00283797
-0.00540302
0.0192088
-0.0315014
0.0119909
0.00375796
-0.0204859
0.0308149
-0.00565667
0.0039856
0.0219031
-0.0331335
0.00829658
0.00373723
-0.0178331
0.0322035
-0.00933025
0.000659176
0.0188824
-0.0302164
0.0137474
-0.00226277
-0.0212217
0.0325714
-0.00906602
0.00635349
0.0199238
-0.0319107
0.0134417
-0.000692852
-0.0128331
0.0319807
-0.0124961
0.00778357
0.0142088
-0.0309522
0.0128925
-0.0100815
-0.0178124
0.0337941
-0.0104494
-0.0161181
0.0216958
-0.0294546
-0.00472944
0.0208409
-0.0202994
0.0281567
0.00506365
-0.0184445
0.0232657
-0.0220453
-0.00668798
0.016473
-0.0209729
0.0255454
0.00195999
-0.0120973
0.0214108
-0.0292319
0.000394949
0.0141673
-0.0227087
0.027934
0.00124495
-0.00875017
0.022758
-0.0259677
0.00713072
0.0151466
-0.0190559
0.0299962
-0.000796511
-0.0070766
0.0227787
-0.0289469
