1.85956
0.0269336
0.021337
-0.0300208
-0.000311003
0.0103577
-0.020824
0.029228
-0.00154393
-0.00949759
0.020337
-0.0290622
0.00370973
0.011052
-0.0247825
0.0264508
0.00384469
-0.00917117
0.0206841
-0.0300622
0.0066268
0.0213992
-0.020026
0.0244093
0.00388616
-0.0134976
0.0182955
-0.0303264
-0.00233173
0.0106841
-0.0217825
0.0248809
-0.00356466
-0.00949759
0.0200105
-0.0284301
0.00705688
0.0127256
-0.0332488
0.00856989
0.00815038
-0.00674108
0.0159691
-0.0313679
0.00132111
0.0147049
-0.0214147
0.0267772
0.000927619
-0.0169069
0.0170727
-0.0318809
0.0101605
0.0073577
-0.0202334
0.0320053
-0.00399474
-0.000171166
0.0247878
-0.0288809
0.00956989
0.00164266
-0.018622
0.0331297
-0.00911913
0.00291176
0.0204406
-0.0312281
0.0072642
-0.00107238
-0.0182541
0.0311089
-0.00716059
0.00727965
0.0188292
-0.0339846
0.00902071
-0.00513458
-0.0156012
0.0318447
-0.0089171
0.0123211
0.0201557
-0.0303525
0.0114508
-0.010176
-0.0166012
0.0269276
-0.0163679
0.0137097
0.0181142
-0.0290053
0.0189585
0.00368412
-0.0271504
0.0267979
0.00251827
-0.0128033
0.0189069
-0.0266114
-0.000720353
0.0157256
-0.0230675
0.026715
0.00496908
-0.0195183
0.016254
-0.0306114
-0.00374108
0.0160313
-0.0190882
0.0271658
0.00115038
-0.00982401
0.0199898
-0.0293679
0.000709729
0.00903128
-0.0215183
0.0292695
-0.00260612
-0.00515043
0.0223577
-0.0290622
0.00305688
0.00970486
-0.0195598
0.0342902
-0.00123824
-0.00649759
