-0.150808
0.028033
0.0187558
-0.00350311
-0.0119698
0.0342119
-0.0116121
0.0106262
0.0197871
-0.0300267
0.0136936
-0.00315596
-0.0116641
0.0365591
-0.0125706
0.00758469
0.0207871
-0.0287003
0.0134087
-0.00750311
-0.0172755
0.0320875
-0.0065084
0.00856396
0.0231343
-0.0296588
0.0136314
-9.37634e-05
-0.0162962
0.0305176
-0.0139177
0.00693184
0.0174814
-0.0333946
0.0107558
-0.00725962
-0.00305271
0.0459892
-0.0207312
-0.0086019
0.0224607
-0.0299852
0.0129579
0.000885505
-0.0132962
0.0341705
-0.012182
0.00584892
0.024155
-0.0303324
0.00677656
-0.0142389
-0.0149905
0.0302741
-0.0183478
0.00997331
0.0171343
-0.0274982
0.017616
-0.0176275
-0.0139698
0.0256835
-0.0225137
0.0157713
0.0111136
-0.030519
0.016616
-0.0186275
-0.0143169
0.0270099
-0.0198608
0.0171599
0.00972494
-0.0261925
0.0167197
-0.0227519
-0.0108869
0.0200306
-0.0242909
0.0188957
0.00505136
-0.0275812
0.0187611
-0.0234462
-0.00823401
0.0237042
-0.0209645
0.0199579
0.00462128
-0.0195604
0.0211705
-0.025182
-0.00388686
0.0293156
-0.0262856
0.000869647
0.0197664
-0.0348816
0.00350705
-0.000378723
-0.0203169
0.033414
-0.00973116
-0.00282466
0.0197457
-0.0328816
0.00387493
-0.00174661
-0.0192962
0.0307818
-0.0127934
-0.00113035
0.01744
-0.0333117
0.00765217
-0.0071145
-0.0209698
0.0278233
-0.0152234
0.00358469
0.0158079
-0.0334153
0.0156936
-0.00246165
-0.0149698
0.0308855
-0.0146328
0.00799404
0.0147664
-0.031721
