3.87051
0.0265122
-0.0122164
0.00624457
0.0207734
-0.0299782
0.0122913
0.000218967
-0.0169006
0.0280946
-0.00986925
0.00561246
0.0180791
-0.0299782
0.0126177
-0.00106599
-0.0206156
0.029421
-0.0104806
0.000918149
0.0177112
-0.0312217
0.00751409
0.00295474
-0.0195949
0.0323381
-0.00405055
-0.00077616
0.0183848
-0.0308953
0.00557628
-0.00112819
-0.0169006
0.028421
-0.00756356
0.0083275
0.0177112
-0.0273046
0.0211462
0.0150584
-0.016942
0.0334003
-0.00578632
0.00259173
0.0190377
-0.0285688
0.0089027
-0.00104526
-0.0235949
0.0293173
-0.00178632
0.00495961
0.0141206
-0.0343875
0.0130064
-0.00378103
-0.018942
0.0248718
-0.0170144
0.00967465
0.0147734
-0.0314083
0.0108251
-0.0139262
-0.0159213
0.0258718
-0.0173201
0.00798034
0.015447
-0.0291233
0.0155401
-0.0139262
-0.0155949
0.023934
-0.0194445
0.0134104
0.0134056
-0.0287554
0.0122137
-0.0159676
-0.0139213
0.0236283
-0.0188538
0.018799
0.0134056
-0.0264705
0.0110531
-0.0258071
-0.0108384
0.0202604
-0.0201595
0.0157783
0.0120791
-0.0323875
0.0179442
0.00264905
-0.0248798
0.0265816
-0.0046412
-0.00681762
0.0180169
-0.0337709
-0.001916
0.00393401
-0.024429
0.0214572
7.3844e-05
-0.0064912
0.0177112
-0.032201
0.00516693
0.00162832
-0.023227
0.0259909
-0.00937697
-0.0044912
0.018732
-0.0322217
0.00488197
-0.000760302
-0.0176156
0.0330738
-0.00874486
-0.00342901
0.0153641
-0.0305896
0.00629132
-0.00839242
-0.0276363
0.0263795
