-0.904879
0.0274204
-0.0227928
0.0302646
-0.00961632
0.00174099
0.0192699
-0.031746
0.0107048
0.00514547
-0.0184041
0.0292646
-0.0125749
-0.00264763
0.0189642
-0.0353988
0.00505197
-0.000548842
-0.0210777
0.0292231
-0.0115127
-0.00764763
0.0182077
-0.0322952
0.00392758
0.0081662
-0.0190362
0.0295081
-0.0055334
-0.00127974
0.0179434
-0.033746
0.00413489
-0.00759031
-0.0247306
0.022591
-0.01172
0.00745603
0.0290833
-0.0177822
-0.00429519
-0.00593746
-0.0207513
0.0298967
-0.0108598
-0.0053212
0.0185963
-0.0343574
0.00694831
0.00622839
-0.0198549
0.031104
-0.0168029
0.00980319
0.0202906
-0.0271968
0.0129951
-0.0133468
-0.0174871
0.0314097
-0.0131501
0.0121918
0.0159849
-0.0276684
0.0210987
-0.0143675
-0.0161606
0.0317776
-0.0138651
0.0152125
0.0163321
-0.0303005
0.0144459
-0.018124
-0.0131192
0.0281662
-0.0163367
0.0216426
0.0162699
-0.0239741
0.0172024
-0.0218391
-0.012772
0.0265134
-0.0173781
0.0220312
0.0135548
-0.0203419
0.0196325
-0.0245956
-0.00905698
0.0261662
-0.0222537
0.0135182
0.0215755
-0.0293574
0.00933693
0.00518693
-0.0220777
0.0311609
-0.00514478
-0.00366836
0.0235548
-0.0296009
0.00555969
0.00990197
-0.020772
0.0338552
-0.00351266
0.000352372
0.0232699
-0.0297045
0.00772554
0.000798312
-0.0204249
0.031876
-0.00424844
0.00341457
0.019617
-0.0311139
0.0114406
-0.000528111
-0.021772
0.0292646
-0.0115956
-0.000953319
0.0189434
-0.0314403
0.0101142
-0.00122242
