1.6832
0.0270805
0.0173443
-0.0280288
-0.00667152
0.022163
-0.0184435
0.0240695
0.0128366
-0.0199565
0.0152614
-0.0252931
-0.0100187
0.0191838
-0.0234435
0.0207017
0.0128366
-0.0183244
0.0202614
-0.0206195
-0.00667152
0.0231423
-0.0216455
0.0136187
0.0125309
-0.0236093
0.0164634
-0.015863
-0.00969225
0.0221423
-0.0167699
0.0218053
0.00546873
-0.0213451
0.0140386
-0.031091
-0.00106014
0.0276139
-0.0339097
0.00147361
0.0155102
-0.019915
0.0141992
-0.0209459
-0.00767152
0.0221423
-0.0197077
0.0196602
0.0128988
-0.0246508
0.0103236
-0.0287853
-0.00193574
0.0185309
-0.0215264
0.024826
0.0103858
-0.00801867
0.0241216
-0.0281118
-0.00193574
0.0175517
-0.0199565
0.0289712
0.00332361
-0.0080394
0.024163
-0.0295004
-0.00152639
0.0115309
-0.0223244
0.0280126
0.00158784
-0.00499794
0.0208781
-0.0332569
-0.000117045
0.00814231
-0.0186922
0.0327277
0.000934991
-0.00536583
0.0232252
-0.027687
0.00966019
0.00616304
-0.0197544
0.0311992
-0.0052516
0.00173783
0.0205517
-0.0300134
0.0115565
0.0168573
-0.0264435
0.020313
0.0152252
-0.0239357
0.015137
-0.0191687
-0.0121016
0.0291008
-0.0139305
0.0172716
0.0136139
-0.0299565
0.0137484
-0.0158215
-0.010428
0.0278159
-0.0169927
0.0196187
0.0178781
-0.0186301
0.0208521
-0.0175158
-0.0107337
0.024163
-0.0187284
0.0200488
0.0105102
-0.0190394
0.0255671
-0.0152309
-0.00569225
0.0245102
-0.0167906
0.025111
0.010163
-0.0196715
