3.06619
0.0256672
0.00972708
-0.0149831
0.0182763
-0.0230554
-0.00398309
0.0194836
-0.0218172
0.0220429
0.0127685
-0.0140246
0.0216441
-0.0217498
-0.00194163
0.0194421
-0.0181437
0.0211259
0.0060535
-0.0166774
0.0231933
-0.0169103
-0.00871886
0.0231157
-0.0180815
0.0196958
0.0107893
-0.018351
0.0189291
-0.0217083
-0.00561521
0.0164421
-0.0211437
0.0200844
0.00872708
-0.0146774
0.0235612
-0.0143611
-0.000268051
0.0220742
-0.0114908
0.028473
0.0110742
-0.0156359
0.0188876
-0.0193404
-0.00433025
0.0198307
-0.0244494
0.0189807
0.0180535
-0.00630951
0.0158307
-0.0339985
0.00320349
0.00815716
-0.022066
0.0261311
-0.00856317
-0.00498309
0.0168515
-0.0343457
-0.000366424
-0.000599347
-0.022066
0.0251519
-0.00993106
-0.00265667
0.0178929
-0.0347343
0.00300146
0.000379921
-0.0171075
0.0299084
-0.0109933
-0.000594474
0.0142194
-0.0341437
0.00675797
-0.00429366
-0.0198018
0.0282763
-0.012729
0.00342626
0.0155665
-0.0321851
0.00622951
-0.0117652
-0.0151075
0.0279913
-0.0147912
0.00612057
0.0181779
-0.0329985
0.00583561
0.01481
-0.0222266
0.0241466
0.00542138
-0.0187189
0.0196441
-0.0253819
-0.00730951
0.018095
-0.0204286
0.0183693
0.0104214
-0.015351
0.0173592
-0.0274855
-0.000615205
0.0165458
-0.0246152
0.0238824
0.00331773
-0.0130038
0.019012
-0.0254648
-0.00322659
0.0105043
-0.0256359
0.0225974
-0.00170301
-0.013066
0.0197893
-0.0308949
-0.00216439
0.00778927
-0.0233095
0.0246181
