1.35753
0.0262481
0.0193557
-0.0212402
-0.0058829
0.0208687
-0.0176549
0.0201638
0.00856304
-0.0228622
0.0136199
-0.0221988
-0.00729225
0.0249102
-0.0186341
0.0194488
0.0115838
-0.0202301
0.0186407
-0.0191988
-0.00527152
0.0268687
-0.0178569
0.0143451
0.013646
-0.0239036
0.0179256
-0.0187894
-0.010313
0.0232573
-0.0190227
0.0218374
0.00825735
-0.0216187
0.0200293
-0.0212402
-0.0058829
0.0179309
-0.0371004
-0.00614713
0.0122366
-0.0198622
0.0175992
-0.0178309
-0.00563941
0.0282366
-0.0175719
0.0186923
0.0153403
-0.0245772
0.00911222
-0.028489
0.00360937
0.0119309
-0.0215565
0.0277391
0.00333499
-0.00390364
0.0219309
-0.0295097
0.00363011
0.00993092
-0.0189866
0.0319049
-0.00572721
-0.00592437
0.0212781
-0.0298776
0.00467157
0.00856304
-0.0189451
0.0298634
-0.0020951
-0.000230058
0.0219931
-0.0299605
0.00777523
0.00319515
-0.0183337
0.0329256
-0.00346298
0.00144352
0.0207082
-0.0323699
0.00983742
0.000827264
-0.0170073
0.02905
-0.0116288
0.0048736
0.017646
-0.0303492
0.0153866
0.0119517
-0.0291057
0.0198374
0.00788946
-0.0215565
0.0172935
-0.0191988
-0.0049451
0.0255838
-0.0189605
0.0194281
0.0109724
-0.0259036
0.0136407
-0.0219138
-0.00392437
0.0226252
-0.0223699
0.0201638
0.00888946
-0.0176187
0.0214179
-0.0236081
-0.00520933
0.0179309
-0.0201264
0.024309
0.0037858
-0.0132715
0.0240915
-0.0203024
-0.00149429
0.0166045
-0.0191886
0.0296769
0.00480653
-0.0159036
