-0.301617
0.0287938
-0.00990617
0.0249906
-0.0182273
0.0224877
0.0147471
-0.0235176
0.021006
-0.0173411
-0.0106005
0.0240528
-0.0255537
0.0164463
0.0117678
-0.0281911
0.0183117
-0.0163619
-0.0079269
0.0263792
-0.0264708
0.0123426
0.0154829
-0.0304968
0.014291
-0.019994
-0.0116627
0.0316642
-0.013533
0.0225292
0.0123792
-0.0238232
0.0163739
-0.0224033
-0.0118854
0.0196849
-0.0219838
0.0238971
0.0123377
-0.0240667
0.00835318
-0.0267712
-0.0102741
0.0273377
-0.0204915
0.0170784
0.0167471
-0.0241289
0.0199024
-0.0138903
-0.0172948
0.0180942
-0.0247818
0.0270422
0.00264343
-0.0193155
0.0220113
-0.0310615
0.00295399
0.0153999
-0.0215176
0.031493
0.00151903
-0.0109269
0.0233792
-0.032735
0.00325968
0.0154621
-0.0249062
0.033493
0.00319261
-0.0112326
0.0207056
-0.0337558
0.00230114
0.0120942
-0.0232741
0.0358816
0.00313042
-0.0052326
0.023115
-0.0345123
0.0054048
0.00705278
-0.0223155
0.0353324
-0.00266755
-0.000843978
0.0208093
-0.0369009
0.00611984
0.00435847
-0.0281911
0.0290837
-9.41986e-06
-0.0265798
0.0223739
-0.0206468
-0.0143155
0.0279906
-0.0201237
0.0160369
0.018115
-0.0251497
0.0205759
-0.0125846
-0.0123155
0.0277056
-0.0199009
0.0211613
0.0130735
-0.022559
0.0230682
-0.0203619
-0.00996837
0.0287056
-0.0169424
0.0245707
0.0103792
-0.0212533
0.0228247
-0.0238127
-0.0052326
0.0257264
-0.0196574
0.0246121
0.00801131
-0.0205798
0.0218455
-0.0258334
