-0.904879
0.0264382
-0.0234981
0.0254556
-0.0116896
-0.00172087
0.0194816
-0.02984
0.00997873
0.000704341
-0.0195603
0.0325178
-0.011016
-0.00204729
0.0184816
-0.0331249
0.00524296
0.00270434
-0.0201717
0.0294556
-0.0116066
-0.0087416
0.0177458
-0.031042
0.00218076
0.00341938
-0.0238453
0.0287405
-0.00597452
-0.00104729
0.0178495
-0.0354928
0.00461084
0.000336455
-0.0217831
0.0221291
-0.0127518
0.00229987
0.0289893
-0.0165912
-0.000368426
-0.00437859
-0.0208038
0.0267613
-0.0103009
-0.00408875
0.0211344
-0.030757
0.00750718
0.00746085
-0.0199282
0.0306214
-0.0142026
0.00968848
0.0195645
-0.0300058
0.0129218
-0.0131766
-0.0135396
0.0303157
-0.0142648
0.0124243
0.0181759
-0.0260058
0.016269
-0.0124822
-0.0148867
0.02901
-0.0172855
0.0114243
0.0168495
-0.0270266
0.0156369
-0.0138709
-0.0115396
0.0303572
-0.0133684
0.0185279
0.0151552
-0.0247209
0.0167198
-0.0182595
-0.0121717
0.0263572
-0.0163892
0.0158958
0.0104608
-0.0237831
0.0211084
-0.0173009
-0.00913022
0.0247043
-0.0226534
0.0104035
0.0204608
-0.0304306
0.00785434
0.00907223
-0.0201095
0.029984
-0.0028294
-0.00878306
0.0220722
-0.0299591
0.00170922
0.0134816
-0.0227831
0.0283104
-0.00219729
-0.00543591
0.0211344
-0.0304306
0.00654865
0.00539865
-0.0211509
0.0293934
-0.00462737
-0.000394444
0.0221344
-0.0277985
0.00928442
0.00401003
-0.0187831
0.0274141
-0.00568956
0.0023206
0.0188287
-0.0315135
0.00930515
0.00201003
