0.100539
0.0264411
0.000597521
0.014287
-0.0201383
0.0270536
0.00183614
-0.0162419
0.0195097
-0.0256822
-0.00107606
0.0126341
-0.0224854
0.0257272
0.0021211
-0.0138533
0.0181418
-0.0246614
-0.000770366
0.0159605
-0.0237082
0.0231935
0.0106341
-0.0199155
0.0184683
-0.0252935
-0.00183256
0.019002
-0.0214439
0.0240329
0.00181541
-0.0142419
0.0208569
-0.0247029
0.000618252
0.0119605
-0.0208533
0.0294215
-0.000795971
-0.0219155
0.0148361
-0.0300086
-0.00346467
0.0156341
-0.0224232
0.0229914
0.00579468
-0.00987402
0.0247947
-0.0222106
-0.00977037
0.00761338
-0.0218948
0.0271987
-0.00400329
-0.00458907
0.0233699
-0.0292574
0.0101105
0.0069398
-0.0192834
0.0312817
-0.00637118
-0.00522118
0.0206756
-0.0312159
0.0050898
0.00557192
-0.0189155
0.0305666
-0.00335044
-0.00291549
0.0224113
-0.0322988
0.00849915
0.00124549
-0.0199984
0.0326703
-0.00580126
0.00184102
0.0200435
-0.0293403
0.0128878
0.00122476
-0.0179984
0.0314061
-0.00988418
0.00453533
0.0190642
-0.0320139
0.00892923
-0.00383743
-0.0209155
0.0315044
-0.00320532
-0.0185476
0.0181004
-0.0258842
-0.0075476
0.0199605
-0.0213403
0.0215406
0.00698126
-0.0249155
0.0203231
-0.0181069
-0.00858907
0.0203492
-0.0227496
0.0232971
0.00520403
-0.0162419
0.0214683
-0.0242521
-0.00385329
0.0222662
-0.0160139
0.0242764
0.00820403
-0.0142212
0.018204
-0.0293557
-0.00113825
0.017002
-0.0231175
0.024665
0.0041833
-0.0158948
0.0181833
-0.0302935
