-0.452428
0.0275895
-0.0114215
0.0318016
-0.0138411
0.0149102
0.016009
-0.0296028
0.0177342
-0.0116906
-0.0140951
0.0275167
-0.0199032
0.0142573
0.0169468
-0.0261935
0.0134077
-0.0144057
-0.0130744
0.0288016
-0.0197789
0.00780651
0.0199882
-0.0288256
0.0113248
-0.0126492
-0.0164837
0.0321488
-0.0145146
0.0129516
0.0135996
-0.0249293
0.0204285
-0.0110378
-0.012748
0.0271903
-0.0205768
0.0116459
0.0135167
-0.0247634
0.00475488
-0.0237528
-0.018463
0.0297809
-0.0157996
0.0105423
0.0172939
-0.0288256
0.0139362
-0.00856625
-0.0198309
0.0232939
-0.0215199
0.0281797
0.00888456
-0.0203593
0.0190866
-0.0267374
-0.000582112
0.0189468
-0.0228878
0.0262626
0.00443375
-0.0136858
0.0214959
-0.0301053
-0.00156138
0.0152939
-0.0246236
0.0289776
0.00341301
-0.0130122
0.0208431
-0.0291675
0.000542279
0.011211
-0.0193179
0.0330606
0.00235082
-0.00866504
0.0195996
-0.034924
0.00288943
0.0118846
-0.0202972
0.0287549
-0.00171138
-0.00764431
0.0205581
-0.0322089
0.0018687
0.0112524
-0.0265821
0.0282004
0.00688456
-0.02595
0.0181642
-0.0187321
-0.0157894
0.0314545
-0.0121882
0.0182366
0.0196825
-0.0292142
0.0159984
-0.00930203
-0.0161159
0.0284959
-0.0175561
0.0149309
0.0166203
-0.0245821
0.0164907
-0.0167943
-0.00974797
0.0295374
-0.0169654
0.0196667
0.0146203
-0.0233179
0.0212264
-0.017815
-0.0100537
0.0255581
-0.0197012
0.020076
0.0108846
-0.024235
0.0135321
-0.0198772
