4.17217
0.0268753
-0.0222994
0.0125762
0.0128978
-0.0285896
0.0133588
-0.0134547
-0.0124291
0.0284055
-0.0135843
0.0152705
0.0119185
-0.0283254
0.0193795
-0.0110868
-0.0137555
0.024447
-0.0199522
0.0135762
0.0138978
-0.0305274
0.00960225
-0.0126982
-0.016512
0.0320791
-0.0128693
0.0151876
0.0192657
-0.0249368
0.0157474
-0.015149
-0.0130612
0.0250583
-0.0155843
0.0126177
0.0124884
-0.0215896
0.0317835
0.0132035
-0.0151441
0.0310583
-0.0141543
0.00820834
0.012877
-0.0285482
0.012623
-0.0110453
-0.0154705
0.0323433
-0.00293149
0.0217214
0.00952989
-0.0236933
0.0179132
-0.0229469
-0.00904044
0.019877
-0.0248124
0.0207214
0.00950916
-0.0210404
0.0173433
-0.0293563
-0.00901971
0.0172242
-0.026201
0.02211
0.00812054
-0.0170404
0.0210169
-0.0257034
-0.00793678
0.013162
-0.0245274
0.0195193
0.00138477
-0.0176933
0.0170583
-0.0288071
-0.00158963
0.0162035
-0.0232425
0.0225815
1.68825e-05
-0.0156933
0.0161205
-0.0328693
-0.00383312
0.00748843
-0.0256104
0.0245608
0.000752655
-0.0216933
0.0284002
-0.00800385
-0.0181026
0.027649
-0.0143978
0.00312542
0.0129392
-0.0358539
0.00784574
-0.00896239
-0.0217969
0.026649
-0.0137656
0.00647257
0.0146128
-0.031916
0.0142551
-0.00767743
-0.0151441
0.0313848
-0.0138071
0.00786119
0.0112657
-0.0326104
0.0126644
-0.0124339
-0.0131026
0.0254677
-0.0235636
0.00751403
0.0125921
-0.0299575
0.0147059
-0.0157396
-0.0184498
0.0230998
