2.46295
0.0264267
0.0154075
-0.0277121
0.0138062
-0.00988278
-0.0132873
0.0309152
-0.0172767
0.00530868
0.0164075
-0.0263856
0.0167855
-0.00618847
-0.0148986
0.0294644
-0.00956165
0.00732941
0.0151018
-0.0307121
0.0163554
-0.00208482
-0.0205722
0.0274022
-0.00784661
0.00824648
0.0221432
-0.029997
0.012029
-0.00382059
-0.0152458
0.0281794
-0.014256
0.00565583
0.015081
-0.0267535
0.0204384
-0.00379986
-0.0237743
0.0159721
-0.0069088
0.0106766
0.0167753
-0.0306913
0.0143554
-0.0024527
-0.0159401
0.0331172
-0.00880514
0.00455217
0.0198375
-0.0278157
0.0179306
-0.0155978
-0.0139608
0.0283038
-0.0158104
0.0181481
0.012081
-0.0271421
0.0159721
-0.0170279
-0.00955149
0.0236717
-0.0215255
0.0171481
0.0120603
-0.0248157
0.0170136
-0.0193751
-0.0108779
0.0216717
-0.019282
0.0225989
0.00834527
-0.0234893
0.0131379
-0.0298259
-0.00889864
0.0230603
-0.0216499
0.0226197
0.00732453
-0.0211836
0.0174851
-0.0245409
-0.00510067
0.015366
-0.0217535
0.0270705
0.00522087
-0.0151421
0.0227493
-0.0190694
-0.0091836
0.0288323
-0.0148673
0.00259364
0.0190603
-0.027282
0.012314
-0.00273766
-0.0212665
0.0307079
-0.00739579
-0.0024271
0.0144282
-0.0333234
0.00737616
-0.00949417
-0.017308
0.0312001
-0.0119503
0.010003
0.0167753
-0.0297121
0.0118062
-0.0122092
-0.0159608
0.0282623
-0.0170332
0.0113709
0.0164075
-0.0263856
0.0138477
-0.0112714
-0.0112458
0.0282623
-0.0167068
0.0104123
