-3.58047e-15
0.0276061
-0.000212381
0.021275
-0.0201087
0.0242437
0.00486567
-0.0170311
0.0267827
-0.023264
-0.00525384
0.0206014
-0.0197823
0.0275287
0.0109071
-0.0202538
0.0153941
-0.0289376
-0.0105803
0.0132958
-0.031088
0.02071
0.0162958
-0.0202538
0.0183319
-0.0222225
-0.00662173
0.022275
-0.0207408
0.0222023
0.00686567
-0.0176425
0.0224149
-0.0239376
-0.00655954
0.016275
-0.0231502
0.0249173
0.00421283
-0.0239274
0.0127205
-0.031264
-0.0106425
0.0222336
-0.0203315
0.0187929
0.00825429
-0.0232746
0.0202697
-0.0200982
-0.0169482
0.0109486
-0.0216425
0.0321246
-0.000300182
-0.00896889
0.0199693
-0.033575
0.00430063
0.00827502
-0.0220103
0.0325132
-0.000730264
-0.000948154
0.0253165
-0.0292486
0.00766851
0.00860144
-0.0206839
0.0319018
-0.00509815
-0.00194815
0.0226844
-0.0316579
0.00973071
0.00427502
-0.0220933
0.0352905
-0.00513961
9.33095e-05
0.0213372
-0.0306786
0.00881364
0.000497786
-0.0170518
0.0346584
-0.00652823
0.0024612
0.0187051
-0.0327616
0.0128551
-0.000807905
-0.0249689
0.0281246
-0.00691156
-0.0193368
0.0253734
-0.0211811
-0.00798962
0.0239486
-0.0197408
0.0254872
0.0119279
-0.0179896
0.0273319
-0.0161603
-0.00629531
0.0226222
-0.0214144
0.0218758
0.00553925
-0.0180103
0.0244356
-0.0245904
-0.00627458
0.0216014
-0.0181295
0.0282437
0.0104978
-0.0119482
0.0237827
-0.0223469
0.0014612
0.0209693
-0.0208238
0.0266116
0.00778274
-0.0112538
0.0204771
-0.0273677
