3.56889
0.0268194
-0.00912303
-0.00354295
0.0176802
-0.0362527
0.00433794
0.00794445
-0.023258
0.0271619
-0.00138726
-0.00254295
0.0209652
-0.0311905
0.00268509
0.00722941
-0.0205637
0.0265091
-0.00469295
-0.00560515
0.0252709
-0.0290869
-0.00172425
0.00761803
-0.0245844
0.0254883
-0.00401937
-0.006258
0.0216388
-0.0305377
0.0033794
0.00425014
-0.0222995
0.0288977
-0.00475515
-0.00254295
0.021618
-0.0269056
0.0136436
0.0170066
-0.0199316
0.0305091
-0.000692951
-0.00421653
0.0219237
-0.0281491
0.00201152
0.00461803
-0.0266052
0.0271205
0.00685624
0.0102135
0.0197424
-0.0324186
0.0109546
-0.0065271
-0.0183824
0.0265351
-0.0214133
0.00723428
0.0157217
-0.0311543
0.0134054
-0.0109572
-0.0140352
0.0305144
-0.0157397
0.0109286
0.0167217
-0.0291751
0.0154469
-0.0119779
-0.0140145
0.0275351
-0.0187812
0.0102965
0.0140274
-0.0295015
0.0124883
-0.016693
-0.0140145
0.025903
-0.0185584
0.0167266
0.0113538
-0.0279108
0.016592
-0.0187759
-0.0106259
0.0235766
-0.0202527
0.0167473
0.0113123
-0.02946
0.0218717
0.00561803
-0.0246259
0.0285091
-0.00497791
-0.0115844
0.0159652
-0.034232
0.00401152
0.00563876
-0.0272787
0.0277733
0.000369244
-0.00758442
0.0193123
-0.0309263
0.00805298
0.00727087
-0.0222787
0.0259184
-0.00714376
-0.000848646
0.0180066
-0.0316621
0.00785095
-0.0024649
-0.0210352
0.02939
-0.0132267
0.000498509
0.0176802
-0.0300507
0.00962819
-0.00950637
-0.0237088
0.0290221
