-1.05571
0.0265959
-0.0154892
0.0310344
-0.00465993
-0.001427
0.0201019
-0.0298518
0.0105368
0.00669251
-0.0192042
0.0297494
-0.0100071
-0.00477416
0.0203868
-0.0290953
0.00580105
0.00771325
-0.0205307
0.029708
-0.00894489
-0.00879489
0.0200189
-0.0290331
0.00175958
0.00803967
-0.0218156
0.0282779
-0.00290342
-0.00744773
0.0167547
-0.0334839
0.00516893
0.00632463
-0.0178364
0.0280758
-0.0100278
-0.00244773
0.0328531
-0.00982578
-0.00315749
-6.39902e-05
-0.0185099
0.0303608
-0.00661846
-0.00612131
0.019734
-0.0294632
0.0101067
0.0117754
-0.0182872
0.0283039
-0.0176652
0.0113917
0.0158169
-0.0303648
0.0105628
-0.0149242
-0.0128778
0.0266303
-0.0173595
0.0121067
0.013449
-0.0257742
0.019625
-0.0142091
-0.0149193
0.0283039
-0.0150538
0.0154746
0.013449
-0.0277327
0.0123193
-0.0199656
-0.0128985
0.0256925
-0.0178311
0.0195576
0.0101019
-0.0267949
0.0140966
-0.025375
-0.0128571
0.0207132
-0.0228725
0.0179047
0.00873398
-0.0205514
0.0238738
-0.02409
-0.0084892
0.020734
-0.0274839
0.0137803
0.0160811
-0.0292404
0.0129462
0.00103967
-0.0239193
0.0310551
-0.00698635
-0.00344773
0.0191226
-0.0335046
0.00716893
0.00571325
-0.0218778
0.0280758
-0.00872212
-7.98482e-05
0.0181433
-0.032914
0.0089669
-0.00267537
-0.0222664
0.0304645
-0.00878432
0.00428804
0.0188169
-0.030629
0.011397
-0.00477903
-0.0175307
0.0268324
-0.0128465
0.00530877
0.0174905
-0.0329555
0.0106819
-0.00339041
