-0.804329
0.0261623
-0.0184142
0.0312959
-0.0083
0.00414024
0.0176069
-0.0310825
0.00881911
-0.00388536
-0.020435
0.0303167
-0.0122793
9.87783e-05
0.0185862
-0.0306939
0.00675691
0.000441059
-0.0173935
0.0309488
-0.0112171
-0.00326911
0.0202183
-0.0283053
0.00636829
0.00380895
-0.0200049
0.0275187
-0.00456423
0.000813819
0.0158919
-0.0306939
0.00577764
-0.00125325
-0.0186785
0.0256016
-0.00966789
0.00516097
0.0263996
-0.0164451
-0.0019374
-0.00262114
-0.0173313
0.0262545
-0.0122378
-0.00324838
0.0178919
-0.0306524
0.00700041
0.00585041
-0.017435
0.0300524
-0.0130772
0.00916097
0.018322
-0.0321447
0.00729065
-0.0113776
-0.0143935
0.028726
-0.0121394
0.0135496
0.0189541
-0.0271654
0.0120057
-0.0110512
-0.0143728
0.0270524
-0.0124866
0.0135703
0.0169541
-0.0285126
0.00972073
-0.0160927
-0.0156992
0.0224411
-0.0182431
0.0139589
0.0122805
-0.026637
0.018498
-0.0154813
-0.00741423
0.0318504
-0.0155902
0.0153476
0.0099126
-0.0272691
0.012213
-0.0241963
-0.010435
0.0308504
-0.0205073
0.0108346
0.0238919
-0.0292224
0.00128536
0.00485041
-0.0243106
0.0257415
-0.00503049
-0.0133106
0.0181354
-0.0281809
0.00285528
0.0145447
-0.0169841
0.0327622
0.0025809
-0.00390122
0.0168711
-0.0309581
0.00334756
0.0021561
-0.0210463
0.0311715
-0.0034813
-0.0035748
0.0155862
-0.0327146
0.00740976
-0.000170323
-0.0230671
0.029213
-0.00752276
-0.00292195
0.0166069
-0.0340411
0.00671545
0.00313537
