0.804329
0.0259537
0.0156554
-0.000173464
-0.0139251
0.0304172
-0.00922021
0.00558791
0.0180546
-0.0300027
0.0083497
-0.00886777
-0.0179666
0.0284586
-0.0142409
0.00422003
0.0210339
-0.0263084
0.0126139
-0.001132
-0.0199044
0.0269871
-0.0087694
-0.0028007
0.0173395
-0.0282877
0.0095932
-0.00311127
-0.0199873
0.0294379
-0.0109145
0.00528222
0.0160339
-0.0273914
0.0127591
-0.0108885
-0.0192722
0.0228265
-0.027158
-0.0105779
0.0174017
-0.0323292
0.00828751
-0.00286777
-0.0158836
0.0257229
-0.0105674
0.00558791
0.0174017
-0.0323292
0.00437044
-0.0116035
-0.0133137
0.030868
-0.0140182
0.0103237
0.016381
-0.02578
0.0161684
-0.0119507
-0.0119873
0.0318887
-0.0104483
0.0187538
0.0150546
-0.025495
0.020842
-0.00925639
-0.0136194
0.0252566
-0.0168576
0.0184481
0.0130339
-0.0241893
0.0189664
-0.0147694
-0.00553648
0.0249302
-0.0155727
0.0215103
0.0129717
-0.0178629
0.0213965
-0.019158
-0.00453648
0.0246245
-0.014982
0.0233082
0.00621515
-0.017495
0.0183965
-0.0215052
-0.00618932
0.0248887
-0.0229974
0.00324076
0.0186867
-0.0299198
0.00851027
0.00290946
-0.017293
0.0343343
-0.00342225
0.00185214
0.0230131
-0.0262255
0.008531
0.00188873
-0.016293
0.0317436
-0.00885233
0.00389361
0.019381
-0.0273499
0.0136554
-0.00152062
-0.012293
0.0331322
-0.00893525
0.00830296
0.0170339
-0.0267178
0.0170026
-0.00115273
-0.0149666
0.0298265
-0.0113446
0.0119973
0.0180339
-0.0250649
