-0.804329
0.0273139
-0.0188355
0.0292426
-0.0124156
0.00369824
0.0188592
-0.0288717
0.0140714
4.052e-05
-0.0172034
0.0335897
-0.0110477
0.00300393
0.0192271
-0.0331774
0.00641857
-0.00700094
-0.0211827
0.0279161
-0.017027
-0.00336396
0.0175328
-0.0341359
0.00500922
-0.00263306
-0.0214883
0.0281804
-0.010027
0.000371817
0.0142064
-0.0345453
0.00809214
-0.00600094
-0.0218148
0.0242426
-0.0125192
0.00912832
0.0226934
-0.0193172
0.00141857
-0.00906314
-0.0184883
0.0275897
-0.015742
0.00165678
0.0189007
-0.0341774
0.00900922
-0.000918016
-0.0192656
0.0287763
-0.0177266
0.019232
0.0142064
-0.027364
0.0134446
-0.0206383
-0.00779404
0.025797
-0.0214209
0.0185584
0.0142064
-0.0247526
0.0198125
-0.018944
-0.00846762
0.025797
-0.0188095
0.0229678
0.0128385
-0.020794
0.0229161
-0.0230062
-0.00646762
0.0242064
-0.021281
0.0277657
0.0100613
-0.0157318
0.0189783
-0.029742
-0.00777331
0.0224913
-0.0192603
0.0267865
0.0077141
-0.0147733
0.0223462
-0.0264778
-0.00266965
0.0197763
-0.0224831
0.0219263
0.0168178
-0.0258924
0.0161336
-0.00395948
-0.020877
0.0322218
-0.00741558
0.0100039
0.0252478
-0.0285245
0.0147035
0.00240841
-0.0185298
0.0309369
-0.0104778
0.00941328
0.01888
-0.0282603
0.0141958
-0.00804241
-0.016877
0.0323047
-0.0105192
0.0117812
0.0185328
-0.0253018
0.0176052
-0.00943103
-0.0161412
0.0253255
-0.0152757
0.0128434
0.0138592
-0.0293018
0.0145844
-0.0101046
