-0.201078
0.026749
-0.0047139
0.0214885
-0.0215273
0.0230479
0.0104264
-0.0177139
0.0205662
-0.0213562
-0.00604032
0.0204678
-0.0224858
0.01968
0.00814139
-0.0253667
0.0164625
-0.0169883
-0.0047139
0.0224678
-0.0250558
0.0132292
0.0124885
-0.0230196
0.0190946
-0.0142525
-0.00838747
0.0224056
-0.0177501
0.01768
0.00777351
-0.0220403
0.0178511
-0.020009
-0.00767243
0.0164471
-0.021548
0.0253743
0.0127735
-0.0199781
0.0151568
-0.022294
-0.00912325
0.0257942
-0.0207293
0.0165971
0.0124885
-0.0213875
0.0240946
-0.013496
-0.0134497
0.01753
-0.0239781
0.0268251
0.00636416
-0.0147346
0.0180585
-0.0308692
-0.00195739
0.0141829
-0.0230403
0.0289288
0.00162838
-0.0104497
0.0244471
-0.0301956
-0.00130455
0.0168357
-0.020346
0.0279495
0.000260498
-0.0104082
0.0194678
-0.0316464
0.00249342
0.00881497
-0.0211232
0.0340324
0.00152473
-0.00501959
0.0171829
-0.0350558
0.00486131
0.00944708
-0.0190818
0.0290946
-0.00523178
-0.00269316
0.0192036
-0.0337501
0.00494424
0.00177351
-0.0277139
0.028193
0.0020792
-0.0234082
0.0208304
-0.0205582
-0.013144
0.0260792
-0.0173615
0.0185556
0.0152243
-0.0276724
0.0173381
-0.0121489
-0.0127968
0.0240999
-0.0180972
0.0199857
0.0104885
-0.0240403
0.016504
-0.0229468
-0.0137346
0.0177528
-0.0195066
0.0227215
0.0100792
-0.0160611
0.0222605
-0.0207241
-0.00269316
0.0211621
-0.0199159
0.0251516
0.00536416
-0.0163875
0.0212605
-0.0220505
