3.01592
0.0269685
0.00097746
-0.0177534
0.018936
-0.0261108
-0.0060384
0.017449
-0.0248725
0.0193348
0.00808112
-0.020427
0.0175888
-0.02709
-0.00969124
0.0137547
-0.0232612
0.0230705
0.00638681
-0.0204063
0.0195059
-0.0223128
-0.0121006
0.0194075
-0.0188725
0.0230498
0.0067547
-0.0230799
0.0162002
-0.0234164
-0.00571197
0.0197547
-0.0192197
0.0220913
0.00730388
-0.0120591
0.0193246
-0.0284994
-0.00369124
0.0191019
-0.019914
0.0257234
0.0087547
-0.020427
0.0198738
-0.0220486
-0.00738555
0.0177754
-0.0258311
0.0166197
0.0126925
-0.0087949
0.0214905
-0.0349916
0.00269737
0.0152055
-0.0211835
0.033423
-0.00586197
-0.00710059
0.0204905
-0.0333803
0.00382177
0.00877543
-0.0217742
0.0296665
-0.00118839
-0.00505913
0.020449
-0.028401
0.00821038
0.00712258
-0.0205307
0.0334645
-0.00725059
-0.00375344
0.0211848
-0.0314632
0.00598762
-0.000328231
-0.0181628
0.032138
-0.00598636
0.00130876
0.0198584
-0.0311782
0.0064177
-0.006064
-0.0158571
0.033221
-0.00809002
0.00767664
0.0231848
-0.0317482
0.0127388
0.0225112
-0.023914
0.0227027
0.0077547
-0.0220799
0.0181795
-0.0243128
-0.0114892
0.025734
-0.0167689
0.020599
0.0134697
-0.0194477
0.0202624
-0.0231315
-0.00136482
0.0204697
-0.019629
0.0277856
0.00834535
-0.0124477
0.0226925
-0.0291522
-0.00601767
0.0138169
-0.0250177
0.0255006
0.00330388
-0.0147534
0.0199775
-0.0264994
-0.00234409
0.0168169
-0.0239762
0.0247856
