-1.56996
0.0271877
-0.0205829
0.0275468
0.00508579
-0.0163809
0.0207179
-0.0264325
-0.00227723
0.0181894
-0.021215
0.0235468
0.00206506
-0.0170545
0.02235
-0.025676
-0.00864511
0.0158423
-0.0218886
0.0251789
0.00445367
-0.0233187
0.0152256
-0.0236138
-0.00905446
0.021863
-0.0195207
0.0251581
0.00710652
-0.0167073
0.0203707
-0.0270646
-0.00627723
0.0145159
-0.0225829
0.0245675
0.00694066
-0.00593007
0.0314691
-0.00644795
-0.0113187
0.0161273
-0.0185207
0.0238732
0.00241221
-0.0190337
0.0193293
-0.0279817
-0.00907519
0.0232102
-0.0146244
0.0313447
0.00130855
-0.0103602
0.0194951
-0.0315776
-0.000458525
0.00584229
-0.0240545
0.0310183
0.000634974
-0.0100337
0.0191894
-0.0322927
0.00288863
0.00588376
-0.0264223
0.0297333
-0.00144795
-0.00468658
0.0212309
-0.032987
0.00293009
0.00449514
-0.0234016
0.0300805
-0.000489417
-0.00164511
0.0189252
-0.0340699
0.00503375
-0.00154633
-0.0231167
0.0311634
-0.0058573
-0.00299227
0.0182724
-0.0321528
0.0101374
-0.00491421
-0.0237695
0.0278577
-0.0134894
-0.0117073
0.0273293
-0.0222667
-0.00905446
0.0234951
-0.0207228
0.0189923
0.0122102
-0.0236658
0.0191634
-0.0188366
-0.0130959
0.0251273
-0.0163756
0.0203602
0.0128216
-0.0179923
0.0202464
-0.0219195
-0.0103809
0.0195366
-0.0231736
0.0234224
0.00884229
-0.0213809
0.0186557
-0.0260232
-0.00633942
0.0192102
-0.0238471
0.0217903
0.00743294
-0.0166866
0.0177179
-0.0300854
-0.00564511
0.0175366
