3.7197
0.028855
-0.015003
-0.000319228
0.0189247
-0.0334591
0.0074011
-0.00389402
-0.0254644
0.0288157
-0.00559361
0.00168077
0.0205983
-0.0340912
0.00666533
0.00145313
-0.0221172
0.0282044
-0.0115936
-0.00268711
0.0222096
-0.0326404
0.00123524
0.00316818
-0.0244644
0.0301422
-0.00848996
-0.00740215
0.0192718
-0.0357648
0.00599175
0.00145313
-0.0217908
0.0285515
-0.00867654
0.00341654
0.0159247
-0.0345005
0.0188881
0.0169454
-0.0214644
0.033795
-0.00251069
-0.00266638
0.0208625
-0.0297026
0.00762386
0.0044946
-0.0240965
0.0304064
0.00634419
0.0124995
0.015619
-0.0316249
0.0156084
-0.00805987
-0.0121587
0.028821
-0.0212932
0.0144995
0.0169661
-0.0296664
0.0157328
-0.0184278
-0.0162209
0.030821
-0.0192932
0.0148674
0.0149454
-0.0296664
0.0163857
-0.0157749
-0.0148322
0.0261682
-0.0233347
0.0138881
0.0125983
-0.0287078
0.0145308
-0.0239408
-0.00813793
0.0291889
-0.0180912
0.0229917
0.0112718
-0.0297286
0.0138987
-0.0253294
-0.008055
0.0231474
-0.0171534
0.0277068
0.0119247
-0.0306664
0.0258312
0.00184175
-0.0248322
0.0321629
-0.0091428
-0.00972858
0.0195361
-0.032029
0.00592955
0.00418891
-0.0248115
0.03408
0.00118362
-0.000687114
0.020619
-0.0351119
0.00864459
0.00218891
-0.0242001
0.0332251
-0.0069615
0.00400719
0.0206605
-0.0371534
0.00542183
-0.00528264
-0.0178737
0.0343495
-0.0153501
0.00166004
0.021619
-0.0288891
0.0145462
-0.00893548
-0.0225473
0.0296966
