-1.05571
0.0280364
-0.0239715
0.0309615
-0.00699708
-0.00754139
0.0170704
-0.0372304
0.00570739
0.00835536
-0.0222979
0.0300029
-0.00938569
-0.00584708
0.0163968
-0.0385361
0.00105455
0.00464032
-0.0222772
0.0276765
-0.0127121
-0.00821497
0.0196818
-0.0338003
0.00166593
0.00835536
-0.0242564
0.0275936
-0.00601781
-0.00519423
0.0180704
-0.0345983
0.00452609
-0.00307472
-0.02593
0.0226765
-0.00922513
0.00560373
0.0284745
-0.0142666
-0.00323041
-0.00109545
-0.0225829
0.02892
-0.00597634
-0.00788854
0.0193761
-0.0354946
0.00299235
0.00904967
-0.0213601
0.0330859
-0.00883651
0.0058265
0.0247854
-0.0312926
0.00693544
-0.00513691
-0.0170337
0.0358009
-0.0105101
0.00450007
0.0205005
-0.0340906
0.0130184
-0.0055048
-0.0146865
0.0351688
-0.010593
0.00956227
0.021459
-0.029417
0.0134277
-0.0111991
-0.0173601
0.0318631
-0.0116967
0.0146452
0.0194383
-0.027132
0.0148785
-0.0163028
-0.0136658
0.0302517
-0.0157589
0.0156659
0.0184383
-0.0271528
0.0155728
-0.0173235
-0.0129922
0.0295989
-0.0203702
0.00925658
0.0243346
-0.0278003
0.00831877
0.0157025
-0.0218471
0.0307541
0.00582162
-0.00888854
0.0245781
-0.0269609
-0.00115277
0.0180704
-0.0199093
0.0345106
0.00375943
-0.00554139
0.0229875
-0.0300853
0.000665929
0.00964032
-0.0192357
0.0325521
0.00037081
-0.00419423
0.0210289
-0.028904
0.0111167
0.00798748
-0.0219093
0.0292464
-0.00203854
0.000479343
0.0230704
-0.0325361
0.00574886
0.00696675
