3.87051
0.0269194
-0.0134867
0.00803651
0.0202182
-0.0315334
0.00875683
-0.00503056
-0.0181708
0.0285808
-0.0114867
0.00840439
0.0191768
-0.0275541
0.0147568
-0.000336254
-0.0178029
0.0262337
-0.0141188
0.00338366
0.0161768
-0.0334919
0.00830602
0.00237879
-0.0178444
0.0308865
-0.0107302
0.00236293
0.0161975
-0.0322277
0.0087983
-0.00772487
-0.0198029
0.0239072
-0.0145074
0.00642512
0.0181146
-0.0238598
0.0232646
0.0138711
-0.0202123
0.0325394
-0.00773016
0.00471008
0.0175239
-0.0305541
0.0114304
-0.00531552
-0.022518
0.0294979
-0.00150739
0.0145288
0.0121975
-0.0303521
0.0149642
-0.0147871
-0.0172123
0.0241146
-0.0243883
0.0122024
0.0108296
-0.0283521
0.0130471
-0.018585
-0.00919154
0.0297881
-0.0190619
0.0185288
0.0148918
-0.0274143
0.0174357
-0.019585
-0.0124765
0.0227674
-0.0201448
0.0219381
0.0131768
-0.0253936
0.0154772
-0.0229737
-0.0117822
0.0191353
-0.0238806
0.0190625
0.00470521
-0.0216993
0.0125601
-0.0277716
-0.00867853
0.0157259
-0.0198806
0.0243682
0.00813529
-0.02672
0.0271869
5.23643e-05
-0.0198651
0.0334979
-0.00795292
-0.00237284
0.0185239
-0.0341241
0.0069174
0.00474667
-0.0214558
0.0280885
-0.00334154
0.00436293
0.0185239
-0.0311863
0.0120003
0.00305236
-0.0188237
0.0288658
-0.00877162
0.00640439
0.0161975
-0.0312485
0.0101662
-0.0100513
-0.0198651
0.0282751
-0.0151395
0.0063422
0.0199125
-0.0306163
0.0128605
-0.0100513
-0.0195387
0.0292751
