1.75888
0.0268604
0.0222735
-0.0296749
-0.00111027
0.0176621
-0.018131
0.0294288
0.00512835
-0.00917246
0.0205584
-0.0247164
0.00397266
0.0143357
-0.0224574
0.0280194
0.0075377
-0.0125403
0.0205584
-0.0260221
0.00552185
0.02603
-0.0186802
0.0239572
0.00757917
-0.0158875
0.0192113
-0.0263485
0.00158404
0.01603
-0.0205196
0.0301438
0.000149086
-0.0132347
0.0212527
-0.0244314
0.00603486
0.0113149
-0.0348822
0.00409705
0.0108227
-0.00780458
0.0188849
-0.0270221
0.00125762
0.0163357
-0.0207838
0.0277137
0.00421128
-0.0155611
0.0156414
-0.0315143
0.00279136
0.00192632
-0.020929
0.0312682
-0.0020375
0.000806805
0.023745
-0.0295973
0.0114857
0.00564136
-0.0189912
0.0320869
-0.011794
-0.00247815
0.0170507
-0.0332708
0.00685356
0.000252745
-0.0189912
0.031434
-0.0105298
0.00323689
0.0170714
-0.0329859
0.00793648
-0.0044623
-0.0189912
0.0301284
-0.011592
0.00725762
0.0177658
-0.0317216
0.0126723
-0.0051566
-0.017644
0.027517
-0.0153485
0.00931981
0.0131129
-0.036416
0.015895
0.00362063
-0.028131
0.0236723
0.00290559
-0.0208668
0.0177605
-0.0228769
-0.00351962
0.0226621
-0.0186802
0.0242836
0.00596779
-0.0232139
0.0161076
-0.0268562
-0.00854035
0.0170507
-0.0247838
0.0253458
0.00521128
-0.016846
0.0161698
-0.0289391
-0.00711027
0.0142735
-0.0174367
0.0264495
-0.000198068
-0.0119082
0.0219471
-0.0280635
0.00164624
0.0123149
-0.0208253
0.0277966
0.00143405
-0.00886677
