0.150808
0.0251467
0.00236897
0.0102604
-0.0184705
0.0294364
0.00478889
-0.00818551
0.0219133
-0.0250558
0.00234824
0.011934
-0.0181233
0.0261515
-0.001579
-0.0121648
0.0165661
-0.0267709
0.00469539
0.0106491
-0.025429
0.0243121
0.00819824
-0.0118591
0.0211982
-0.0239936
0.000612463
0.0149755
-0.0168384
0.0314986
0.00144173
-0.0108384
0.0172604
-0.0300766
-0.00228388
0.0052397
-0.0191855
0.0282137
-0.00721111
-0.0185534
0.0158925
-0.0293823
0.00028604
0.0152812
-0.0203668
0.0200478
0.00111531
-0.0105327
0.0238511
-0.0222786
-0.00532534
0.00395474
-0.0225741
0.0282551
-0.00468266
-0.00451193
0.0183848
-0.0316103
0.00984051
0.00426043
-0.0192477
0.0293173
-0.00511274
0.00155027
0.0193641
-0.0305688
0.00781978
0.00393401
-0.018942
0.0306852
-0.00678632
0.00152954
0.0203848
-0.0296103
0.00792344
-0.00280176
-0.0186156
0.0297267
-0.00852209
0.00424458
0.0190377
-0.0279782
0.0122706
-0.000454606
-0.0159835
0.0308304
-0.013605
0.0033275
0.0126491
-0.0270197
0.0123743
-0.00686396
-0.0185741
0.030623
-0.00959973
-0.0155534
0.0205247
-0.0272579
-0.00579689
0.0172812
-0.0186932
0.0233328
0.00389255
-0.0188591
0.0204003
-0.0198278
-0.00812331
0.0142812
-0.020714
0.0213743
0.00115678
-0.0148591
0.0181982
-0.0269936
-0.00271396
0.0119547
-0.0204497
0.0260893
0.00311531
-0.00951193
0.018934
-0.0290766
0.00230677
0.0133226
-0.0208176
0.0248458
-0.00459973
-0.0121855
0.0188925
-0.0263823
