-0.351887
0.0251713
-0.00723011
0.0221536
-0.0155927
0.0177752
0.0125215
-0.0171679
0.0188841
-0.0164216
-0.0129659
0.0215215
-0.0189399
0.016428
0.0102366
-0.0244943
0.0118634
-0.0184838
-0.0109244
0.0211536
-0.0195305
0.0129979
0.0152573
-0.0211679
0.0181483
-0.010748
-0.00829231
0.0258479
-0.0145927
0.0191016
0.0115837
-0.0235151
0.0142105
-0.0165045
-0.00823011
0.0195215
-0.0206134
0.0147752
0.0111536
-0.0187586
0.00857843
-0.0251781
-0.0126395
0.0231744
-0.0188777
0.012713
0.0109101
-0.0238415
0.0184333
-0.0103179
-0.0150073
0.0186252
-0.0234529
0.0242053
0.00952152
-0.0162508
0.0167857
-0.0273854
-0.00116792
0.018563
-0.0177793
0.0265939
0.00848005
-0.0139037
0.0184386
-0.0253647
-0.00182076
0.0159101
-0.0198208
0.0256561
0.00343859
-0.0142508
0.0184593
-0.026059
-0.000473609
0.014278
-0.0212301
0.0287183
0.00468209
-0.00718865
0.0161951
-0.0291834
0.0029772
0.00856298
-0.0219037
0.0270861
0.0013142
-0.00523011
0.0202366
-0.0304891
-0.000696373
0.00654225
-0.0251679
0.0268788
0.00858371
-0.0261887
0.0151483
-0.0170122
-0.0177017
0.0267857
-0.0151004
0.0109357
0.0159931
-0.0291265
0.0149618
-0.00488783
-0.0183545
0.0247857
-0.0157947
0.00967151
0.0112573
-0.0241887
0.0171483
-0.0130537
-0.0116602
0.0265008
-0.0142248
0.0193658
0.0159723
-0.0215773
0.0195992
-0.0174838
-0.00894515
0.0231951
-0.0179399
0.017428
0.0122158
-0.0201679
0.0175162
-0.0131159
