3.41808
0.0274297
-0.00806273
-0.0103428
0.0225332
-0.0298245
0.000843772
0.0116161
-0.027607
0.0243206
0.00134662
-0.00932208
0.0208804
-0.0318453
0.000190927
0.0125539
-0.0222392
0.0256678
0.00167304
-0.00962777
0.0227767
-0.0267001
-0.00456558
0.0152482
-0.0222392
0.0269734
0.00240882
-0.0136692
0.0198389
-0.0294981
-0.000114764
0.0105332
-0.0225656
0.0236885
-0.00330622
-0.0143428
0.0244088
-0.0177831
0.00982304
0.0226161
-0.0172599
0.0329942
0.00542955
-0.0146278
0.0207145
-0.0220473
0.000781577
0.0192482
-0.0218298
0.0251962
0.0130409
-0.00228062
0.0186576
-0.0370111
0.00466247
0.00388036
-0.0210993
0.0316316
-0.0108814
-0.00128062
0.0183519
-0.036094
0.00778686
-0.00283468
-0.0221201
0.0300202
-0.0155965
-0.000627773
0.0193726
-0.0348091
0.0115019
-0.00285541
-0.0217522
0.0293052
-0.0109436
0.00341369
0.0193726
-0.0348091
0.00986979
-0.00557045
-0.0184465
0.0313881
-0.0127001
0.00714946
0.0173519
-0.033177
0.0106263
-0.0099798
-0.0167522
0.0307145
-0.0149851
0.00178158
0.0182897
-0.0333583
0.0135795
0.0166369
-0.0272184
0.0258491
0.00818605
-0.0189957
0.0197145
-0.0269644
-0.0076485
0.0202482
-0.0231148
0.0211547
0.0068389
-0.01769
0.0181653
-0.0308245
0.00180231
0.0156369
-0.025607
0.026647
0.000755971
-0.0163428
0.0171861
-0.0338245
-0.00315623
0.0112068
-0.020607
0.0274035
-0.00300053
-0.0110164
0.0231861
-0.0268453
0.00355881
0.0109218
-0.0252806
0.0247092
