1.80923
0.0266388
0.022638
-0.0283311
0.000295745
0.0160059
-0.0180929
0.027814
0.00181933
-0.0124608
0.0169023
-0.0263518
0.00266363
0.0143531
-0.0214193
0.0274047
0.0055551
-0.0131758
0.0186173
-0.0293518
0.00194859
0.0183531
-0.0206835
0.0246689
0.0108608
-0.00811361
0.0208815
-0.023616
-0.000683523
0.0120266
-0.0218079
0.0291405
0.00218721
-0.0135022
0.0163116
-0.0297819
0.0106222
0.022436
-0.031212
0.00785022
0.0108193
-0.00509287
0.019923
-0.0266575
0.00194859
0.0180266
-0.0193986
0.0270783
0.00324941
-0.0168701
0.0146795
-0.0344555
0.00237867
0.00967949
-0.0211758
0.0298762
0.0017364
-0.00348149
0.0210474
-0.0291705
0.00911444
0.00772095
-0.0232587
0.0300006
-0.00536726
-0.00309287
0.0167002
-0.0315177
0.00582949
0.0033116
-0.021238
0.0300006
-0.00471442
0.000212818
0.0178039
-0.0372534
0.00487095
0.00157583
-0.016238
0.0317364
-0.00645019
0.00292786
0.0180888
-0.0322534
0.00660672
-0.00407702
-0.0199738
0.0304929
-0.013186
0.00325428
0.0181096
-0.0326213
0.0158088
0.0113945
-0.0300514
0.0199746
0.00429087
-0.0228079
0.0147571
-0.026103
-0.0115437
0.0216588
-0.0218648
0.0181352
0.0150474
-0.0214608
0.0150836
-0.0237973
-0.00784938
0.0213531
-0.0222534
0.0195445
0.0110059
-0.0195022
0.0174929
-0.0271652
-0.00980791
0.0173116
-0.0180099
0.024384
0.0045551
-0.013523
0.0222287
-0.0262274
-0.00509287
0.0147002
-0.0224193
0.0277104
0.00757583
-0.0131758
