4.47395
0.0273963
-0.02297
0.0178072
0.00928936
-0.0228924
0.0170198
-0.0238196
-0.00995455
0.0232894
-0.0193379
0.0202373
0.00359505
-0.0255659
0.0179577
-0.019431
-0.00997528
0.0252894
-0.0186436
0.0208487
0.00731009
-0.0275452
0.0175483
-0.016348
-0.013996
0.0245951
-0.0186021
0.0197865
0.0119837
-0.0232188
0.0160198
-0.0235139
-0.0105452
0.0185536
-0.0196228
0.0185016
0.0118593
-0.0138302
0.0334032
0.00451212
-0.0129753
0.0255536
-0.0149078
0.0201337
0.0113101
-0.0235452
0.0179577
-0.0220423
-0.0153639
0.0272479
-0.00774723
0.0297711
0.000449929
-0.0129338
0.0202479
-0.0320476
-0.00476796
0.00865725
-0.0255867
0.0284446
8.20428e-05
-0.0115659
0.0159629
-0.0341928
0.00266212
0.00796294
-0.0229338
0.0324446
0.0034292
-0.00891308
0.017678
-0.0375192
-0.000685034
0.00628936
-0.0229545
0.0298747
-0.00302162
-0.00652447
0.0150044
-0.0356021
0.00343936
0.000900743
-0.0193639
0.0359784
-0.00506308
-0.00223951
0.0217194
-0.0316436
0.00654302
-0.0038143
-0.020996
0.0309784
-0.0133273
-0.0146281
0.0297349
-0.0181045
-0.0102602
0.0222479
-0.0199285
0.0181129
0.00935156
-0.0285659
0.0172426
-0.0190216
-0.0150167
0.0262479
-0.0156021
0.0221337
0.011678
-0.0239338
0.019367
-0.0205346
-0.00521877
0.0193308
-0.022768
0.0246052
0.0052479
-0.0212602
0.0174499
-0.0279232
-0.00787162
0.0176158
-0.0230322
0.0211959
0.00859505
-0.018281
0.0198385
-0.029944
-0.0075452
0.0176365
