4.32302
0.0275696
-0.0191205
0.0189417
0.0111182
-0.0217579
0.0230921
-0.0158871
-0.0111879
0.0280767
-0.0183847
0.0168588
0.0145068
-0.0247371
0.0197243
-0.0181721
-0.0168822
0.0234446
-0.0244262
0.0145324
0.0118332
-0.0300014
0.012947
-0.0154778
-0.0168822
0.0263824
-0.018364
0.0155117
0.0128747
-0.0290843
0.0154186
-0.0206022
-0.0128201
0.0234031
-0.0200997
0.0172474
0.0124446
-0.0217164
0.0331283
0.00875028
-0.0152087
0.0283617
-0.0166489
0.0125117
0.0121596
-0.0270428
0.0173356
-0.0177835
-0.0195973
0.0283824
-0.0114676
0.0236982
0.00809743
-0.0211257
0.0218694
-0.0207058
-0.00706355
0.0151804
-0.0280014
0.0250661
0.00870881
-0.0141465
0.0214031
-0.0322188
-0.00204282
0.0181804
-0.0253278
0.025434
0.00570881
-0.0171465
0.0193824
-0.0325453
-0.00500135
0.012486
-0.0266957
0.0244962
0.004258
-0.0110635
0.0173824
-0.0316075
-0.000939159
0.0124446
-0.02139
0.0275999
-0.00143631
-0.0107993
0.0211182
-0.030364
0.0041645
0.0090767
-0.0233485
0.0245377
-0.0039855
-0.0247993
0.0263771
-0.0121306
-0.0158615
0.0283202
-0.0155867
0.0107759
0.0158539
-0.0276749
0.0169263
-0.0111099
-0.0168615
0.027973
-0.0145867
0.0124287
0.0168954
-0.02839
0.0170092
-0.01454
-0.0124936
0.0247295
-0.0197318
0.0165324
0.0148125
-0.0236957
0.0163978
-0.0166229
-0.00910501
0.020771
-0.0251205
0.0152267
0.0098332
-0.0257993
0.0188486
-0.0233379
-0.00979932
0.022771
