-0.100539
0.0270043
0.000246694
0.0203455
-0.0189968
0.0256406
0.0112626
-0.0134683
0.0191796
-0.0274992
-0.00916266
0.0183455
-0.0206704
0.0239878
0.00793613
-0.0168155
0.0204439
-0.0188464
-0.00144761
0.0203662
-0.024261
0.0198426
0.0133662
-0.0201627
0.0190967
-0.0211314
-0.00420412
0.0257134
-0.0169968
0.0276406
0.011304
-0.0164891
0.018506
-0.0261935
-0.00810046
0.0143247
-0.0194062
0.0283971
0.00395686
-0.0224891
0.0121796
-0.0305822
-0.00416266
0.0220398
-0.0206496
0.0232934
0.00863044
-0.0181627
0.022076
-0.0190692
-0.0131005
0.0086719
-0.0218362
0.0298479
0.000811739
-0.00953054
0.0190605
-0.0338102
0.00406539
0.00901906
-0.0215305
0.0299101
-0.00192403
-0.00585696
0.0227134
-0.0291366
0.00643328
0.00834548
-0.0198984
0.0326252
-0.00327119
-0.00683623
0.0190605
-0.0328309
0.00478044
0.00469263
-0.0219606
0.0333609
-0.003722
0.00089954
0.0184284
-0.0335667
0.00621052
0.000609707
-0.0186135
0.0317703
-0.00913135
0.000288158
0.0130813
-0.0352818
0.00594629
-0.00410533
-0.0231834
0.0288686
-0.00349395
-0.0178362
0.0194853
-0.027437
-0.0118984
0.0210398
-0.0232818
0.0208841
0.00906052
-0.0268362
0.0166873
-0.0210277
-0.0135513
0.0186926
-0.0226496
0.0225991
0.00932475
-0.0204891
0.0161382
-0.0264992
-0.00848908
0.0170398
-0.022059
0.0257028
0.0059154
-0.0158362
0.0185475
-0.0266029
-0.000774037
0.0200398
-0.0187326
0.0248065
0.000464584
-0.0104891
0.0215682
-0.0269086
