-3.55271e-15
0.0285674
-0.00409327
0.0181092
-0.0240103
0.0256893
0.00802625
-0.0168705
0.0265547
-0.0211034
-0.00544043
0.0184356
-0.0239896
0.0230364
0.00435267
-0.0205234
0.0205754
-0.0268185
-0.00480831
0.0221092
-0.0262124
0.0198291
0.0154771
-0.0231555
0.0201246
-0.0207148
-0.00554409
0.0268035
-0.0183368
0.02971
0.00774129
-0.0205648
0.0229433
-0.0261864
-0.00309327
0.0174771
-0.0250725
0.0277514
0.00435267
-0.0224819
0.0162075
-0.0281449
-0.00582904
0.0227827
-0.0242538
0.0212592
0.0113941
-0.0185026
0.0257982
-0.0186526
-0.0115026
0.0161506
-0.0254404
0.0287929
0.0033112
-0.0155648
0.0214149
-0.0333522
0.00166323
0.0147827
-0.020829
0.0332437
0.000228277
-0.0121969
0.020762
-0.0346994
0.000683965
0.0111299
-0.0241969
0.0325909
-0.0014453
-0.0122177
0.0234149
-0.0313522
0.00105185
0.00845633
-0.0258705
0.0302852
-0.00187538
-0.0051762
0.0231506
-0.035088
0.00144047
0.00574129
-0.021912
0.0333888
-0.00365262
0.000559574
0.0218242
-0.0338238
0.00715551
0.00674129
-0.0267876
0.0274872
-0.00199449
-0.0248705
0.023451
-0.0212847
-0.0145648
0.0250262
-0.0214144
0.0137876
0.0134771
-0.0264612
0.0213059
-0.0158132
-0.0206063
0.0217206
-0.0215388
0.0202384
0.0091299
-0.0271762
0.0164925
-0.027062
-0.0108705
0.0234149
-0.019601
0.0243214
0.00774129
-0.0221969
0.0202283
-0.0267977
-0.00615547
0.0224356
-0.0196632
0.0257514
0.0043112
-0.0165234
0.0222905
-0.0285128
