2.61376
0.0255975
0.0107556
-0.0246282
0.0129938
-0.0165347
-0.0141619
0.0256934
-0.0186436
0.0124755
0.0174706
-0.0223018
0.016973
-0.0105347
-0.0117526
0.0262426
-0.00990785
0.0138226
0.0158385
-0.0269753
0.0178694
-0.00638955
-0.0178355
0.0275897
-0.01154
0.0117604
0.0188592
-0.0269546
0.0126052
-0.0125139
-0.0147733
0.0223048
-0.0172965
0.0105169
0.0121235
-0.0243432
0.0192995
-0.00884037
-0.0150375
0.0195483
-0.01097
0.0175169
0.0168385
-0.0269546
0.0142373
-0.00881963
-0.012794
0.0259783
-0.0178871
0.00773971
0.0171857
-0.0240375
0.018056
-0.0175347
-0.012877
0.029082
-0.0164001
0.0172735
0.0107763
-0.0233639
0.0177296
-0.0162497
-0.0117733
0.0191027
-0.0221981
0.0223149
0.010797
-0.0250375
0.0144446
-0.0213119
-0.0101205
0.0227556
-0.0185038
0.0216828
0.00940841
-0.0210375
0.0138747
-0.0270684
-0.00940541
0.0174499
-0.0225867
0.0230714
0.00769337
-0.0164054
0.0192633
-0.0257627
-0.00703752
0.0164499
-0.0226074
0.0234393
0.00567264
-0.0167318
0.0244653
-0.0155969
-0.0100997
0.0305483
-0.0100891
0.00339256
0.0151649
-0.0328509
0.00705069
-0.00402167
-0.0201412
0.0278125
-0.0106591
-0.00138468
0.0201857
-0.0308302
0.00639784
-0.00438955
-0.0168148
0.0272426
-0.0118457
0.00941329
0.0181857
-0.0298924
0.0101336
-0.00543102
-0.0138148
0.0269783
-0.0159078
0.00880191
0.0138178
-0.0276282
0.0139109
-0.0111253
-0.0161619
0.0249991
-0.0186022
0.00912833
