1.80923
0.0266225
0.0199829
-0.0276183
2.92665e-05
0.0133923
-0.019748
0.0285476
0.000532116
-0.0108102
0.0197187
-0.0303748
0.00309146
0.0107187
-0.0224008
0.0274854
0.0039
-0.011463
0.018698
-0.0300276
0.00405
0.0163715
-0.0206236
0.0224024
0.00559431
-0.0127894
0.0196358
-0.0285768
-0.00431789
0.0123508
-0.0180537
0.0272211
-0.00244715
-0.0145045
0.0177394
-0.0330691
0.00766138
0.0214545
-0.0311313
0.00554228
0.0089
-0.0107065
0.0142886
-0.029639
0.00166138
0.0167602
-0.0220329
0.0254646
0.00161504
-0.0178102
0.0140244
-0.0291313
0.00852154
0.0067187
-0.0218309
0.0293248
-0.00130732
0.00288414
0.0248431
-0.0314992
0.00788943
0.00402439
-0.0179138
0.0338171
-0.00936951
-0.000421547
0.0201488
-0.0331728
0.00623658
0.00167724
-0.0192402
0.0331228
-0.00606382
0.00264065
0.0168224
-0.0322764
0.0110346
-0.00305853
-0.0165874
0.0328793
-0.0104939
0.00764065
0.0218224
-0.0276028
0.0140553
-0.00140569
-0.0155459
0.0272679
-0.016924
0.00900853
0.0191695
-0.0302972
0.0199309
0.00876017
-0.0284008
0.0254024
0.00533008
-0.0191366
0.0214907
-0.020411
-0.00513659
0.0214545
-0.0232972
0.0239931
0.00969797
-0.0187894
0.0198378
-0.0207996
-0.00274797
0.020413
-0.0199707
0.024076
0.00594147
-0.0137894
0.0189622
-0.0292297
-0.00305366
0.0177394
-0.0183801
0.0285061
0.0029
-0.0121366
0.0219622
-0.0242711
0.000723576
0.0123715
-0.0190744
0.0301797
0.0039
-0.0101573
