2.76457
0.0277133
0.0119655
-0.026237
0.0171829
-0.0170606
-0.0127293
0.0279033
-0.0208845
0.0136439
0.0120277
-0.0289728
0.0198772
-0.0170606
-0.0133821
0.0288411
-0.0151902
0.0159911
0.0146598
-0.0265634
0.0210793
-0.00926259
-0.0177293
0.0268203
-0.0171488
0.012276
0.0156598
-0.025237
0.0181829
-0.016387
-0.0133821
0.0278618
-0.0185167
0.0136232
0.0153333
-0.0249313
0.0215094
-0.0117341
-0.0132577
0.0220638
-0.0092317
0.0230533
0.0156598
-0.025237
0.0207943
-0.0103455
-0.0113821
0.0301882
-0.0187809
0.0108667
0.0213333
-0.0166463
0.0194939
-0.0303715
-0.00225771
0.0193541
-0.0229313
0.0287321
-0.0018947
-0.0156878
0.0212297
-0.031128
-0.00111259
0.0105976
-0.0229313
0.0280793
-0.00160974
-0.0119935
0.020924
-0.0318431
0.00158172
0.00994473
-0.0226463
0.0321
0.000390259
-0.00966706
0.0209862
-0.0378431
-0.00245975
0.00896546
-0.0262992
0.0267736
-0.00201909
-0.00793129
0.0172919
-0.0352524
0.00133822
0.00290327
-0.0240142
0.0301829
-0.00406055
-0.00527844
0.0255354
-0.0277187
0.00206871
0.0285976
-0.0219053
0.0146439
0.015639
-0.0242162
0.0184886
-0.0146927
-0.0143821
0.0268618
-0.0204959
0.0115817
0.0173333
-0.0248898
0.014898
-0.0207963
-0.0133199
0.0205561
-0.0206825
0.0214212
0.0113126
-0.0252992
0.0183073
-0.0215321
-0.0086256
0.0205976
-0.0230504
0.0201362
0.007924
-0.023952
0.0160224
-0.0259207
-0.0076256
0.0206183
-0.024724
0.0178305
