3.26727
0.0291537
0.00274599
-0.0136792
0.0218082
-0.0294044
-0.00520767
0.0109326
-0.0282491
0.0252277
0.00546103
-0.0147
0.0201968
-0.0350987
-0.00461702
0.0186062
-0.0225548
0.0259427
0.00113461
-0.0177414
0.0260931
-0.0275857
-0.00972068
0.0226269
-0.0231662
0.0238598
0.00582892
-0.0183528
0.018461
-0.0314044
-0.00459629
0.0166062
-0.0235756
0.0262899
0.0014403
-0.0157207
0.0254403
-0.022078
0.00409802
0.0219533
-0.0179434
0.0362692
0.0108289
-0.0127
0.025461
-0.0260365
-0.00390198
0.0136269
-0.0295548
0.0238391
0.0114196
-0.00633207
0.0203005
-0.0356325
0.00589598
0.0112797
-0.0197829
0.0359273
-0.00713491
-0.00398491
0.0206476
-0.0333682
0.00804111
0.00123827
-0.0244772
0.0349066
-0.00646133
-0.00267922
0.021057
-0.0384097
0.00671468
-0.00108816
-0.0258451
0.0339688
-0.0101971
-0.00261702
0.0166891
-0.0371247
0.00814477
-0.00419182
-0.0194979
0.0357045
-0.00932149
0.00809802
0.0207305
-0.0354926
0.00824843
-0.00896905
-0.01513
0.0344196
-0.0117308
0.0108131
0.0213419
-0.0379796
0.00816021
0.0186476
-0.0265548
0.0271655
0.00921753
-0.0206792
0.0197045
-0.0289121
-0.0127
0.0199118
-0.0237776
0.0237354
0.0126062
-0.0190886
0.0228289
-0.0297516
-0.00159629
0.0176476
-0.0239642
0.0299842
0.00276672
-0.0156792
0.0181761
-0.0318345
-0.000492633
0.0119118
-0.0216585
0.0304143
-0.00264263
-0.0130264
0.0211968
-0.0305081
-0.00110402
0.00721753
-0.0223528
0.0327407
