3.87051
0.0280471
-0.012393
0.00300579
0.0185761
-0.0348491
0.00672611
-0.00465193
-0.0224658
0.0261615
-0.0100251
0.00200579
0.0198611
-0.0298284
0.010379
-0.00324258
-0.0252015
0.0268973
-0.0147194
5.78729e-06
0.0198196
-0.0300719
0.00823384
0.00614604
-0.0218544
0.0328143
-0.00659502
-0.000729985
0.0209233
-0.0331962
0.0100525
-0.00228405
-0.0211808
0.0288973
-0.0107609
0.00474156
0.0158611
-0.0308906
0.0228867
0.0175761
-0.0188751
0.0355294
-0.00696291
-1.49445e-05
0.0192082
-0.0305227
0.0127054
-0.000242582
-0.0228544
0.0327936
0.00389197
0.0161716
0.0145968
-0.0310564
0.0157107
-0.0184914
-0.016528
0.0257574
-0.0210097
0.0151509
0.0162497
-0.0270771
0.0174672
-0.0202686
-0.0101393
0.024146
-0.0237662
0.0172338
0.0118818
-0.0277507
0.0158351
-0.0246158
-0.0131393
0.0204932
-0.0248491
0.0206432
0.0114725
-0.0204243
0.0192651
-0.0257194
-0.00707714
0.0204932
-0.0215849
0.0257468
0.00810457
-0.0197714
0.0183273
-0.0274966
-0.00166779
0.0181668
-0.0236056
0.0234619
0.00175742
-0.0270564
0.0255863
-0.00595762
-0.0218958
0.0335501
-0.0093308
0.00131148
0.0195761
-0.0341755
0.00901107
-0.00124258
-0.0232015
0.0328143
-0.00463649
0.00331148
0.0209233
-0.0318906
0.0114412
-0.00399909
-0.0178544
0.0306123
-0.0137609
0.00435294
0.0179233
-0.0319527
0.0145034
-0.00667266
-0.0185487
0.0293481
-0.0181702
0.0067001
0.0176176
-0.0329942
0.0158712
-0.00932551
-0.0222223
0.0273273
