3.217
0.0269518
-0.00186379
-0.0138589
0.0189134
-0.0283406
-0.000387375
0.0133643
-0.0264081
0.0210273
0.0021984
-0.0165118
0.0158927
-0.0306463
-0.00473453
0.0123228
-0.0243874
0.0216801
0.00354556
-0.0158589
0.0198512
-0.0275427
-0.00683819
0.0180378
-0.023061
0.0230273
0.0041984
-0.0135325
0.0199134
-0.029952
-0.00673453
0.0116285
-0.0227138
0.0203951
0.000483361
-0.0128589
0.0244834
-0.0162784
0.00626547
0.0200586
-0.020776
0.0306801
0.00993417
-0.016491
0.0174834
-0.025237
-0.00412315
0.015385
-0.0293459
0.0188821
0.0145248
-0.00351177
0.0200793
-0.0355065
0.0053484
0.0110586
-0.021289
0.0307061
-0.00972396
-0.00285892
0.0220793
-0.0322008
0.00612563
0.00432279
-0.0222683
0.0306439
-0.00600892
-0.00385892
0.0214057
-0.0312215
0.00847279
0.00466995
-0.022289
0.0293797
-0.00976542
-0.000817456
0.0191
-0.0329573
0.00890287
-0.00106583
-0.0193305
0.0314834
-0.0115634
0.00757116
0.0211208
-0.0300195
0.0120273
-0.00647518
-0.0179833
0.0324626
-0.00888981
0.00859189
0.0240378
-0.029465
0.0102862
0.0214057
-0.0240402
0.0242708
0.00897564
-0.0182268
0.0231362
-0.0205219
-0.00314388
0.0209964
-0.0232423
0.0165143
0.0080171
-0.0229004
0.0178305
-0.0246049
0.000856121
0.0230378
-0.0196931
0.024333
0.00591344
-0.0178382
0.0155248
-0.0273199
-0.000734529
0.0137114
-0.023491
0.0274573
0.000830515
-0.0135325
0.0189342
-0.0287085
0.00130693
0.0130171
-0.0218175
0.0278045
