2.96565
0.0256549
0.00726071
-0.0188381
0.0200534
-0.0201125
-0.00853239
0.0213022
-0.0205893
0.0198408
0.0136286
-0.0158381
0.022727
-0.0184389
-0.00720596
0.0229757
-0.0195893
0.0188823
0.00830217
-0.0208588
0.0242969
-0.0139673
-0.0129417
0.0246286
-0.0185478
0.0184936
0.0123229
-0.0224495
0.014644
-0.0171332
-0.00614377
0.0199343
-0.0192421
0.0175558
0.00630217
-0.0202474
0.0254005
-0.0151332
-0.00479661
0.0199343
-0.0159779
0.0275558
0.0156493
-0.0177966
0.0196648
-0.0167446
-0.00820596
0.0223022
-0.0225271
0.0144522
0.0168928
-0.00649092
0.0173436
-0.0331592
0.00469566
0.00936437
-0.0219417
0.0290119
-0.0103767
-0.00683808
0.0180172
-0.0318535
0.00445217
0.00395502
-0.0225531
0.0266026
-0.00668238
-0.00649092
0.0176701
-0.0302007
0.00516721
0.000934286
-0.0212682
0.0290119
-0.00711246
-0.000102304
0.0176908
-0.0312214
0.00388225
-0.00278076
-0.0196153
0.0294005
-0.00819539
0.00395989
0.0137323
-0.0343251
0.00598591
-0.00914864
-0.0229417
0.0260534
-0.0111747
0.00124485
0.0193229
-0.0304649
0.00698062
0.0173436
-0.0243458
0.0215766
0.0073229
-0.0245117
0.0163591
-0.0211125
-0.00920596
0.0213022
-0.021895
0.0168201
0.0123022
-0.0191438
0.014442
-0.0249104
-0.00444946
0.0150172
-0.0247344
0.0239652
0.00726071
-0.0188381
0.0154835
-0.027584
-0.00644946
0.0143229
-0.0217551
0.0250481
0.00417778
-0.0141645
0.0162192
-0.027382
0.000674932
0.0103022
-0.0247344
0.0203745
