-0.201078
0.0292305
-0.00915579
0.0203523
-0.0192749
0.0233003
0.00867877
-0.0195029
0.0217979
-0.0223887
-0.0105237
0.0187617
-0.0269692
0.0205853
0.00937308
-0.0221558
0.0181243
-0.0234302
-0.00980863
0.0163938
-0.0302127
0.0144609
0.0117824
-0.0271558
0.0176942
-0.0176944
-0.00754441
0.0250674
-0.018622
0.0259532
0.00941454
-0.0258294
0.0134922
-0.0278395
-0.00746148
0.0183731
-0.0173993
0.0327304
0.0076995
-0.0260936
0.00747145
-0.0334716
-0.0105859
0.0254145
-0.0228863
0.0211552
0.0164353
-0.0221351
0.0200414
-0.0206115
-0.0162594
0.0187824
-0.0227672
0.0297511
0.00531088
-0.0159123
0.0213731
-0.0323525
0.00162145
0.0157824
-0.0238086
0.0301397
0.00422796
-0.010218
0.0237202
-0.0320054
0.00127429
0.0167824
-0.0221558
0.0328133
0.00590153
-0.00856514
0.0241089
-0.0340676
0.00266291
0.0114767
-0.0255859
0.0355491
0.00320722
-0.00889156
0.0221296
-0.0348033
0.00409299
0.00804666
-0.0192594
0.0363471
-0.000632207
0.000844212
0.0225182
-0.0368655
0.00711373
0.00904666
-0.0231558
0.033119
0.0026995
-0.0261973
0.0236735
-0.01557
-0.0119952
0.0333731
-0.0177412
0.0160723
0.0151918
-0.0321351
0.0155906
-0.01557
-0.0123216
0.0317202
-0.0171505
0.0198288
0.0137824
-0.0231973
0.0221036
-0.0193887
-0.00687083
0.0276788
-0.0145391
0.0258702
0.0144767
-0.0232387
0.0225129
-0.0247566
-0.00854441
0.023741
-0.020622
0.024606
0.00974097
-0.0228708
0.0217979
-0.0214094
