-0.150808
0.0267623
0.0204786
-0.0166044
-0.00839216
0.0224217
-0.0177755
0.021981
0.0134839
-0.0216771
0.0184578
-0.0172572
-0.0081072
0.0267688
-0.0180397
0.0175924
0.0128517
-0.0246979
0.0177843
-0.0175836
-0.00943363
0.0290123
-0.0129153
0.014183
0.0152196
-0.0270035
0.0170278
-0.0125214
-0.00978078
0.0260952
-0.0183661
0.0156131
0.0081989
-0.0284129
0.0148672
-0.0233609
-0.0041072
0.0268517
-0.0342003
-0.00430924
0.0164631
-0.0196149
0.0144578
-0.0196251
-0.00906574
0.0230745
-0.0187133
0.0182452
0.0138725
-0.025045
0.0125822
-0.0277495
-0.00539216
0.0208517
-0.0228999
0.0224526
0.00635947
-0.01276
0.0227274
-0.0284853
-0.00265639
0.0175046
-0.0196771
0.028292
-0.00072346
-0.0124129
0.0220538
-0.0265267
7.93819e-05
0.0135046
-0.0210657
0.0319656
0.00325581
-0.00771859
0.0217688
-0.0282625
0.00116231
0.00846313
-0.0217393
0.0287013
-0.00184785
-0.00271859
0.0231782
-0.0326304
0.001468
0.0108103
-0.0191072
0.0307843
-0.00491005
-0.0013507
0.0211782
-0.0310397
0.0111208
0.0195253
-0.0297962
0.0162245
0.0141989
-0.0266564
0.0160278
-0.0138479
-0.0104751
0.0290745
-0.0169568
0.0145095
0.0149139
-0.03033
0.0143334
-0.0148064
-0.013843
0.0280952
-0.0179983
0.0145717
0.0131574
-0.0223507
0.0187843
-0.0188686
-0.0124958
0.0277688
-0.0154076
0.018696
0.00972735
-0.0170035
0.021805
-0.0155836
-0.00939216
0.0207688
-0.0197962
0.0216546
0.011831
-0.0223922
