2.7143
0.0286396
0.00930274
-0.0265733
0.0182145
-0.0173761
-0.0127184
0.0285877
-0.0218322
0.0109605
0.0136914
-0.0259412
0.0218881
-0.0147025
-0.0130034
0.0278312
-0.0151379
0.0126755
0.0103649
-0.0309204
0.0204373
-0.011231
-0.0184334
0.0318312
-0.0134229
0.0122869
0.0140592
-0.0315526
0.0125202
-0.0193969
-0.012392
0.0295877
-0.0178944
0.0180227
0.0146914
-0.0259204
0.0179296
-0.0184591
-0.0125733
0.0220954
-0.0105473
0.022717
0.0153857
-0.0292261
0.0194373
-0.00864035
-0.0123505
0.0285255
-0.0197493
0.00953037
0.0200592
-0.0186977
0.0241783
-0.0292778
-0.0059619
0.0210385
-0.0238582
0.0279657
0.00389339
-0.0209826
0.0178312
-0.0303607
-0.00255255
0.0180178
-0.0245318
0.0279657
0.00519908
-0.0160034
0.0209141
-0.034055
-0.00453182
0.0143442
-0.0236147
0.0323958
0.00281046
-0.0133298
0.0203027
-0.0354851
0.00118322
0.0143649
-0.0239826
0.0331109
0.000768996
-0.0110034
0.0236292
-0.0311586
0.000960456
0.00630274
-0.0233713
0.0348674
-0.00100824
-0.00559402
0.0242405
-0.0313607
-0.000288325
0.0289763
-0.0232416
0.0156548
0.0140592
-0.029594
0.0201523
-0.0123139
-0.0130656
0.0315462
-0.0174436
0.0128983
0.0177743
-0.0315733
0.0135409
-0.0203969
-0.0130656
0.028282
-0.021568
0.0160019
0.0146914
-0.0285318
0.0128674
-0.0200704
-0.0130448
0.026282
-0.0193245
0.0214527
0.0106499
-0.0249412
0.0192975
-0.0198062
-0.0070241
0.0289763
-0.0196509
0.021432
