-1.25688
0.0274927
-0.0246811
0.0276559
0.000946121
-0.00933396
0.0188063
-0.0318779
0.000443271
0.0142156
-0.0213547
0.0300238
-0.00103315
-0.0103962
0.0238063
-0.0288364
-0.000230306
0.0135628
-0.0230283
0.0293502
-0.00364453
-0.019049
0.019029
-0.0257742
-0.00257746
0.0145213
-0.0219453
0.0272465
0.00435547
-0.0123547
0.0187856
-0.0318364
-0.004536
0.00852132
-0.0263132
0.022003
-0.00409534
-0.00902827
0.0338839
-0.00885185
-0.0105775
0.00913271
-0.0209661
0.0269823
-0.00166526
-0.0153754
0.0200705
-0.0287742
-0.00296608
0.0178892
-0.0150905
0.0319254
-0.0102819
0.000360344
0.0199307
-0.0314531
0.00812213
-0.00395022
-0.0174791
0.0326404
-0.0110177
0.00472823
0.0186457
-0.0325567
0.0141843
-0.00590876
-0.0202149
0.0346819
-0.00942705
0.0101376
0.017625
-0.0315567
0.0128994
-0.00929737
-0.0218055
0.0256819
-0.0151628
0.0104847
0.0162986
-0.0299661
0.0153709
-0.0157275
-0.0181527
0.0270912
-0.0162665
0.0165469
0.0162986
-0.0280075
0.0177803
-0.016484
-0.0117848
0.0281327
-0.0251421
0.0037075
0.0245421
-0.0309193
0.00283189
0.0121949
-0.022334
0.0296351
0.00200832
-0.0117226
0.0221327
-0.0311421
-0.00327177
0.0148892
-0.0220075
0.029003
-0.00035957
-0.0117019
0.0181742
-0.0313079
0.00456766
0.00784775
-0.0220697
0.0307595
-0.00115754
-0.00296608
0.0191949
-0.0296966
0.00732417
0.00380628
-0.023049
0.0271067
-0.00387258
0.000666035
0.0229307
-0.0336758
0.00393555
0.00515344
