0.854603
0.0260048
0.0133742
-0.00486401
-0.0136156
0.0318096
-0.00993149
0.00993883
0.0220583
-0.0263047
0.00970062
-0.00819043
-0.0182685
0.0267888
-0.0119522
0.00830672
0.0180376
-0.0263461
0.0130478
-0.00586401
-0.0175534
0.0289909
-0.00511279
0.000918098
0.0157112
-0.0303254
0.0112913
-0.00180182
-0.0172685
0.0287681
-0.0102372
0.00530672
0.015364
-0.0283461
0.00876282
-0.0122526
-0.0146364
0.0285661
-0.0274807
-0.0115534
0.017364
-0.0296104
0.00794412
-0.00282255
-0.0162685
0.0307474
-0.00950141
0.00289737
0.0190583
-0.0315896
0.000679889
-0.0115998
-0.0129628
0.0285868
-0.0170766
0.0126953
0.0157319
-0.0244913
0.0208872
-0.0112734
-0.0122892
0.0272811
-0.017486
0.0161047
0.0140169
-0.0234498
0.0185401
-0.0112941
-0.0112685
0.0266075
-0.0168331
0.0177783
0.0130583
-0.0258384
0.0172966
-0.0177034
-0.0119006
0.0235868
-0.0158746
0.0201669
0.0146283
-0.0164705
0.0206852
-0.0174185
-0.00787987
0.0229754
-0.0179575
0.0206177
0.00623965
-0.0178384
0.0187681
-0.0228486
-0.00322702
0.0319132
-0.0209108
-0.000123365
0.0190376
-0.0315482
0.00516688
0.00126038
-0.0192892
0.0320323
-0.00774491
-0.00149125
0.0223433
-0.0281595
0.00414615
0.00421892
-0.0155534
0.0277266
-0.0105014
0.00189737
0.0170791
-0.0329782
0.00859696
-0.00212824
-0.0179421
0.0287681
-0.0112165
0.00459168
0.0177319
-0.029999
0.0119648
-0.00212824
-0.0172892
0.0281567
-0.0136258
0.00893883
0.0200791
-0.0283461
