3.7197
0.0274124
-0.0106734
0.000704619
0.0178656
-0.0334145
0.00366844
-0.00291164
-0.0254612
0.0264717
-0.00795839
1.03101e-05
0.0179071
-0.0351295
0.00699486
0.00108836
-0.020482
0.0308603
-0.00895839
-0.000663267
0.020192
-0.0336787
0.00287047
0.00517129
-0.024482
0.0301245
-0.00818115
-0.00805189
0.0178656
-0.0324352
0.00732129
0.000129827
-0.0238499
0.0308603
-0.006347
0.00505177
0.0182542
-0.0335181
0.0188912
0.0155806
-0.021482
0.0318189
-0.00526408
0.000989578
0.0215599
-0.0314352
0.00832129
0.00112983
-0.0238291
0.0331038
0.00530584
0.0134819
0.0152957
-0.0343161
0.0135908
-0.00975107
-0.0128499
0.0291298
-0.0212901
0.0121554
0.0142749
-0.0303783
0.0167359
-0.0155283
-0.0117669
0.0244148
-0.0209637
0.012829
0.0162335
-0.0263368
0.0164095
-0.0162019
-0.0111141
0.023477
-0.0230673
0.0169119
0.0125599
-0.0254198
0.0205132
-0.0205698
-0.0114612
0.0251298
-0.0190881
0.0189949
0.0101506
-0.0217255
0.0185754
-0.0230206
-0.00801042
0.0177827
-0.0228031
0.0196684
0.00884487
-0.0280104
0.0271607
0.00476194
-0.0194405
0.031451
-0.0055283
-0.00405189
0.0212128
-0.0320673
0.00725909
0.00612983
-0.0224198
0.030368
-0.000486841
-0.00370473
0.0205392
-0.0288031
0.0117099
0.00108836
-0.020482
0.0315132
-0.0056527
0.00370462
0.0198863
-0.0294974
0.0127306
0.00106763
-0.0188084
0.0305546
-0.0119584
-0.00235758
0.0189071
-0.0311917
0.00981356
-0.0060153
-0.0178084
0.0295961
