1.57163
0.0262568
0.0197863
-0.0265868
-0.00655594
0.0209315
-0.0177165
0.0249209
0.00723715
-0.0202295
0.0173977
-0.0232604
-0.00418806
0.0205843
-0.0193279
0.0205323
0.00889
-0.0169031
0.0194392
-0.0242811
-0.00188236
0.0252579
-0.0179393
0.017838
0.00791073
-0.0212088
0.0173355
-0.0208511
-0.00722952
0.0192993
-0.0214108
0.0242473
0.00756358
-0.0182503
0.0174806
-0.0263641
0.00281194
0.0230144
-0.0344885
0.000609913
0.0135636
-0.0158409
0.0183563
-0.0218511
-0.00692383
0.0216465
-0.0217165
0.0228794
0.00793146
-0.0225559
0.00917496
-0.0321413
0.0029156
0.0146465
-0.0221881
0.0264132
0.00335626
-0.00322952
0.0239522
-0.0278149
0.00530422
0.0119729
-0.0192917
0.033864
-0.000643743
-0.00722952
0.0202786
-0.0295092
0.00434569
0.00795219
-0.0212917
0.0308847
-0.00237952
-0.00255594
0.0216672
-0.030245
0.00544934
0.00319569
-0.0169653
0.0309884
-0.00617748
0.00285341
0.0199937
-0.0279807
0.0102058
-0.000151466
-0.020271
0.0256412
-0.00854537
0.00352699
0.0193408
-0.0293279
0.0164079
0.0132993
-0.0290429
0.0171644
0.00693146
-0.0248616
0.016579
-0.0164417
-0.00794456
0.0255843
-0.0188978
0.016755
0.0116465
-0.0258409
0.0125998
-0.0204832
-0.00925025
0.0202786
-0.0229807
0.0174908
0.00989
-0.0168824
0.020377
-0.0215246
-0.00625025
0.0245843
-0.0153279
0.021268
0.0058278
-0.0152088
0.0197449
-0.0232397
-0.00553521
0.0182993
-0.0220844
0.0235945
0.00654284
-0.0195352
