1.106
0.0268866
0.020805
-0.0124593
-0.00937145
0.0287688
-0.0138739
0.0155924
0.0175875
-0.0242056
0.0153956
-0.0104593
-0.00769788
0.0278103
-0.0195267
0.00989806
0.0145875
-0.0255735
0.0154371
-0.0151121
-0.013045
0.0287066
-0.0147288
0.00483586
0.0146082
-0.029532
0.0129863
-0.0110084
-0.0174129
0.0270538
-0.0115267
0.0169188
0.0189346
-0.0232263
0.0157842
-0.0141536
-0.00935072
0.0244838
-0.0310345
-0.00730926
0.0169346
-0.026532
0.0143542
-0.00941779
-0.0113507
0.0273802
-0.0124853
0.0135509
0.0169761
-0.0308584
0.00315213
-0.0259101
-0.00973934
0.0262196
-0.0177548
0.0244318
0.0118725
-0.0173715
0.0233802
-0.0249723
-0.00567714
0.0225875
-0.0198584
0.0268826
0.00581026
-0.0190036
0.019033
-0.026993
-0.00665641
0.0202403
-0.0211849
0.0248826
0.00707449
-0.0129621
0.0197273
-0.0257288
-0.00224706
0.018546
-0.0182263
0.0263334
0.0016444
-0.00830926
0.0211574
-0.0288324
0.000835865
0.0128932
-0.0206564
0.0297428
-0.0010499
-0.00863568
0.0185253
-0.032221
0.0047944
0.0202403
-0.0299983
0.0148566
0.0203233
-0.028532
0.0149655
-0.00798771
-0.0151072
0.0310745
-0.0140967
0.00948871
0.0193025
-0.0301434
0.00894481
-0.0113349
-0.0151487
0.0318103
-0.0158532
0.0125716
0.0152818
-0.0259414
0.0190899
-0.0117442
-0.0110865
0.0285046
-0.016304
0.017696
0.0102403
-0.0259621
0.0178257
-0.0151743
-0.0080243
0.0245253
-0.0190397
0.0200639
0.010546
-0.0232885
