0.754056
0.0259229
0.011462
-0.0108384
-0.0162844
0.034488
-0.00880226
0.0042701
0.0201047
-0.026647
0.0137469
-0.00579697
-0.0182222
0.0277937
-0.0121494
0.00129083
0.0164103
-0.0282998
0.0113998
-0.0058177
-0.0175279
0.0300372
-0.00408722
0.00198514
0.0150632
-0.031564
0.00694896
-0.000449818
-0.0161807
0.0261201
-0.0108645
0.00696441
0.0178197
-0.031362
0.0104827
-0.0112271
-0.0116108
0.0319595
-0.0257815
-0.00950714
0.0180839
-0.0289319
0.00837904
-0.00616486
-0.0171807
0.0257729
-0.0111701
0.00429083
0.0190839
-0.0302169
-0.00121161
-0.0166364
-0.0115693
0.0276331
-0.0173982
0.0153945
0.0181254
-0.0224864
0.02169
-0.0166364
-0.0109165
0.0270217
-0.0165433
0.0212547
0.0113274
-0.0197506
0.0196486
-0.0146364
-0.0105486
0.0246746
-0.0191754
0.0191717
0.0150425
-0.0191185
0.0200579
-0.0180458
-0.00818072
0.0246538
-0.0161962
0.0215603
0.0123689
-0.0201393
0.0197522
-0.0194136
-0.00813925
0.0209803
-0.0152791
0.0253376
0.00798026
-0.01816
0.0208144
-0.0224551
-0.00485429
0.0296331
-0.0225795
0.000943674
0.0183896
-0.0291962
0.00758107
0.00159165
-0.0175279
0.0290579
-0.00774006
0.00090221
0.0214103
-0.0298283
0.00619246
0.00526522
-0.0142014
0.0297937
-0.0117815
-0.000403481
0.0174103
-0.0282791
0.0110319
-0.00477624
-0.0172636
0.0308351
-0.00955876
0.00933229
0.0187782
-0.0273413
0.017379
0.000223759
-0.0138958
0.0285502
-0.0129681
0.012353
0.0197782
-0.0266677
