-0.301617
0.0284927
-0.00859039
0.027695
-0.0178908
0.022845
0.0134308
-0.0238754
0.0236897
-0.0166367
-0.0106319
0.02741
-0.022238
0.0204978
0.0124308
-0.0274867
0.0166482
-0.0173518
-0.00956966
0.0256742
-0.0224607
0.0147206
0.0164515
-0.0271188
0.0146275
-0.0196367
-0.0116733
0.0320421
-0.0155436
0.0231921
0.0117779
-0.0268754
0.017099
-0.0234554
-0.00850747
0.0200214
-0.0190152
0.0273165
0.00932709
-0.0221188
0.013099
-0.0277819
-0.00926397
0.0263893
-0.0218908
0.0201507
0.0150629
-0.0208339
0.0246482
-0.0139217
-0.0132847
0.0217779
-0.0243831
0.0256429
0.0070214
-0.020264
0.0193064
-0.032642
-0.00211885
0.0187364
-0.0227302
0.0253787
0.00459132
-0.013264
0.0243478
-0.0309892
0.000228308
0.0174515
-0.0251396
0.029073
0.00559132
-0.0145489
0.0193271
-0.0320306
0.00126977
0.0141251
-0.0255489
0.0311767
0.00118197
-0.0108961
0.0210629
-0.0344193
0.000352698
0.00838929
-0.0238961
0.030586
-0.00224811
-0.00685462
0.0194308
-0.036155
0.00208847
0.00567425
-0.0248339
0.0304409
6.69999e-07
-0.0282018
0.019669
-0.0199424
-0.0172847
0.0246328
-0.0214193
0.0126999
0.0161251
-0.0287717
0.0175031
-0.0105123
-0.015979
0.0253686
-0.0218701
0.0174978
0.01041
-0.0258546
0.0180576
-0.0220461
-0.0112432
0.0240214
-0.0212172
0.0191714
0.0110836
-0.0232432
0.0211612
-0.0248026
-0.00654893
0.0214515
-0.0266888
0.0222751
0.00669498
-0.0235489
0.0181612
-0.0274762
