-1.38271
0.0272963
-0.0231445
0.0210006
0.0121563
-0.0220047
0.0155396
-0.0239734
-0.0103933
0.0194827
-0.0228181
0.0197156
0.00713555
-0.0233726
0.0188453
-0.0196055
-0.00939331
0.0211356
-0.0221031
0.0189799
0.0108506
-0.0279632
0.0127209
-0.017849
-0.0137819
0.0237677
-0.0170823
0.0203477
0.00982986
-0.0240254
0.0171717
-0.0212584
-0.0127197
0.0177884
-0.0221445
0.0206949
0.0127469
-0.0146575
0.032638
0.00166401
-0.013414
0.0230526
-0.0134088
0.0210628
0.0077884
-0.0230047
0.0178038
-0.0198697
-0.0128027
0.0261148
-0.0128181
0.0267778
0.00748271
-0.0214348
0.021949
-0.0233413
-0.00933112
0.0125242
-0.0269632
0.0257986
0.00676767
-0.0171084
0.0197677
-0.0315279
-0.000963233
0.0185034
-0.0202689
0.02784
0.00639978
-0.015414
0.0200734
-0.0304864
-0.00526892
0.0108506
-0.0256783
0.0278815
0.00566401
-0.0107197
0.0197884
-0.0296108
0.00218189
0.00685059
-0.0254348
0.0287209
-0.00446038
-0.00871974
0.0198299
-0.0303466
0.00426482
0.00444124
-0.0233726
0.026353
-0.0080303
-0.0197612
0.029151
-0.0137868
-0.0144762
0.0270734
-0.0185901
0.0121612
0.0155864
-0.0299632
0.014638
-0.0147039
-0.020212
0.0300319
-0.0142014
0.0111612
0.0152392
-0.0270047
0.0164152
-0.016849
-0.0127819
0.0244412
-0.0187145
0.0182855
0.0112185
-0.0283519
0.015436
-0.0185433
-0.0111291
0.0258091
-0.020388
0.0169591
0.00987133
-0.0267197
0.0148868
-0.0262998
-0.0114348
0.0241148
