-1.50923
0.0272226
-0.0233507
0.026779
0.00599159
-0.0151279
0.0212973
-0.0261795
-0.00106573
0.0208103
-0.0216564
0.0254526
0.00366517
-0.0174751
0.0209501
-0.0271381
-0.00671857
0.0160953
-0.0219828
0.0254318
0.00501233
-0.01976
0.0194993
-0.0220344
-0.0078015
0.0227688
-0.0205527
0.0213489
0.00803306
-0.0177808
0.0205615
-0.0234438
-0.006045
0.015116
-0.0249828
0.0234111
0.00860298
-0.0100657
0.0349863
0.000193626
-0.0110657
0.0173387
-0.0158999
0.0260432
0.00840094
-0.0204543
0.0198672
-0.024708
-0.00719012
0.025831
-0.0180035
0.0278412
0.00360298
-0.0134336
0.0170331
-0.0332625
-0.00594134
0.00478956
-0.0297808
0.0261883
0.00321436
-0.00778077
0.0204424
-0.033019
0.00142655
0.00748387
-0.0284751
0.0288826
0.00125582
-0.0128015
0.0184217
-0.0326926
0.000468013
0.00542168
-0.0254543
0.0253127
-0.00554215
-0.00745435
0.0194839
-0.0344283
0.00318305
0.00407452
-0.0225165
0.0317013
-0.00356288
-0.00476004
0.0185046
-0.0335113
0.00663387
-0.000987674
-0.0228222
0.0293542
-0.00847995
-0.0158015
0.0271729
-0.0192779
-0.011843
0.0253802
-0.019734
0.0145302
0.0104839
-0.030045
0.0123335
-0.0198893
-0.0158844
0.0263595
-0.0183661
0.0128566
0.00981029
-0.0271072
0.0161107
-0.0216665
-0.0101487
0.0220953
-0.0221848
0.0196131
0.00944241
-0.0254129
0.0134786
-0.0250552
-0.0104336
0.0164424
-0.0268999
0.017981
0.0086859
-0.01676
0.0185822
-0.0277702
-0.00876004
0.0187481
