0.150808
0.026098
-0.00131095
0.0109899
-0.0191089
0.0288395
0.00149759
-0.0111504
0.0209277
-0.0246528
0.00168905
0.0130106
-0.0200882
0.0274716
0.00251832
-0.0137825
0.0159069
-0.027
0.00166832
0.0140313
-0.0246788
0.0229793
0.0089484
-0.0138447
0.0215805
-0.0268963
-0.00376177
0.0177049
-0.0177618
0.0291659
0.00151832
-0.0121711
0.0209484
-0.0269792
-0.0019638
0.00898987
-0.0220882
0.0244923
-0.00476664
-0.0218654
0.0172126
-0.0262642
-0.00106746
0.0183578
-0.0193524
0.0237565
0.00384474
-0.0114561
0.0205391
-0.0248756
-0.0099638
0.000663443
-0.0219484
0.0323939
-0.00605688
0.0012175
0.0204614
-0.0302902
0.0129586
-3.08663e-05
-0.0202748
0.0320882
-0.00742477
0.000932544
0.0183992
-0.0279223
0.012285
0.00160125
-0.016254
0.033109
-0.00711908
0.00491181
0.0204821
-0.031311
0.0116736
-0.00374591
-0.0196012
0.0301297
-0.00918127
0.00597401
0.0164614
-0.0320053
0.0117151
-0.0048081
-0.015254
0.0301919
-0.0102849
0.0104041
0.0127671
-0.0323524
0.00977726
-0.0108496
-0.0188862
0.0316789
-0.00891176
-0.0125183
0.021622
-0.029917
-0.00476177
0.0153992
-0.0247203
0.0233886
0.00390694
-0.0164768
0.0178655
-0.0275284
-0.0067825
0.0170313
-0.0197203
0.0251244
-0.000113794
-0.0158654
0.0183163
-0.0300414
0.00168905
0.0117049
-0.0195183
0.0325752
0.00176182
-0.00545607
0.0193578
-0.0301036
0.00442482
0.00933702
-0.0191711
0.0292903
-0.00297396
-0.00476177
0.0180106
-0.0301036
