-0.0502695
0.0291441
-0.00408984
0.0204805
-0.0232919
0.0260191
0.0107447
-0.0155199
0.0276203
-0.0234057
-0.006437
0.0198069
-0.0232919
0.0260191
0.00845975
-0.024152
0.0182317
-0.0247943
-0.00374269
0.0201333
-0.0284939
0.0161797
0.0141541
-0.0224577
0.0208224
-0.0200171
-0.00549919
0.0261541
-0.0189447
0.0270606
0.00807114
-0.0188256
0.0209675
-0.027815
-0.00702765
0.0127862
-0.0207842
0.0348793
0.00237683
-0.0234577
0.014926
-0.0324264
-0.0108256
0.0217862
-0.0241882
0.0189362
0.0101126
-0.0218049
0.0231488
-0.019302
-0.00982562
0.0175634
-0.0267842
0.0305114
0.00268252
-0.0165407
0.0217654
-0.0319809
0.00170812
0.0131541
-0.0241106
0.0289207
-0.000441872
-0.00917277
0.0234805
-0.0346545
0.00199308
0.0165219
-0.0211728
0.0346565
-0.000136182
-0.00715204
0.0225012
-0.0340638
0.00574959
0.0138069
-0.0208049
0.0303508
-0.00419838
-0.00580489
0.0218484
-0.035411
0.00346463
0.00648049
-0.024235
0.0330866
-0.00656626
-0.00317277
0.0245841
-0.0364732
0.0052004
0.00507114
-0.0254163
0.0291642
0.00170325
-0.0228049
0.023128
-0.0215455
-0.0159293
0.0287447
-0.018411
0.0191589
0.0171955
-0.0270484
0.0189415
-0.0127683
-0.0166236
0.0291126
-0.0181468
0.0212626
0.0118069
-0.024437
0.0171488
-0.0243228
-0.00956139
0.0275012
-0.0235146
0.0189362
0.00880691
-0.0241728
0.021211
-0.0246907
-0.00884635
0.0251333
-0.0176183
0.0284077
0.00872398
-0.0187842
0.0208846
-0.0247114
