2.61376
0.025617
0.0108607
-0.0279324
0.0149953
-0.0114295
-0.0154039
0.0240213
-0.0175177
0.00653919
0.0124929
-0.0239116
0.0166689
-0.0104295
-0.0144039
0.0266534
-0.0134763
0.00751846
0.0122286
-0.0302588
0.0178709
-0.00263154
-0.0184246
0.0262855
-0.0130876
0.00349773
0.0141457
-0.0245023
0.0116067
-0.0107352
-0.0157718
0.0270213
-0.0161498
0.00551846
0.0115343
-0.0269531
0.019301
-0.00769373
-0.0216681
0.018529
-0.00751772
0.0155599
0.0152494
-0.0305645
0.0138916
-0.00504089
-0.0147303
0.0263063
-0.0163933
0.00174122
0.0185343
-0.018321
0.0179176
-0.0236368
-0.00838317
0.02184
-0.018523
0.0254823
0.00743066
-0.0180153
0.0160213
-0.0291084
-0.00430024
0.0181664
-0.021523
0.023788
0.0090835
-0.014036
0.021042
-0.0261084
-0.00195309
0.0181872
-0.0192795
0.0282595
0.00302131
-0.0143624
0.0190628
-0.0288027
-0.00325878
0.0154929
-0.0186267
0.0318916
0.00806277
-0.0136889
0.0177571
-0.0295385
-0.000849428
0.0114721
-0.0199738
0.0279746
0.00161196
-0.00999455
0.025612
-0.0186368
-0.00468886
0.0293685
-0.014497
0.010477
0.0192286
-0.0268494
0.0128916
-0.00702016
-0.0164454
0.0299591
-0.0123726
0.00210911
0.0139022
-0.030238
0.0135859
-0.0067352
-0.0117718
0.0303685
-0.0121913
0.0135185
0.0182286
-0.0255645
0.015301
-0.00875593
-0.0127511
0.0263892
-0.0155799
0.0132335
0.0142079
-0.0249531
0.0177103
-0.0121238
-0.0124246
0.0270628
-0.0152535
0.0129278
