-0.150808
0.027215
-0.0022925
0.0195213
-0.0195567
0.0278372
0.00811197
-0.0147433
0.0273347
-0.0203234
-0.00498681
0.020827
-0.018821
0.0244486
0.00847986
-0.0203547
0.0189461
-0.022997
-0.00633396
0.0191949
-0.0254531
0.020977
0.0148892
-0.0203754
0.0212725
-0.0226084
-0.00806974
0.0251742
-0.0161474
0.0257957
0.0107648
-0.0140075
0.0219876
-0.0213856
-0.00161892
0.0182156
-0.0251888
0.0207957
0.0054384
-0.0209868
0.0136404
-0.0293649
-0.00868112
0.0181949
-0.0241681
0.0224071
0.0104799
-0.0190075
0.0215575
-0.0198933
-0.0175775
0.00147986
-0.0227848
0.0321482
-0.00515754
-0.00468112
0.0189307
-0.0324531
0.0107128
0.00147986
-0.0218055
0.0322103
-0.0062612
0.00203392
0.019625
-0.0347795
0.00803921
0.000785552
-0.0207848
0.0292518
-0.0116291
0.000686767
0.0199514
-0.0321474
0.0104486
-0.00225591
-0.0181527
0.0336197
-0.00834412
0.00607539
0.0189721
-0.0338417
0.0104693
-0.00229737
-0.0164376
0.0289876
-0.0127535
0.00711685
0.0179307
-0.0311681
0.0108372
-0.0056238
-0.0220697
0.0301067
-0.0083803
-0.0160697
0.0223969
-0.0280592
-0.00631323
0.0178477
-0.0212096
0.0251636
0.00578555
-0.0180697
0.0239876
-0.0216705
-0.00531323
0.0175421
-0.0206189
0.0279408
0.00202905
-0.0147019
0.0174591
-0.0318779
-0.000209574
0.0128685
-0.0226604
0.0283087
0.00196685
-0.00902827
0.020827
-0.0292665
0.00648474
0.0168685
-0.0196397
0.0250652
-0.00546323
-0.00768112
0.0211534
-0.0298986
