-0.150808
0.0257168
0.00156219
0.0118423
-0.0198886
0.026324
0.00235
-0.0112772
0.0194329
-0.0261061
-0.00245854
0.00951586
-0.0212565
0.0273447
0.00200285
-0.0115829
0.0157801
-0.0278419
0.00188862
0.0115366
-0.0251736
0.0221996
0.00839147
-0.0102565
0.0197386
-0.0247382
-0.00282642
0.011863
-0.018298
0.0323862
0.00235
-0.0106244
0.0188215
-0.0308004
-0.00511138
0.00584228
-0.0239301
0.0230598
-0.00895569
-0.0210337
0.0158215
-0.0328211
-0.00413212
0.0091687
-0.0238472
0.0202825
2.3579e-05
-0.0142772
0.0190443
-0.0250232
-0.00815285
0.0071687
-0.0176866
0.0341427
0.00122561
-0.00125651
0.0192724
-0.030702
0.00940163
0.00414797
-0.0180337
0.031552
-0.00485732
0.00172276
0.0236195
-0.0283549
0.010728
0.00582155
-0.0163809
0.0329199
-0.00489878
0.00376423
0.0219459
-0.0283756
0.0091374
-0.00121992
-0.0184016
0.0312878
-0.00761382
0.00315284
0.0159459
-0.0301321
0.0122203
-0.00262927
-0.0124016
0.0346764
-0.00700244
0.00719431
0.0175781
-0.0270907
0.0115467
-0.00393496
-0.0186866
0.0324898
-0.00601788
-0.0156244
0.0187179
-0.026676
-0.00625651
0.0188423
-0.0184378
0.022526
0.00645366
-0.0153187
0.0243293
-0.0192667
-0.00593008
0.0185366
-0.0188264
0.0245882
0.00473862
-0.013298
0.0200858
-0.0247589
-0.000500002
0.0158423
-0.0158886
0.0290183
0.00267642
-0.0083187
0.0231687
-0.0248626
0.00623577
0.0145366
-0.0176037
0.0281012
-0.00142723
-0.00493008
0.0228008
-0.024474
