-0.150808
0.0252225
-0.00350323
0.0175334
-0.0167675
0.0256057
0.00647116
-0.0149126
0.019409
-0.0220264
-0.000135346
0.0162277
-0.0181561
0.0269943
0.00377685
-0.0162183
0.0167147
-0.0233321
-0.00413535
0.0115748
-0.0270939
0.0198285
0.0091862
-0.0175654
0.0180203
-0.0209642
-0.00317681
0.0165748
-0.0178504
0.0296679
0.00545043
-0.0132597
0.0214297
-0.0236585
-0.00546177
0.0108805
-0.020524
0.0270151
-0.000508107
-0.0226069
0.0131033
-0.0303736
-0.00517681
0.0158805
-0.0213996
0.0198907
0.00645043
-0.0145447
0.020326
-0.0202077
-0.0108504
0.00990124
-0.0192805
0.0295073
-0.00436827
-0.00858616
0.0175956
-0.0302752
0.00835693
0.00955409
-0.0186069
0.0298338
-0.00108331
-0.00287112
0.0185956
-0.0309073
0.00403051
0.00553336
-0.0189748
0.029896
-0.00447193
0.000760995
0.0223313
-0.0286845
0.0111549
0.000533357
-0.021037
0.0299789
-0.00757559
0.00319108
0.0156577
-0.0323996
0.00954352
-0.00124388
-0.0146484
0.0293468
-0.00831136
0.00788539
0.0173313
-0.0300939
0.0109529
-0.00593819
-0.0186069
0.0288545
-0.00832681
-0.0162597
0.0197354
-0.0246171
-0.00556543
0.0192484
-0.0207467
0.0225435
0.00685978
-0.0205654
0.0166525
-0.0222284
-0.00758616
0.018922
-0.0191353
0.0253
0.00412401
-0.0165654
0.0151033
-0.0280471
-0.0034825
0.0145541
-0.0198089
0.0246472
0.00571466
-0.00756543
0.0214919
-0.0250886
0.00188539
0.014922
-0.020524
0.0263622
0.00304108
-0.00923901
0.0204919
-0.026415
