3.06619
0.0258163
0.00071108
-0.0186312
0.0130375
-0.0320714
-0.00828405
0.0158355
-0.0241182
0.0187627
0.00877328
-0.0163048
0.0193017
-0.0233149
-0.00926331
0.0154469
-0.0184653
0.0218456
0.00573181
-0.0156312
0.0212603
-0.0225377
-0.0124084
0.0231826
-0.0181182
0.0237834
0.00883547
-0.0219784
0.0162603
-0.0213357
-0.00591616
0.0151619
-0.0228125
0.0191721
0.00373181
-0.0163255
0.0206489
-0.02103
-0.00291616
0.0204469
-0.0141182
0.027457
0.0118355
-0.0183255
0.0228924
-0.0159056
-0.00665193
0.020509
-0.0224032
0.0187005
0.016079
-0.00630478
0.0182034
-0.0339316
0.00251392
0.0122034
-0.019367
0.0307887
-0.0037812
-0.00665193
0.0201826
-0.0279731
0.00598547
0.00481474
-0.021367
0.0287887
-0.00382266
-0.00297835
0.0205712
-0.0319938
0.00529116
0.00714116
-0.0186934
0.0268716
-0.0108849
-0.00495762
0.0168977
-0.0330353
0.00502693
0.00144685
-0.0194084
0.029566
-0.00762063
0.00308384
0.0189391
-0.0324239
0.00515132
-0.00369827
-0.0133462
0.0276074
-0.0110092
0.00508384
0.0228977
-0.0306259
0.00753465
0.0168355
-0.0221389
0.0227627
0.0108147
-0.0183048
0.0179546
-0.0236414
-0.00699909
0.0224883
-0.019056
0.0203741
0.0121826
-0.0189991
0.017996
-0.0233979
-0.00158974
0.0178769
-0.0225275
0.0238456
0.00740539
-0.0146312
0.0180168
-0.0253979
-0.00522185
0.012509
-0.0222426
0.0242757
0.00101677
-0.012367
0.0221204
-0.0268279
-0.000812501
0.0101619
-0.0229162
0.0239493
