3.56889
0.0277398
-0.0030779
-0.00627506
0.0195595
-0.032534
-8.84697e-05
0.00788592
-0.0219901
0.0304298
0.00159568
-0.00325432
0.0192538
-0.033249
0.00325868
0.0102123
-0.0216015
0.0264091
-0.000730743
-0.00364294
0.027518
-0.0270625
-0.00253928
0.0149274
-0.0212751
0.0296941
0.00237292
-0.0103165
0.0208652
-0.0298397
-8.84697e-05
0.00788592
-0.0213373
0.0291656
-0.00379294
-0.00227506
0.0209481
-0.0319641
0.0121965
0.0212953
-0.0163165
0.0367355
0.00537292
-0.00894863
0.0214766
-0.0257982
0.000890799
0.0108859
-0.0222543
0.028979
0.00931072
0.000724944
0.0190518
-0.0387413
0.00705665
0.00121235
-0.0217881
0.0303729
-0.0146324
0.00209283
0.018031
-0.0364356
0.00683389
-0.00554416
-0.0201145
0.0320258
-0.0116324
0.00443998
0.0200103
-0.0317828
0.0108754
-0.00521773
-0.0191145
0.030088
-0.0157153
0.00517576
0.0136839
-0.0364978
0.00761113
-0.0116271
-0.0181145
0.028803
-0.0187775
0.00621722
0.0116632
-0.0332336
0.0104298
-0.0164458
-0.012358
0.025803
-0.0194925
0.0111965
0.0180103
-0.0341092
0.0157095
0.00892739
-0.0256429
0.0290205
0.00106722
-0.0139901
0.0181916
-0.0334718
-0.00349782
0.0105802
-0.0259072
0.026264
0.00576153
-0.0132958
0.0161916
-0.0331868
0.000522912
0.011601
-0.0229901
0.0291034
-0.00268928
-0.00964294
0.0185802
-0.0345547
-0.00204701
0.00286519
-0.023358
0.0301449
-0.00536286
-0.0109901
0.0172745
-0.0336584
0.00536234
0.00188592
-0.0243994
0.0311863
