1.60635
0.0270402
0.0207899
-0.0246662
-0.00281662
0.0152614
-0.0224487
0.0222923
0.00378989
-0.0168581
0.0153805
-0.0239719
-0.00351093
0.016935
-0.0240601
0.0221472
0.0119143
-0.0162882
0.0221163
-0.0239719
-0.00155239
0.0226086
-0.0219979
0.0194529
0.0119143
-0.0172674
0.0236862
-0.0195004
-0.00892028
0.0176293
-0.0227959
0.0249244
0.00489355
-0.0212882
0.016137
-0.0293605
-0.000573122
0.0226708
-0.0341999
0.00293989
0.01422
-0.0158581
0.016707
-0.0229512
-0.00287881
0.0219143
-0.0183658
0.0241679
0.0093029
-0.0239617
0.0121785
-0.0305056
0.00459273
0.0136293
-0.0209203
0.032396
0.00640127
-0.00526743
0.0223029
-0.0325056
0.000634196
0.00726144
-0.0216353
0.0305204
-0.00172312
-0.00257312
0.0226293
-0.0308528
0.00298135
0.00891428
-0.019941
0.0304996
-0.00135523
-0.00589954
0.0202614
-0.0275678
0.00673786
0.00489355
-0.0193296
0.0316033
-0.00578531
-0.00122597
0.0209972
-0.0316093
0.00673786
0.00521997
-0.0176768
0.0319919
-0.00817393
0.000468342
0.0183651
-0.0346715
0.0139814
0.0166501
-0.0277544
0.0224529
0.0123029
-0.0235731
0.0192562
-0.0177646
-0.010656
0.0271992
-0.0155471
0.0186964
0.0153444
-0.0268581
0.0138675
-0.0174382
-0.0103089
0.0226086
-0.0229772
0.0171057
0.00928217
-0.0226146
0.0190334
-0.022889
-0.00594101
0.0232822
-0.0177544
0.0272301
0.01022
-0.0172467
0.0200541
-0.0219304
-0.00289954
0.0232614
-0.0157544
0.0269452
0.0055464
-0.0189617
