-0.150808
0.0266659
-0.0229548
0.0274237
-0.00169545
-0.00893407
0.0185326
-0.030193
0.00127325
0.00787975
-0.0209755
0.027833
-0.00706334
-0.0102812
0.0191854
-0.0301515
-0.00109464
0.00855333
-0.0222812
0.0267708
-0.00598041
-0.0159755
0.018144
-0.0287837
-0.000483258
0.0132476
-0.0235455
0.0246464
0.00336675
-0.00928123
0.0179005
-0.0328873
-0.000358867
0.00516471
-0.0206076
0.0254859
-0.00447269
-0.00321903
0.0296517
-0.0132085
-0.00946253
0.00779683
-0.0146076
0.033118
-0.000980409
-0.0122812
0.0184911
-0.0317422
-0.00552472
0.0122476
-0.0170377
0.0342424
-0.00381984
0.000739506
0.0226363
-0.0306438
0.0044391
-0.0044674
-0.0247942
0.0329574
-0.00884057
-0.00160765
0.0200041
-0.0317475
0.0111541
-0.000182441
-0.0184056
0.0323253
-0.00761781
0.00582243
0.018657
-0.0307682
0.0105635
-0.00393895
-0.0150377
0.0297139
-0.0120272
0.00719032
0.0160041
-0.0318304
0.0100143
-0.013654
-0.0174263
0.0304289
-0.0134158
0.00988463
0.0163306
-0.0269133
0.0174651
-0.015369
-0.0173642
0.0257346
-0.0177007
0.00578097
0.0278798
-0.0251308
0.0038639
0.0152684
-0.023219
0.0269521
0.00281756
-0.0193227
0.0171232
-0.0313743
-0.00591334
0.0169212
-0.0208719
0.0276257
0.0047761
-0.0126698
0.0234911
-0.0260894
-0.000809681
0.0122476
-0.020302
0.0333822
0.00634601
-0.00493407
0.0205741
-0.0318666
0.00157894
0.00990049
-0.0242398
0.0220765
-0.00373691
-0.00562838
0.0209419
-0.0319288
0.00431471
0.00524764
