0.754056
0.0271171
0.0130733
-0.000408372
-0.0128336
0.0331823
-0.00676081
0.00733227
0.0218404
-0.0301754
0.00768471
-0.00204049
-0.0171807
0.0308351
-0.0090665
0.0026587
0.0191461
-0.0308283
0.00699041
-0.00101975
-0.0188336
0.0333843
-0.00192138
-0.00172992
0.0201461
-0.0317868
0.0062339
0.00404244
-0.0188543
0.0308144
-0.0070665
0.00400585
0.0178404
-0.0309112
0.0100941
-0.00736691
-0.0222015
0.0268559
-0.0199628
-0.00985431
0.0208819
-0.0355019
0.00462252
-0.000672599
-0.0198336
0.0281408
-0.0106986
0.000596502
0.0218404
-0.0311547
-0.000864472
-0.0158385
-0.0152429
0.0300217
-0.0156624
0.0154567
0.0171876
-0.0244242
0.0200579
-0.0172271
-0.0125486
0.0277368
-0.0177661
0.0195396
0.0151461
-0.0243828
0.0189957
-0.0128799
-0.0092222
0.0297782
-0.0184604
0.0199075
0.0124725
-0.023445
0.0175087
-0.0246986
-0.00948643
0.0234311
-0.0201962
0.0222961
0.0120839
-0.0190978
0.0195294
-0.0217608
-0.00309781
0.0234518
-0.0176263
0.0248298
0.000959514
-0.0158128
0.0236124
-0.0244551
-0.00211854
0.0293896
-0.0245588
0.00298512
0.0181876
-0.0341962
0.00796967
0.000674555
-0.0172222
0.0341823
-0.00837219
0.00294366
0.0228404
-0.031134
0.00562252
0.000327401
-0.0175279
0.0315087
-0.0090665
0.0026587
0.0165347
-0.0332791
0.0117469
-0.00501975
-0.0205486
0.0278973
-0.0118645
0.00906805
0.016514
-0.0299734
0.0157884
-0.00436691
-0.0178958
0.0283067
-0.0159267
0.011068
0.018514
-0.0269941
