2.46295
0.0284796
0.0173229
-0.0332059
0.0125559
-0.00564088
-0.0161075
0.0297063
-0.0147498
0.00842619
0.0203437
-0.0309002
0.0155973
-0.00859941
-0.0204962
0.0326648
-0.011014
0.00509977
0.0173229
-0.0322267
0.0201258
0.00352498
-0.0214754
0.0316234
-0.00899332
0.00640546
0.0206701
-0.032838
0.00988229
-0.0079673
-0.0178019
0.0313591
-0.0127291
0.00614123
0.0136701
-0.0355945
0.0152294
-0.00559941
-0.0272888
0.0170896
-0.0023612
0.012162
0.0183229
-0.0322059
0.0145351
-0.00294657
-0.016434
0.0313177
-0.0139519
0.0023018
0.0230795
-0.0290246
0.0194782
-0.0180917
-0.0154754
0.0275042
-0.0170193
0.0219807
0.0139758
-0.0290039
0.0161725
-0.020501
-0.012434
0.0238929
-0.0221023
0.0230221
0.0132608
-0.024351
0.0182555
-0.0242161
-0.0111075
0.02524
-0.018838
0.0268201
0.00654571
-0.0234132
0.0203591
-0.0279726
-0.010351
0.0188721
-0.021838
0.0251258
0.00852498
-0.0210454
0.0193591
-0.0257084
-0.00396242
0.0166079
-0.0239832
0.031903
0.00844205
-0.0146775
0.0266026
-0.019501
-0.0120868
0.0323591
-0.0127084
0.00707904
0.0206701
-0.0331645
0.0124729
-0.00253722
-0.0214754
0.0319498
-0.0112575
0.000669689
0.0216701
-0.0315116
0.0125351
-0.00592583
-0.0198019
0.0287063
-0.0147706
0.0091205
0.0199758
-0.0301852
0.0135559
-0.00562014
-0.0164754
0.0291156
-0.0188327
0.0107941
0.0193437
-0.0302681
0.0160067
-0.0107031
-0.0138019
0.0317685
-0.0141799
0.0141827
