-0.150808
0.0256195
-0.0129093
0.0282517
-0.0150231
0.0114224
0.0133968
-0.0257434
0.0158993
-0.0129349
-0.0135414
0.0235988
-0.019391
0.0104224
0.0127232
-0.0283548
0.0121427
-0.00891416
-0.0125207
0.024231
-0.0189816
0.00701307
0.0160704
-0.0266812
0.014122
-0.00719912
-0.0132357
0.028231
-0.0130231
0.0127696
0.0137232
-0.0260491
0.0125728
-0.0149764
-0.0138264
0.017946
-0.0237796
0.0101167
0.0139667
-0.0225983
0.00816348
-0.0139349
-0.0135621
0.0255988
-0.0186967
0.00972811
0.0130911
-0.0293963
0.0151427
-0.00983123
-0.0169508
0.0213968
-0.0229662
0.0212826
0.00668177
-0.0221942
0.0171895
-0.0239402
0.00029803
0.0157025
-0.0240077
0.0226505
0.00827242
-0.0141735
0.0218838
-0.0238987
-0.00141701
0.0190289
-0.0180491
0.028407
0.00690454
-0.0141321
0.0169045
-0.0273081
0.00029803
0.0157025
-0.0191113
0.0298163
0.00384234
-0.0104792
0.0189667
-0.0286967
0.00266592
0.0143761
-0.0201321
0.0285314
0.00175942
-0.00480563
0.0223346
-0.0286967
0.00168665
0.013661
-0.020702
0.0279976
0.00868177
-0.025417
0.0165728
-0.014567
-0.0169093
0.0249045
-0.0180024
0.00936023
0.0164175
-0.0273548
0.016407
-0.00444262
-0.0172772
0.0295367
-0.0106552
0.0130753
0.0160704
-0.0243963
0.0158993
-0.0139142
-0.0149093
0.0262517
-0.015391
0.0150753
0.0170911
-0.0231113
0.0179822
-0.0156707
-0.0095414
0.0262932
-0.0158003
0.0165261
0.0106818
-0.0230906
0.0179407
-0.014282
