2.1613
0.0261875
0.0208144
-0.0281185
0.0080059
-0.000636378
-0.0204917
0.0291563
-0.0106417
-0.00304085
0.0191616
-0.0288335
0.0113531
0.00169005
-0.020103
0.0261148
-0.00833597
0.00163272
0.0225087
-0.0281392
0.0122909
0.00477297
-0.0244502
0.0267055
-0.0036002
-0.00102012
0.0201409
-0.0294242
0.00498516
-0.000983532
-0.0191652
0.0305035
-0.00868313
0.00100061
0.0188352
-0.0275486
0.0157209
0.00301647
-0.02659
0.0128868
0.000337605
0.00506281
0.0191201
-0.0280978
0.00861728
0.00438435
-0.0184709
0.0324205
-0.00651727
-0.00679736
0.0205709
-0.0269994
0.0159697
-0.0134758
-0.0142067
0.0287315
-0.0170148
0.0152079
0.0121823
-0.0290201
0.0153169
-0.0144965
-0.014186
0.0260787
-0.0187299
0.0165758
0.0108352
-0.0270616
0.0183791
-0.0152116
-0.0121445
0.0250579
-0.0174035
0.0192287
0.0151616
-0.0240201
0.0144413
-0.0212945
-0.0107974
0.0230994
-0.0207921
0.0192701
0.0134465
-0.021673
0.0157677
-0.0186417
-0.0100616
0.0177522
-0.0189165
0.0280474
0.0114465
-0.0200823
0.0254205
-0.0141701
-0.017103
0.0271563
-0.0100303
0.00165346
0.021488
-0.030077
0.00722866
0.00577297
-0.0221445
0.0326848
-0.000822964
-0.00706159
0.0191201
-0.029077
0.00463801
-0.0009628
-0.0214917
0.0291356
-0.0063567
0.00400061
0.0198766
-0.0325071
0.00835305
-4.26403e-06
-0.0171445
0.0278921
-0.0121132
0.00504207
0.0188352
-0.0288543
0.00943598
-0.00504573
-0.0165124
0.0318921
-0.0100717
0.00434776
