-1.50923
0.0270395
-0.021959
0.0271707
0.00636257
-0.0160212
0.0159947
-0.0297878
-0.00567402
0.0168341
-0.0229382
0.0238443
0.00399469
-0.0127362
0.0236683
-0.0253992
-0.00569475
0.0181813
-0.0226118
0.0251707
0.00207761
-0.0237155
0.0165439
-0.0243163
-0.0100834
0.0208134
-0.0188968
0.0261292
0.00740404
-0.0177155
0.0166683
-0.029135
-0.00497971
0.0148341
-0.0236326
0.0242122
0.00230038
-0.0120626
0.0354195
-0.00245613
-0.0110004
0.0137719
-0.0196118
0.0265386
0.00236257
-0.0174098
0.0206475
-0.0263992
-0.00571548
0.0208341
-0.0140419
0.0310931
-0.00582401
-0.00838906
0.0191605
-0.0323423
0.00124834
0.0014455
-0.0228191
0.0324402
-0.00451832
-0.00308337
0.0225906
-0.0324667
0.008352
7.76146e-05
-0.0204927
0.0338081
-0.00260125
0.00136745
0.0165699
-0.0358139
0.00537273
-0.00329027
-0.0201663
0.0305646
-0.00970491
0.00338818
0.0168963
-0.0325289
0.00880282
-0.00896385
-0.0215756
0.032974
-0.0117671
0.00706176
0.0185906
-0.0283061
0.0159687
-0.0130675
-0.0175342
0.0319947
-0.0177049
-0.00297971
0.0223833
-0.028135
-0.00397971
0.0161605
-0.0232647
0.0248028
0.00507761
-0.0184305
0.021974
-0.0257049
-0.00836833
0.0184662
-0.0195704
0.0235179
0.00234184
-0.0167155
0.0176683
-0.02585
-0.0012232
0.0095077
-0.0253891
0.0282744
0.00193249
-0.00938906
0.0194662
-0.0326065
-0.000202471
0.00916054
-0.0247155
0.0272951
-0.000414662
-0.0107155
0.0184455
-0.0299744
0.00188046
0.0054455
