-0.150808
0.0268052
-0.00640788
0.0245096
-0.0201384
0.0227011
0.0114889
-0.0210193
0.0201779
-0.0192315
-0.0114079
0.0204889
-0.0224648
0.0216596
0.0125303
-0.0256514
0.01381
-0.0192937
-0.00573431
0.0238568
-0.0276876
0.0125145
0.0155718
-0.02404
0.0214629
-0.01519
-0.010755
0.0254267
-0.014729
0.0203746
0.00979456
-0.021325
0.0171779
-0.0192937
-0.00704
0.0205096
-0.0218534
0.0227633
0.00940594
-0.0192628
0.0108929
-0.0286615
-0.0110815
0.0221417
-0.022729
0.0175974
0.0138775
-0.0236928
0.0211157
-0.0154957
-0.0147343
0.0164889
-0.0199363
0.0268876
0.00271163
-0.01804
0.0150588
-0.0308689
-0.000915607
0.0145096
-0.0209985
0.0296027
0.00299659
-0.0117343
0.0214474
-0.0288896
0.00112586
0.012836
-0.0203664
0.0313177
0.00097586
-0.0110815
0.0211624
-0.0316046
0.00214659
0.0115096
-0.0210607
0.032012
0.00224009
-0.00667211
0.0165303
-0.0353611
0.00225025
0.00477383
-0.0213872
0.0287271
-0.00249569
-0.00401927
0.0215096
-0.029014
0.00561813
0.00640594
-0.0219363
0.0265198
0.00440594
-0.0193664
0.0228515
-0.0182107
-0.0104493
0.0267946
-0.0196668
0.0145974
0.0115303
-0.0273042
0.0176649
-0.0104335
-0.0121437
0.028121
-0.0157083
0.0193332
0.0105096
-0.0236928
0.0185043
-0.0202315
-0.0130607
0.0201003
-0.0197498
0.019986
0.0118568
-0.0217343
0.0183023
-0.0263766
-0.00669284
0.019836
-0.021527
0.0221311
0.00573236
-0.01704
0.0206287
-0.0240294
