-1.25688
0.027702
-0.0233195
0.0307118
0.000717122
-0.012993
0.0191887
-0.0314955
0.0014785
0.0159452
-0.0212987
0.0290797
-0.00232434
-0.0113402
0.0215358
-0.0331069
-0.00454223
0.012598
-0.0246044
0.0253647
-0.00393572
-0.018993
0.0190643
-0.0256975
-0.0025837
0.018598
-0.0199101
0.0299761
0.00508501
-0.0123195
0.0191887
-0.0321483
-0.00182719
0.0112509
-0.0239516
0.026059
0.000592731
-0.003278
0.0362663
-0.00516377
-0.00615361
0.00918867
-0.0212573
0.0286704
0.00271712
-0.010993
0.0211887
-0.0317804
-0.00123654
0.0169659
-0.0183817
0.0315927
-0.00916377
-0.004278
0.0179659
-0.0346821
0.00276875
-0.00452637
-0.0227495
0.0305927
-0.00853166
-0.000278004
0.0206602
-0.030765
0.0124838
-0.00148491
-0.0224439
0.032287
-0.00757312
0.00308988
0.0193545
-0.0350914
0.0061781
-0.00689426
-0.0207703
0.0306757
-0.0109825
0.00676346
0.0190903
-0.0381743
0.00889314
-0.00726215
-0.016791
0.0337379
-0.0107182
0.00951996
0.0173338
-0.0295422
0.0133854
-0.0143451
-0.018076
0.0287171
-0.018941
-0.00360443
0.0231887
-0.0291276
0.00113135
0.0172716
-0.0238687
0.026546
0.00651509
-0.0196666
0.0187379
-0.0276768
-0.005278
0.0182716
-0.0228687
0.0246082
0.00308501
-0.0126874
0.0231679
-0.0277804
-0.000827191
0.0129037
-0.0209516
0.0297118
0.00069639
-0.0106666
0.0195773
-0.0325784
0.00292931
0.00823013
-0.0249516
0.0260383
-0.000345073
-0.00929874
0.0201887
-0.0285369
0.00195005
0.00523013
