2.91538
0.0602684
0.021297
-0.0551547
0.0464884
-0.0350453
-0.0144603
0.0443384
-0.0603099
0.0384933
0.0128254
-0.048849
0.0505921
-0.0381075
-0.0117868
0.0489498
-0.0568384
0.0366539
0.0222763
-0.0521547
0.0439393
-0.0425168
-0.00976603
0.0463384
-0.0602685
0.0397161
0.0225405
-0.0474396
0.0468771
-0.0361282
-0.00941888
0.0453384
-0.0625742
0.0363482
0.0196027
-0.0518697
0.0463279
-0.044864
-0.010766
0.0463177
-0.0618591
0.0307161
0.0132141
-0.0531961
0.0515092
-0.0326981
-0.0128075
0.047012
-0.0612477
0.0425917
0.0293799
-0.0496055
0.0550015
-0.0398018
-0.00752254
0.0517893
-0.0630042
0.0417575
0.0198876
-0.045564
0.0514108
-0.0436205
-0.000439612
0.0501364
-0.0620872
0.0468405
0.0172141
-0.0472376
0.0553071
-0.0374546
-0.00782823
0.0520535
-0.0576364
0.0424519
0.0195197
-0.0428904
0.0556958
-0.0404961
-0.00813392
0.0497063
-0.0596156
0.0410632
0.0209084
-0.0478697
0.0529393
-0.0354754
-0.00382823
0.0527893
-0.0616778
0.0408197
0.0158254
-0.045849
0.0506543
-0.0392111
-0.00213392
0.0521157
-0.0626571
0.0374933
0.0124783
-0.0468697
0.0493693
-0.0419469
-0.00237742
0.0457271
-0.0600664
0.0468405
0.0185197
-0.045849
0.0526128
-0.0345168
-0.0027453
0.0477478
-0.0607193
0.040597
0.00874251
-0.044849
0.05296
-0.0368225
-0.00513392
0.0514006
-0.0550664
0.0469441
0.0127632
-0.0399112
0.0525352
-0.0490713
0.00164332
0.0474006
-0.0584136
0.0475555
