0.251348
0.0648391
0.0124889
0.0324483
-0.0648221
0.0523649
-0.00899238
-0.0223351
0.052956
-0.0673399
0.0199812
0.0286918
-0.0591692
0.0580592
-0.0102359
-0.0303765
0.055158
-0.062459
0.0114889
0.032754
-0.0572521
0.0598987
-0.0167489
-0.0229672
0.0525467
-0.0652363
0.0165511
0.0324068
-0.0621278
0.0530178
-0.0102566
-0.0293558
0.054158
-0.0611741
0.0119397
0.025671
-0.0575578
0.0601629
-0.0117074
-0.0242521
0.0504637
-0.0585834
0.0238983
0.0361219
-0.0601899
0.0567743
-0.0113395
-0.0226822
0.0533032
-0.0738891
0.0173231
0.0465934
-0.0713505
0.0522767
0.00817876
-0.048133
0.0559507
-0.0538631
0.0072194
0.0472462
-0.0660863
0.0554633
0.00133933
-0.038133
0.0600751
-0.057946
0.00860802
0.0452048
-0.0689826
0.0509503
0.00846372
-0.0444387
0.055645
-0.0545782
0.00795518
0.0432048
-0.067392
0.0540747
0.0033808
-0.0411123
0.0580129
-0.0559046
0.00856656
0.0478991
-0.0663712
0.0530747
0.00270722
-0.0411123
0.055728
-0.0576818
0.0110381
0.0404897
-0.0666977
0.0543597
0.0083808
-0.0370916
0.0593601
-0.0516611
0.0140588
0.0427954
-0.0613712
0.0535048
0.00088852
-0.0300708
0.0594637
-0.0626403
0.00530233
0.0411633
-0.0650656
0.0518519
-0.00374359
-0.0364387
0.0558109
-0.0571948
0.0238153
0.0408576
-0.0680656
0.0530954
0.00527714
-0.0320501
0.0561166
-0.0568062
0.0171832
0.0341219
-0.0615371
0.0616706
-0.00417368
-0.0303765
0.0561373
-0.0610912
