4.27273
0.0590479
-0.050322
0.0212426
0.0268703
-0.0608871
0.0440564
-0.020674
-0.0186436
0.0490308
-0.055835
0.0303048
0.0298703
-0.0598456
0.0459528
-0.017161
-0.0270944
0.0559479
-0.0463842
0.0289577
0.031176
-0.0532342
0.0484865
-0.0250212
-0.0193586
0.0540101
-0.05112
0.0276934
0.0241552
-0.0585606
0.0464036
-0.021959
-0.0236643
0.0486422
-0.0495293
0.0344085
0.0274609
-0.0541927
0.043813
-0.0273891
-0.0193379
0.0497252
-0.0584879
0.0249991
0.0257873
-0.0532342
0.0497922
-0.0252647
-0.0241151
0.0573573
-0.0549956
0.0218125
0.0303418
-0.0689285
0.0465849
-0.0157724
-0.0281566
0.0576837
-0.0539956
0.0221597
0.0316268
-0.0629285
0.0470357
-0.0208968
-0.0254001
0.0529894
-0.0550163
0.0231597
0.0332796
-0.0644984
0.0445227
-0.0130781
-0.0307679
0.0509894
-0.0557106
0.0218955
0.0272382
-0.0635606
0.0466264
-0.0187931
-0.0298094
0.0582743
-0.0505655
0.0177918
0.0325853
-0.0615192
0.0452792
-0.0168346
-0.0270736
0.0506837
-0.0554464
0.0279162
0.0328703
-0.0584777
0.0442792
-0.0158761
-0.0240322
0.0493573
-0.05712
0.0256105
0.0275439
-0.0595814
0.0457715
-0.0262854
-0.0247472
0.0549894
-0.052037
0.0255483
0.0315853
-0.0608871
0.04373
-0.0213476
-0.0186436
0.0457666
-0.0635501
0.0269784
0.024891
-0.0629285
0.0437715
-0.0269797
-0.0243793
0.0500308
-0.0541822
0.0293877
0.0241345
-0.0578663
0.0440772
-0.0236533
-0.0210322
0.0510516
