2.61376
0.0616976
0.0399525
-0.0681313
0.0396411
-0.00834307
-0.0358723
0.0545171
-0.0496492
0.0220553
0.0365638
-0.0644992
0.0433768
-0.0106902
-0.0358931
0.0623927
-0.041074
0.014563
0.0426053
-0.0628256
0.041439
-0.0141203
-0.0308723
0.0604964
-0.0455662
0.0209931
0.040911
-0.0618256
0.0437447
-0.0114053
-0.0338516
0.0568021
-0.0472191
0.0179931
0.0369317
-0.0648878
0.0425012
-0.0174882
-0.0311988
0.0591699
-0.0462606
0.019076
0.033196
-0.0618878
0.0471334
-0.0130788
-0.0325667
0.0605171
-0.046587
0.0249309
0.0427504
-0.0676858
0.0505427
-0.016426
-0.033261
0.0592529
-0.0506699
0.0240346
0.0366468
-0.0653179
0.048237
-0.0165297
-0.0255459
0.0570301
-0.0564886
0.0281382
0.0326053
-0.064665
0.0518691
-0.0157317
-0.0342817
0.0586208
-0.0533642
0.0233817
0.035626
-0.0643179
0.0498899
-0.0167939
-0.0315667
0.0585793
-0.0516492
0.0216874
0.0369525
-0.0632971
0.0495427
-0.0135089
-0.0255252
0.0556829
-0.0574679
0.0267703
0.0352582
-0.0636028
0.0465427
-0.0174882
-0.0289138
0.0586622
-0.0576906
0.0177289
0.0322167
-0.0622764
0.0469106
-0.017224
-0.0248516
0.0556829
-0.0561622
0.0304439
0.0379317
-0.0612764
0.0492163
-0.0125504
-0.0237894
0.0532943
-0.0515301
0.0322419
0.0308488
-0.05995
0.0508899
-0.0144882
-0.0272195
0.0576622
-0.0515093
0.0302419
0.0295016
-0.0579915
0.0484029
-0.0260012
-0.0241573
0.0559679
-0.0514886
0.0308533
