-0.351887
0.0635244
-0.0273255
0.0546599
-0.0609832
0.0287473
0.0321314
-0.0574861
0.0507477
-0.0304958
-0.0209369
0.0569656
-0.0569625
0.0304209
0.0314993
-0.0654031
0.0448668
-0.0239828
-0.0283462
0.0566392
-0.0524133
0.0398924
0.0297843
-0.060771
0.0473176
-0.0287393
-0.0259783
0.0553127
-0.0586568
0.0297887
0.0294579
-0.0630767
0.0455818
-0.0253714
-0.0285897
0.0469863
-0.0594962
0.0389339
0.0264164
-0.0597917
0.0496648
-0.0238222
-0.0178747
0.0526599
-0.0593926
0.0331774
0.0274579
-0.0618125
0.0457477
-0.0384336
-0.0313462
0.0617997
-0.0499987
0.0214778
0.0429709
-0.0700145
0.0456387
-0.0114283
-0.0360405
0.0597997
-0.0490608
0.0235814
0.036603
-0.0684446
0.0504367
-0.0164905
-0.0350405
0.0607997
-0.0523043
0.017457
0.0422766
-0.0676881
0.0466802
-0.0131226
-0.0337348
0.0602298
-0.0567552
0.0211928
0.0402558
-0.0683409
0.0469652
-0.0104076
-0.0363877
0.0607997
-0.0516515
0.0178249
0.0389501
-0.0687503
0.0487424
-0.0145112
-0.031367
0.0628205
-0.0480608
0.0245814
0.0398879
-0.0646881
0.0480481
-0.0102263
-0.0266104
0.0571883
-0.0528174
0.0262965
0.0368879
-0.0650767
0.0471725
-0.0232263
-0.0340613
0.0602091
-0.0544287
0.01897
0.0311729
-0.064771
0.0465818
-0.0243714
-0.0256312
0.0598619
-0.0524495
0.025255
0.0395615
-0.0627503
0.0469083
-0.023045
-0.0233048
0.0566599
-0.0580039
0.0330944
0.0341522
-0.0604239
0.0469705
-0.0277393
