3.82024
0.0588187
-0.0271687
-0.0125215
0.0395
-0.0653918
0.0280021
0.00661915
-0.0467081
0.0554895
-0.0323552
-0.00278574
0.0405415
-0.0670861
0.0329191
0.0150492
-0.0486874
0.0576915
-0.0242101
-0.00650078
0.0415415
-0.0657597
0.0300228
0.00857768
-0.0439723
0.0554065
-0.0272931
-0.00345932
0.0418472
-0.0650447
0.0296134
0.0123135
-0.0453402
0.0567537
-0.0253345
0.000582143
0.0405415
-0.0661069
0.0293907
0.00523053
-0.0459723
0.0498159
-0.0370288
-0.00548005
0.0421736
-0.0630654
0.0323078
0.00839638
-0.051791
0.0611009
-0.0295158
-0.0089516
0.0472773
-0.0703504
0.0294476
0.0198265
-0.0517496
0.0574273
-0.0292516
-0.00423656
0.0466244
-0.0661483
0.0350228
0.0106399
-0.0440553
0.0594895
-0.0312931
-0.0028894
0.048583
-0.0650447
0.0325513
0.0157643
-0.0481175
0.0601838
-0.0323138
-0.00319509
0.0462358
-0.0650654
0.0332456
0.0157228
-0.0477081
0.0593858
-0.0265158
-0.00823656
0.0452358
-0.0654126
0.0342456
0.0170492
-0.0453817
0.0581423
-0.0293345
0.000172793
0.0465622
-0.0647183
0.0328984
0.0163964
-0.0486874
0.0505102
-0.0377231
-0.00152152
0.0459301
-0.0651276
0.0327171
0.0059663
-0.0460967
0.0624687
-0.028578
-0.00521582
0.0449301
-0.0644955
0.0370435
0.0119456
-0.039076
0.0583289
-0.0401532
0.00221426
0.0448887
-0.0640861
0.03037
0.0079041
-0.039076
0.0586553
-0.0349097
0.0106651
0.0392773
-0.0675784
0.0361679
0.00449475
-0.0376874
0.0572667
