-0.502698
0.0630238
-0.0304235
0.0580696
-0.0518947
0.0232191
0.0350334
-0.0598276
0.0464838
-0.0251431
-0.0254235
0.061111
-0.0525683
0.0232191
0.0334013
-0.0664597
0.0456236
-0.0153036
-0.0317707
0.0567639
-0.0493662
0.0323643
0.0313391
-0.0601748
0.048463
-0.0214695
-0.0240557
0.0587846
-0.0542626
0.0222606
0.0310126
-0.0628069
0.0467065
-0.0180601
-0.0270764
0.0564789
-0.0530605
0.0326699
0.0333598
-0.0621333
0.0454008
-0.0187959
-0.0227085
0.0571525
-0.0546927
0.0293021
0.032707
-0.0618483
0.047463
-0.0286715
-0.0368744
0.0620903
-0.0554439
0.0180118
0.0408935
-0.0734805
0.0442143
-0.0135471
-0.0368122
0.057396
-0.0535268
0.0221362
0.0368106
-0.0671955
0.048033
-0.0189979
-0.0311386
0.0604374
-0.0561589
0.0187476
0.0394635
-0.067439
0.0455614
-0.0112622
-0.0307914
0.0568261
-0.0618947
0.0190947
0.0378106
-0.0684805
0.04595
-0.0152829
-0.0321386
0.0610696
-0.0521589
0.0194834
0.0344427
-0.0648898
0.0517273
-0.0186508
-0.0331179
0.0580696
-0.0548325
0.0187891
0.0361163
-0.0661748
0.0522557
-0.00595647
-0.0260557
0.0567846
-0.0556097
0.0229134
0.0310541
-0.0638691
0.0490952
-0.0220394
-0.0301386
0.0607846
-0.0545475
0.0195456
0.031707
-0.0612162
0.0481988
-0.0245524
-0.0200349
0.0601317
-0.0542626
0.0245456
0.0337691
-0.0665219
0.0444423
-0.0231431
-0.0250557
0.0538675
-0.0584492
0.0326699
0.0320541
-0.0631955
0.0484423
-0.0217544
