4.27273
0.0591092
-0.0532661
0.0224022
0.0249677
-0.0601161
0.0438896
-0.0258823
-0.0238726
0.045149
-0.0600433
0.025423
0.0253148
-0.0620953
0.0438067
-0.0234315
-0.0292819
0.0510661
-0.0499604
0.0267701
0.0275998
-0.0554218
0.0432782
-0.0289445
-0.0205462
0.0507811
-0.052349
0.0268323
0.0232319
-0.0577275
0.0438274
-0.023473
-0.0282197
0.0450868
-0.0527376
0.0305266
0.0235791
-0.0567689
0.0429518
-0.0289653
-0.0195254
0.0468433
-0.0610433
0.0227908
0.0242112
-0.0537482
0.0439518
-0.0325352
-0.0263234
0.0528433
-0.0560226
0.0303608
0.0323978
-0.0598311
0.0511746
-0.0204108
-0.0246913
0.0562112
-0.0553697
0.0304022
0.0303563
-0.0568518
0.0506254
-0.0249031
-0.0185876
0.052864
-0.0554112
0.033423
0.032662
-0.0560953
0.0491539
-0.0187787
-0.0223027
0.0532112
-0.0554319
0.0324851
0.0263148
-0.0575047
0.0499311
-0.0242087
-0.0196084
0.0548433
-0.0540226
0.0297494
0.029662
-0.0561575
0.0496047
-0.0222709
-0.0135669
0.0519469
-0.0582092
0.038853
0.0296413
-0.0541575
0.050299
-0.0232917
-0.0132197
0.0506205
-0.0621677
0.0305266
0.0235791
-0.0505669
0.0515063
-0.0367425
-0.013914
0.0535998
-0.0555356
0.0395473
0.0276413
-0.0538726
0.0497498
-0.0281104
-0.00811607
0.0462734
-0.0609242
0.0385681
0.0262734
-0.0541575
0.0447498
-0.0331104
-0.0111575
0.0459677
-0.0577222
0.0431433
0.0157604
-0.045199
0.0531799
-0.0334575
-0.0108104
0.0472526
