-0.452428
0.0646079
-0.0204103
0.0552486
-0.0598868
0.0344189
0.0272901
-0.0523896
0.0548702
-0.0408294
-0.014001
0.0526165
-0.0622961
0.0368075
0.0239637
-0.0603067
0.0512742
-0.0289485
-0.0197368
0.0549222
-0.0550112
0.0432584
0.0222279
-0.0549803
0.0513986
-0.0353994
-0.015716
0.0552901
-0.0616018
0.0354604
0.0246165
-0.0576538
0.0523364
-0.0306843
-0.0170217
0.0512901
-0.0584205
0.0479112
0.0265958
-0.0556124
0.0496836
-0.0317465
-0.0123481
0.0546372
-0.0639282
0.0344189
0.0266372
-0.0560217
0.0521137
-0.0442957
-0.028514
0.0588807
-0.0620266
0.0271287
0.0378446
-0.0695916
0.0483726
-0.0206998
-0.0298612
0.0585543
-0.0591095
0.0322531
0.0341088
-0.0623481
0.0552328
-0.027477
-0.0284725
0.05586
-0.0610681
0.0278852
0.0331088
-0.0653067
0.0518234
-0.0241298
-0.0251668
0.0582693
-0.0624774
0.0322531
0.0331295
-0.0686124
0.0494141
-0.0233733
-0.0308819
0.058575
-0.0627416
0.0259059
0.0307409
-0.0626746
0.0542328
-0.0274977
-0.026799
0.0575128
-0.0574152
0.0312531
0.0344145
-0.0619595
0.0531706
-0.0221713
-0.0227575
0.0549015
-0.0595396
0.0340718
0.0269844
-0.0589803
0.0519685
-0.0329071
-0.0261046
0.0542072
-0.0608038
0.0286832
0.0273108
-0.0573274
0.0526836
-0.0313579
-0.0160425
0.0559222
-0.0624981
0.0322945
0.0314145
-0.0633274
0.0489685
-0.0329693
-0.0217368
0.0522693
-0.059664
0.0424811
0.0260259
-0.0633274
0.0496214
-0.0316221
