2.91538
0.0604012
0.0232292
-0.0511187
0.0454622
-0.0340923
-0.013098
0.041965
-0.0613155
0.0390784
0.0171878
-0.0511602
0.0484829
-0.0350509
-0.0148338
0.0489235
-0.0584761
0.033239
0.0232914
-0.0545074
0.0428922
-0.0434809
-0.0138338
0.0486178
-0.057559
0.0376691
0.0222085
-0.0481602
0.0495244
-0.0364187
-0.0131602
0.0505764
-0.0538439
0.0376483
0.0245349
-0.0458131
0.0459544
-0.0435431
-0.0107716
0.0462707
-0.0572533
0.0364256
0.0154727
-0.0468545
0.0512394
-0.0374602
-0.0108131
0.0483122
-0.0572948
0.0476069
0.0287422
-0.064098
0.048089
-0.0169626
-0.0280411
0.0591878
-0.0542065
0.0252752
0.0367837
-0.0597716
0.0475398
-0.0224342
-0.0216732
0.056965
-0.0603517
0.0280524
0.0317215
-0.059098
0.0514569
-0.0156569
-0.0256732
0.0575349
-0.0542687
0.0276845
0.0343951
-0.0564452
0.0525191
-0.0193513
-0.0273261
0.0571463
-0.0522065
0.025643
0.0360687
-0.0580566
0.0468248
-0.0200663
-0.0243053
0.0545557
-0.0566574
0.0306845
0.0354365
-0.0594452
0.0504983
-0.0186984
-0.0240204
0.0595557
-0.0568801
0.0206638
0.0313536
-0.0577301
0.0455398
-0.0231285
-0.0219582
0.05425
-0.057046
0.0340524
0.0360894
-0.0590773
0.0484776
-0.0164135
-0.0212639
0.0548613
-0.0516988
0.0331561
0.0290065
-0.0574244
0.0491926
-0.0210663
-0.0253053
0.0538821
-0.0537196
0.0338089
0.0310065
-0.0518338
0.050115
-0.0342943
-0.0182639
0.0555764
-0.0537403
0.0348296
