2.91538
0.0608899
0.028403
-0.0563958
0.0477136
-0.0265092
-0.017173
0.0526673
-0.054121
0.0386977
0.0239937
-0.0537222
0.0493872
-0.0248563
-0.0144994
0.0553201
-0.0553437
0.0328998
0.0283823
-0.0534165
0.0439002
-0.0393693
-0.0131315
0.0510351
-0.0571624
0.0396977
0.0253201
-0.0513958
0.0494494
-0.0279185
-0.013458
0.0523201
-0.0560588
0.0355941
0.0293616
-0.0494372
0.0482681
-0.0370636
-0.0110693
0.0496465
-0.0574059
0.0323299
0.0209937
-0.0518258
0.0545323
-0.0315714
-0.0145409
0.0560559
-0.0548153
0.0449412
0.0311595
-0.0666393
0.0450347
-0.0144417
-0.0360124
0.0591543
-0.0503592
0.0212624
0.0365896
-0.067375
0.0451591
-0.0176283
-0.0249295
0.0552994
-0.0595458
0.0260189
0.035201
-0.0646807
0.0487498
-0.0128303
-0.0322767
0.0538693
-0.0567685
0.0199774
0.0341803
-0.0627015
0.0481799
-0.0185868
-0.0292767
0.0588278
-0.0500535
0.0223038
0.0371803
-0.0632921
0.0421384
-0.0186283
-0.0265823
0.0529522
-0.0569551
0.0307961
0.031486
-0.0627015
0.0465477
-0.0196697
-0.0232559
0.0566258
-0.0604836
0.0167339
0.0267502
-0.060375
0.0466099
-0.0224055
-0.0215409
0.0539522
-0.0559551
0.032449
0.0328538
-0.0640486
0.0465477
-0.0190169
-0.0222352
0.0533408
-0.060323
0.026879
0.0237295
-0.0617015
0.0475477
-0.0206283
-0.0282559
0.0539108
-0.0539136
0.0268583
0.0257295
-0.0587222
0.0456929
-0.0284677
-0.0212145
0.0542994
-0.055323
0.031879
