-1.40791
0.0631618
-0.0630895
0.0513564
0.00317023
-0.0340948
0.049704
-0.0629131
0.0121178
0.0283414
-0.0665818
0.0565015
-0.0019127
-0.0333798
0.051906
-0.0560737
0.00864624
0.0383414
-0.0614782
0.0524808
-0.0039127
-0.032442
0.0507454
-0.0636281
0.0154649
0.0329528
-0.0604989
0.0528694
-0.00597489
-0.0313798
0.0509682
-0.0571981
0.0137706
0.0323206
-0.0589497
0.059341
-0.00612001
-0.0212969
0.0490511
-0.0623017
0.0168121
0.0319735
-0.0631725
0.0498901
-0.00836351
-0.0274005
0.0507662
-0.0695452
0.00864624
0.0376885
-0.0696802
0.0484548
0.00946048
-0.0515249
0.056393
-0.0468042
0.000786075
0.0457507
-0.0676802
0.0478434
0.00868324
-0.0441363
0.0531702
-0.05297
0.00654258
0.0450357
-0.064333
0.0508227
0.0110719
-0.0474627
0.0563515
-0.0444363
-0.000213925
0.04573
-0.0660066
0.048517
0.00737755
-0.0478099
0.0537609
-0.0528042
-0.00423466
0.0447093
-0.0682708
0.0447397
0.0130719
-0.0457891
0.0527816
-0.0489493
0.008869
0.0460771
-0.0643952
0.0525792
0.00700966
-0.0470948
0.0504137
-0.0499078
0.00615396
0.0451393
-0.0707424
0.048232
0.00564178
-0.0431363
0.0512324
-0.0586851
0.00423689
0.0410149
-0.0637216
0.0522527
0.00764178
-0.042442
0.0524967
-0.0490529
0.0120141
0.0373621
-0.0664367
0.0519678
0.00525316
-0.043359
0.0441495
-0.0570322
0.00527835
0.0389942
-0.0617631
0.0543357
0.00425316
-0.0420741
0.0530873
-0.047255
0.0049312
0.0416263
