-1.106
0.061589
-0.0570143
0.0575044
-0.0182883
-0.0170143
0.0478882
-0.0663094
0.0291207
0.0194788
-0.0527086
0.0628723
-0.017594
-0.0183614
0.0518052
-0.0641021
0.0218926
0.0286032
-0.0570143
0.0591365
-0.0119826
-0.00997283
0.0521939
-0.0642057
0.0256906
0.0238467
-0.052035
0.0628723
-0.0166147
-0.01732
0.0504373
-0.0607964
0.0226699
0.0228467
-0.0523822
0.0609345
-0.0174334
-0.00756348
0.0491524
-0.0635322
0.0263434
0.0258467
-0.0555842
0.0508101
-0.0209826
-0.0170143
0.048541
-0.0695322
0.0236077
0.0229918
-0.0699728
0.0542142
-0.00895656
-0.0347915
0.0493752
-0.063957
0.0147475
0.0326654
-0.0626049
0.0529914
-0.0134488
-0.0250972
0.0501731
-0.0677964
0.0218719
0.0292975
-0.0626049
0.0536443
-0.0130809
-0.0303822
0.0473544
-0.0619984
0.0174833
0.0293182
-0.0659106
0.0496028
-0.0127545
-0.0297086
0.0463752
-0.0659777
0.0131154
0.0296239
-0.0635635
0.053867
-0.00599802
-0.0290972
0.0500902
-0.0624078
0.0202398
0.0265825
-0.0589728
0.0586857
-0.0117545
-0.0277293
0.0497223
-0.0600606
0.0248304
0.0340126
-0.0632578
0.0513178
-0.0121639
-0.0226879
0.0454995
-0.0698379
0.019302
0.0212146
-0.0616257
0.0559914
-0.00979599
-0.0236879
0.0484166
-0.0601436
0.0233642
0.0201939
-0.0602992
0.0566857
-0.0127753
-0.0296671
0.0417223
-0.0667549
0.0172398
0.0242353
-0.0589936
0.0548101
-0.0182883
-0.0196257
0.0454373
-0.0667757
0.0179341
0.0225617
