3.51861
0.0611257
-0.0130001
-0.0217884
0.0466218
-0.0626119
0.0208958
0.0209897
-0.0521148
0.0564246
-0.021166
-0.0150941
0.047684
-0.0672855
0.0208129
0.0250726
-0.0574205
0.0565852
-0.010368
-0.0170941
0.0453576
-0.0666949
0.0232637
0.0199897
-0.0527884
0.0580568
-0.0164924
-0.013379
0.0463161
-0.0636534
0.0242222
0.0240104
-0.0527469
0.0547096
-0.0142489
-0.00433755
0.0464198
-0.0687571
0.0239994
0.0175803
-0.0497469
0.0534661
-0.0268603
-0.0167884
0.0490104
-0.0626741
0.0242844
0.0167047
-0.0568713
0.065321
-0.0155493
-0.0302392
0.052886
-0.0623424
0.0135019
0.0392592
-0.0623997
0.0567665
-0.00613998
-0.0282392
0.0503161
-0.0658554
0.0193413
0.0318499
-0.0610941
0.0575023
-0.0095286
-0.0265656
0.0565389
-0.0576688
0.0139112
0.035197
-0.0620319
0.0534401
-0.00720218
-0.023892
0.0549482
-0.0624254
0.0149734
0.0321555
-0.062664
0.0536836
-0.00375136
-0.0315656
0.050886
-0.061731
0.0142791
0.0341555
-0.0577262
0.0584816
-0.00424364
-0.0204827
0.053886
-0.0590575
0.0166055
0.0355234
-0.0623376
0.0478287
-0.014938
-0.0265241
0.0499275
-0.0624875
0.0167299
0.0271141
-0.0577884
0.0641551
-0.00381356
-0.0278506
0.0495596
-0.059814
0.0190564
0.0301141
-0.0554412
0.0569946
-0.0190001
-0.0245241
0.0529068
-0.0604254
0.0153413
0.0304612
-0.0554619
0.0589946
-0.0130831
-0.0150941
0.0480104
-0.0679176
0.0197507
0.0281141
-0.0577676
0.0588909
