4.47395
0.0668304
-0.0642811
0.0394962
0.0264088
-0.0590274
0.0505795
-0.0441201
-0.0153124
0.0504088
-0.0653847
0.0422941
0.019673
-0.0600067
0.054108
-0.0349542
-0.0180689
0.0564088
-0.0629754
0.0395791
0.0229787
-0.0520481
0.0546832
-0.0468559
-0.0126181
0.0517145
-0.062364
0.0419884
0.0183051
-0.0560481
0.0572116
-0.036405
-0.0136181
0.0513673
-0.0584262
0.0474185
0.0169165
-0.0523746
0.0520511
-0.0499181
-0.00994448
0.0517559
-0.066364
0.0373356
0.0152429
-0.053701
0.0526624
-0.0501201
-0.0173953
0.0547767
-0.0699339
0.0380454
0.0308596
-0.0653746
0.0550458
-0.033177
-0.0234782
0.0571031
-0.0669339
0.0390868
0.028186
-0.0637839
0.0575173
-0.0360164
-0.0140481
0.0577559
-0.0655868
0.0387604
0.0291446
-0.0633538
0.0556986
-0.0324827
-0.0254782
0.0554295
-0.0659754
0.0388641
0.0217559
-0.0640481
0.0560665
-0.0328713
-0.0204782
0.0614088
-0.0635246
0.0363925
0.0298181
-0.0620481
0.0557815
-0.0319957
-0.0136803
0.0544295
-0.064364
0.0452112
0.0261031
-0.0623538
0.053108
-0.0339957
-0.012416
0.0585124
-0.0690168
0.0395376
0.0227352
-0.0584368
0.0556417
-0.0460994
-0.0140896
0.059471
-0.0630376
0.0452527
0.0243881
-0.0573953
0.0559059
-0.0377937
-0.00863879
0.0524917
-0.0684469
0.0456206
0.0217145
-0.060701
0.0492531
-0.0461201
-0.0153538
0.0508181
-0.0652034
0.0497864
0.0159165
-0.0527217
0.0572946
-0.0417937
-0.0132916
0.0504088
