1.70846
0.063324
0.0505245
-0.0526572
0.00830623
0.0407164
-0.0624088
0.0504465
-0.000537663
-0.0326991
0.0526282
-0.0590251
0.00693834
0.0417371
-0.0653673
0.0503014
0.00595461
-0.0403934
0.0521981
-0.0526364
0.00532696
0.0366957
-0.0624503
0.0537936
0.000809491
-0.0340047
0.0505867
-0.0547401
0.0120213
0.0403692
-0.0636938
0.0483636
0.00187169
-0.0373726
0.0466697
-0.0615173
0.0111249
0.0313278
-0.0628182
0.053203
-0.0042527
-0.0320255
0.0526282
-0.0541287
0.0160627
0.03939
-0.0598389
0.0604879
0.00285095
-0.0317613
0.0677888
-0.0443255
-0.00328971
0.0517786
-0.0685072
0.0436432
0.0201827
-0.0464348
0.0557473
-0.048082
-0.000901088
0.0487786
-0.0643259
0.0479542
0.00299608
-0.0457613
0.057053
-0.0444084
0.00177249
0.0540428
-0.0608129
0.0460318
0.0168562
-0.0501084
0.0527473
-0.0484706
0.00148753
0.0470843
-0.0652844
0.0517676
0.0178148
-0.0464141
0.0560323
-0.0450405
-0.00190109
0.0500636
-0.0625694
0.043892
0.0053225
-0.0424348
0.0574623
-0.048797
0.00211964
0.0517371
-0.0602637
0.048892
0.0031412
-0.0545385
0.0538302
-0.0512271
0.00357046
0.0407579
-0.0664088
0.0533014
0.00764892
-0.0407405
0.0531981
-0.0539214
0.00487615
0.0454107
-0.0646523
0.0459749
0.003566
-0.0357613
0.058566
-0.0535535
0.00252899
0.0447371
-0.0623673
0.0529749
0.00893388
-0.0347405
0.0523432
-0.0581495
0.0143892
0.0396957
-0.0614088
0.0540579
0.003566
-0.0364141
