1.63237
0.0587486
0.0526143
-0.0379455
-0.00311176
0.0463399
-0.0578215
0.0446191
0.00861956
-0.038889
0.0520236
-0.0413756
-0.000702405
0.0446041
-0.0600028
0.0377382
0.0160911
-0.0455418
0.0476143
-0.0393548
-0.00135525
0.040972
-0.0585158
0.047272
0.010661
-0.0412154
0.04935
-0.0427227
-0.000375983
0.0442984
-0.0584329
0.0422098
0.0100289
-0.0432569
0.0467801
-0.0481943
0.00338052
0.0402777
-0.0581479
0.0455777
0.0100289
-0.0422776
0.0536972
-0.0390699
0.00201264
0.0416248
-0.0591272
0.047474
0.017459
-0.0455833
0.0493293
-0.0443134
-0.0038268
0.0480549
-0.0634329
0.0411269
0.012459
-0.0479719
0.0523293
-0.0406605
-0.00241745
0.0446663
-0.0588215
0.0445984
0.00800817
-0.0416248
0.0547179
-0.0423548
-0.00141745
0.0463192
-0.060065
0.0411269
0.0137647
-0.0442983
0.0507594
-0.0454585
0.00329759
0.044687
-0.0604951
0.0458834
0.0127025
-0.040604
0.0533915
-0.0427227
-0.000702405
0.042972
-0.0584744
0.0419663
0.00494598
-0.039604
0.0521065
-0.0464378
-2.88282e-05
0.0419927
-0.0611479
0.0435569
0.00839679
-0.0440134
0.0551065
-0.0434378
0.00101264
0.0386663
-0.0595987
0.0490492
0.00492525
-0.0385833
0.0511065
-0.0464585
0.00164475
0.0423399
-0.059863
0.0423756
0.0025159
-0.0322776
0.0555366
-0.047215
0.00670694
0.0413399
-0.0605366
0.047272
0.010661
-0.0392569
0.0471895
-0.0516036
0.00607483
0.0386456
-0.0611894
0.0439663
0.00759882
-0.0365833
