2.61376
0.061453
0.0379194
-0.059755
0.0425304
-0.0144176
-0.0294546
0.0540178
-0.0517652
0.0305974
0.0329194
-0.0598587
0.0486133
-0.0164176
-0.031781
0.0552613
-0.0502522
0.020473
0.0336137
-0.0618587
0.0440019
-0.0189099
-0.0197603
0.0603649
-0.0503558
0.0272088
0.0329608
-0.0635323
0.0449604
-0.0184798
-0.0284339
0.0553027
-0.0506615
0.0264938
0.0382665
-0.054553
0.0464942
-0.0296249
-0.0260867
0.0556499
-0.0503558
0.0255767
0.0315515
-0.0549209
0.0540641
-0.0191534
-0.0268018
0.058997
-0.0490087
0.0311259
0.0416966
-0.0726306
0.0384214
0.00532345
-0.0471697
0.0596239
-0.0381225
0.00314132
0.0443702
-0.0709571
0.0371364
0.00226125
-0.0422111
0.0630747
-0.0422054
0.00714132
0.0473909
-0.0715892
0.0367271
0.00599702
-0.0471697
0.0599503
-0.0387546
0.000773435
0.0463495
-0.0663042
0.0431364
0.00597629
-0.0454961
0.0635617
-0.0313867
0.0028149
0.0456552
-0.0669156
0.0397478
0.00732345
-0.0448432
0.0583804
-0.0435526
0.00550921
0.0436966
-0.0703042
0.0384836
0.00193483
-0.0458225
0.0576653
-0.0431432
0.000467744
0.0449816
-0.0652835
0.0395251
0.000893364
-0.040864
0.0637275
-0.037594
0.0128978
0.0456966
-0.0692835
0.0381364
0.0039141
-0.0414961
0.0580954
-0.0420241
0.0139808
0.041308
-0.0659985
0.0428722
0.00256694
-0.0414961
0.061686
-0.0359205
0.01096
0.0406344
-0.0633871
0.0423852
-0.00825176
-0.0378225
0.0610954
-0.0419619
0.0109186
