2.51322
0.061992
0.0392839
-0.066064
0.0409726
-0.00427581
-0.0331937
0.0595636
-0.0478876
0.0203868
0.0369783
-0.0674734
0.0420762
-0.0106644
-0.0358258
0.0607449
-0.0413539
0.0132624
0.0413254
-0.0654526
0.0401177
-0.0134002
-0.0308466
0.0621957
-0.044499
0.0206717
0.0416518
-0.0634734
0.0460762
-0.00633801
-0.0318051
0.0601335
-0.0453953
0.0119567
0.0383047
-0.065147
0.0408327
-0.0167474
-0.0328466
0.0624807
-0.0430896
0.0136925
0.0349368
-0.0657998
0.0440555
-0.00797012
-0.0335409
0.063175
-0.0444368
0.0195681
0.049999
-0.0705096
0.0348843
0.0124445
-0.0541937
0.0610868
-0.0292657
-0.00431281
0.0476518
-0.0698774
0.0356201
0.0103616
-0.0472144
0.0622526
-0.0377372
-0.00159777
0.0466311
-0.0714888
0.03319
0.0131181
-0.0545201
0.0607396
-0.0272864
-0.0016185
0.0473254
-0.0695718
0.0376408
0.0100352
-0.0495201
0.0641075
-0.0285921
-0.00529208
0.0469368
-0.0681624
0.0349051
0.0156673
-0.0421522
0.0612526
-0.0377579
-0.00057704
0.0449783
-0.0722039
0.0319673
0.0069937
-0.046888
0.0639055
-0.0370222
-0.00396566
0.0482839
-0.065551
0.0380087
0.00964655
-0.0445201
0.0615998
-0.0361465
0.00479085
0.0453461
-0.0732453
0.0352937
0.011973
-0.0441315
0.0588848
-0.0347994
0.00348516
0.0452632
-0.0678567
0.0369258
0.0130559
-0.0478673
0.0622112
-0.0311258
0.00583231
0.0443047
-0.0673075
0.0378274
-0.000457111
-0.0448466
0.0605998
-0.0377994
0.00179085
