-0.955155
0.0617608
-0.0524984
0.0586577
-0.0266326
-0.00496467
0.0448756
-0.0668972
0.0346211
0.00695322
-0.0485606
0.0631085
-0.0293891
5.60579e-05
0.048202
-0.06812
0.0317609
0.0187097
-0.048172
0.0616992
-0.0217569
0.00681256
0.0452227
-0.0678972
0.0329683
0.00721745
-0.044172
0.0608028
-0.0330834
-0.00159679
0.0448756
-0.06755
0.0352325
0.011974
-0.045887
0.06315
-0.0275134
0.00850687
0.0442227
-0.0666122
0.0366833
0.00654387
-0.0454777
0.0571292
-0.0331456
0.00407679
0.0472642
-0.0692443
0.0339475
0.003689
-0.0670476
0.0555073
-0.00874637
-0.0308456
0.050974
-0.0630317
0.014367
0.029917
-0.0646797
0.0538544
-0.00815572
-0.0244777
0.0487512
-0.0662391
0.025165
0.0275906
-0.0644155
0.0572638
-0.0134614
-0.0308456
0.0513004
-0.0613789
0.0157349
0.0272642
-0.0663948
0.0545695
-0.0118293
-0.0274777
0.0483626
-0.0693996
0.0123463
0.0305699
-0.0646383
0.0514866
-0.0107464
-0.0312135
0.0507097
-0.062524
0.02188
0.0231813
-0.0623948
0.0562845
-0.0122179
-0.0231305
0.0500569
-0.0651769
0.0221235
0.028917
-0.0627419
0.0549996
-0.0146273
-0.0197626
0.0467927
-0.0693013
0.0232687
0.0208134
-0.0604155
0.0566939
-0.0162801
-0.0230891
0.047689
-0.0602598
0.0259837
0.0191398
-0.063374
0.0526317
-0.0155858
-0.0250891
0.0450362
-0.0678504
0.0171857
0.0228134
-0.0574362
0.0558183
-0.0194874
-0.0103326
0.0484248
-0.0652805
0.0236365
0.0197719
