1.75888
0.0606604
0.0496302
-0.053023
0.0141063
0.0397807
-0.0617124
0.049288
-0.00627138
-0.0282462
0.0497339
-0.0587795
0.0148213
0.0387185
-0.0599767
0.0521221
0.00456805
-0.034899
0.0482624
-0.0520023
0.0101684
0.0333713
-0.0597332
0.0545937
-0.00218846
-0.0322462
0.0493246
-0.0556966
0.0114534
0.038392
-0.0613031
0.0488164
0.000526586
-0.0339198
0.0466924
-0.0590852
0.0101892
0.0336563
-0.0544068
0.0579823
-0.000597805
-0.0255311
0.0509981
-0.0530645
0.0132099
0.0330241
-0.0597124
0.0568372
0.0039152
-0.0336348
0.0500603
-0.0590852
0.013127
0.0377599
-0.0626917
0.0511843
-0.00210553
-0.0356763
0.0527132
-0.0547588
0.0171477
0.0378014
-0.0621218
0.0553087
-0.00651488
-0.0323498
0.0547546
-0.0570852
0.015127
0.0391071
-0.0639974
0.0491428
-0.000431951
-0.0353291
0.0504075
-0.0571474
0.0175363
0.0354128
-0.062386
0.05549
0.00424163
-0.0329612
0.0546302
-0.0499815
0.0124534
0.0397185
-0.0566917
0.0503294
-0.00829211
-0.0259612
0.0537961
-0.0614324
0.0118006
0.0386977
-0.0569974
0.0505937
-0.00782057
-0.0350442
0.0547546
-0.0551267
0.0165571
0.0337185
-0.0581218
0.0576766
-0.0049035
-0.0295933
0.0494075
-0.0601059
0.0131477
0.0364128
-0.0594275
0.0526973
-0.00570146
-0.0195519
0.0527961
-0.0601474
0.0138835
0.0340034
-0.0547539
0.0566973
-0.00561854
-0.0262462
0.0478168
-0.0589868
0.0233965
0.0282884
-0.0541218
0.0577595
-0.00702789
-0.0205726
