3.87051
0.0670029
-0.0311214
0.00197653
0.0476148
-0.0707125
0.0369924
0.00124158
-0.0480702
0.0649721
-0.0400023
0.0110387
0.0486562
-0.0740389
0.0395208
0.011366
-0.0533344
0.0624383
-0.0324686
0.00262938
0.0463505
-0.074469
0.0390546
-0.000147034
-0.0450495
0.0685835
-0.0358987
0.00569157
0.0446562
-0.073469
0.042666
0.00428305
-0.0507023
0.0638684
-0.0332873
0.0123859
0.0473505
-0.0741218
0.0396867
0.0028737
-0.0466609
0.0599513
-0.0469194
-0.000370622
0.0456355
-0.0730804
0.037666
-0.00202264
-0.0528475
0.0745627
-0.0403027
-0.0112515
0.0523713
-0.0802617
0.0329664
0.0188583
-0.0587231
0.0670082
-0.029567
-0.00921005
0.0510241
-0.0760182
0.0378058
0.0111017
-0.0564174
0.0684176
-0.0313235
-0.00482144
0.0526355
-0.0752202
0.0320078
0.0161432
-0.0563966
0.0660912
-0.0326913
-0.00543282
0.0472883
-0.075956
0.0337643
0.00979606
-0.0604174
0.0680082
-0.0279141
-0.00751574
0.0513298
-0.0749767
0.03807
0.0174489
-0.0540288
0.065744
-0.0313649
-0.00245355
0.0506562
-0.0753031
0.0351115
0.0127339
-0.0546816
0.0598269
-0.0404686
-0.00243282
0.0496355
-0.0710389
0.0372981
0.000324512
-0.0551117
0.0711119
-0.0300178
-0.00343282
0.0483091
-0.0733653
0.0398473
0.0130188
-0.0496816
0.0605835
-0.0471629
-0.0048007
0.0493298
-0.077956
0.0307851
0.00675459
-0.0577853
0.0668269
-0.033795
0.00160865
0.0493091
-0.0772617
0.0317229
0.0147339
-0.0536609
0.0637233
