3.7197
0.0592069
-0.0260394
-0.00708657
0.045733
-0.0656097
0.0298464
0.00609556
-0.044926
0.0580281
-0.0338996
0.00032278
0.0467122
-0.0655475
0.0313541
0.0172199
-0.0491902
0.0561679
-0.023428
-0.00104511
0.0480594
-0.0616305
0.0345407
0.00776913
-0.0465374
0.0572301
-0.0258166
-0.00098291
0.04565
-0.060874
0.0327427
0.0138728
-0.0495581
0.056883
-0.0248166
0.000669935
0.0453858
-0.065589
0.0298049
0.00846344
-0.0488638
0.0532508
-0.0334488
-0.00741299
0.0476708
-0.0621797
0.0300484
0.0119143
-0.051641
0.0648415
-0.0297906
-0.026926
0.0512199
-0.0641536
0.0155716
0.0341216
-0.0607394
0.0521004
-0.0096455
-0.0238638
0.0469143
-0.0636459
0.0240638
0.0300594
-0.058413
0.052489
-0.012687
-0.0231902
0.0498521
-0.0608479
0.0173281
0.0303858
-0.0583923
0.0498362
-0.0130963
-0.0178223
0.0489143
-0.0652366
0.016696
0.0276915
-0.0600244
0.0507118
-0.00727762
-0.0245374
0.0505049
-0.0581951
0.0200224
0.0294065
-0.0587809
0.0551626
-0.0100341
-0.0201695
0.0495464
-0.0631951
0.0160016
0.0290386
-0.0570866
0.0499191
-0.0204435
-0.0221902
0.0495464
-0.0599309
0.0214317
0.0247122
-0.0581695
0.0598569
-0.00933981
-0.0221695
0.0488521
-0.0585837
0.0217581
0.0270179
-0.0548016
0.0520228
-0.0268114
-0.0245374
0.0501785
-0.0611536
0.0143281
0.0270594
-0.0581488
0.0536134
-0.0171585
-0.0164752
0.0476086
-0.0643402
0.0211675
0.0209765
-0.0568016
0.0549191
