3.97106
0.0662853
-0.0362119
0.00541981
0.0429958
-0.0721086
0.0384979
-0.00484888
-0.0443213
0.061721
-0.0433985
0.013482
0.0449958
-0.0710879
0.0420678
0.00292835
-0.0479741
0.0629231
-0.0369062
0.00644054
0.041343
-0.0724973
0.0405601
-0.00558466
-0.0393005
0.0643946
-0.0423777
0.0115027
0.0416487
-0.0704765
0.0441507
0.00117185
-0.0419534
0.0613739
-0.0410928
0.016197
0.0410373
-0.074518
0.0386015
-0.010279
-0.0429326
0.0567418
-0.0507249
0.00646127
0.0396694
-0.074803
0.0368657
-0.0101753
-0.0441192
0.0743946
-0.0457611
-0.00480824
0.0491202
-0.0820257
0.0384511
0.0141979
-0.0567721
0.069208
-0.035046
-0.00174605
0.0474259
-0.0767822
0.0429849
0.00605274
-0.0517513
0.0712288
-0.0343932
0.000253952
0.0526901
-0.0742485
0.0357775
0.0154621
-0.0517099
0.0675552
-0.0357611
0.000948261
0.0500373
-0.0759635
0.0351869
0.00876779
-0.0560363
0.0684308
-0.029616
-0.0050932
0.0483637
-0.0756578
0.0381869
0.0137263
-0.0486684
0.0652495
-0.0374969
0.00333688
0.0476901
-0.0733729
0.0422491
0.0120527
-0.0496684
0.0616381
-0.0438855
0.00298972
0.0464052
-0.0741501
0.0424564
-0.00207165
-0.0480778
0.0719438
-0.0344761
0.0046633
0.0474052
-0.0741294
0.0424149
0.00356047
-0.0420156
0.0644361
-0.0489891
0.00603119
0.0467109
-0.0763729
0.0356584
0.00392835
-0.043057
0.0671097
-0.0414399
0.017197
0.0417109
-0.0738652
0.044845
-0.000828151
-0.0416684
0.065721
