1.70846
0.0584556
0.0470341
-0.0465932
0.00563446
0.0422467
-0.0549769
0.0487125
0.00276983
-0.0326351
0.0485263
-0.0553704
0.00437023
0.0352259
-0.0606298
0.0469353
0.00687349
-0.0389615
0.0464227
-0.0499818
0.00404381
0.0345524
-0.0567127
0.0527332
0.00476983
-0.0316143
0.0481792
-0.0511062
0.0127588
0.0378995
-0.0573241
0.0477125
0.00372837
-0.0308993
0.0435263
-0.0554741
0.00849462
0.0295109
-0.0573863
0.0497954
-0.000965939
-0.0293086
0.0521999
-0.0491062
0.0121475
0.0325524
-0.0587127
0.0526918
0.00550561
-0.0346765
0.0645625
-0.0364842
-0.0143086
0.0505524
-0.0586659
0.0385414
0.0238166
-0.0492879
0.0520702
-0.0321785
-0.00959359
0.0472881
-0.0621375
0.0420129
0.0174072
-0.0482879
0.0511117
-0.03522
-0.00924644
0.050858
-0.0576245
0.0365206
0.024143
-0.0476351
0.0508267
-0.0372822
-0.00720497
0.0485316
-0.0580131
0.0389093
0.0221223
-0.0495936
0.0487438
-0.0345464
-0.00989928
0.0475524
-0.059381
0.0373186
0.0154072
-0.0489822
0.0495211
-0.041935
-0.0122257
0.0465109
-0.0576867
0.0369715
0.015428
-0.0473916
0.0575418
-0.0339765
-0.0044692
0.0428995
-0.0585261
0.046443
0.0163243
-0.0432464
0.0501532
-0.037935
-0.00855213
0.0482052
-0.0554225
0.039443
0.0119357
-0.0396351
0.053604
-0.0429972
-0.00951066
0.0445109
-0.0557696
0.0437072
0.0177129
-0.0452879
0.0479097
-0.0424066
-0.00477489
0.0431637
-0.056096
0.0414015
0.0156507
-0.0425936
