2.31213
0.0629996
0.0518513
-0.064678
0.0375761
0.006846
-0.0440357
0.0635558
-0.0383564
0.00903176
0.0475249
-0.0654345
0.041659
0.00415169
-0.0466471
0.0604521
-0.0375585
0.000948835
0.0475249
-0.0680459
0.0320269
-0.00329912
-0.0416678
0.0619029
-0.04103
0.00768461
0.0455663
-0.0711081
0.0369854
0.00178381
-0.0453207
0.0588614
-0.0426414
0.00296957
0.0452399
-0.0688438
0.039457
-0.00529912
-0.043015
0.0641879
-0.036315
0.00833745
0.048872
-0.0631495
0.0470269
0.00517242
-0.0456886
0.0631671
-0.0366207
0.00794884
0.0555041
-0.0691443
0.0302236
0.0217684
-0.0569735
0.0615297
-0.0255947
-0.00984913
0.0508306
-0.0689008
0.0323688
0.0146647
-0.0533207
0.061307
-0.0316983
-0.00617556
0.0544834
-0.0668386
0.0342444
0.0250741
-0.0542378
0.0588354
-0.0252682
-0.00950198
0.050157
-0.0685743
0.0340216
0.0176647
-0.0519528
0.0638769
-0.0242682
-0.00980767
0.0491155
-0.0681857
0.0309801
0.0193175
-0.0499321
0.057022
-0.0367812
-0.00448125
0.050872
-0.0719215
0.0300631
0.0122761
-0.0529321
0.0553277
-0.0364341
-0.00646051
0.0498098
-0.0669215
0.0327781
0.0109289
-0.0499943
0.063022
-0.0314341
-0.00243978
0.0508306
-0.0695536
0.0316744
0.0182968
-0.0489321
0.0570427
-0.0348642
0.00029599
0.047157
-0.0686365
0.0374102
0.0172968
-0.0476471
0.0650013
-0.0287398
-0.00341905
0.048157
-0.0689422
0.0337574
0.0136025
-0.0515849
0.060224
-0.0263304
-0.00646051
