1.00543
0.0617131
0.0410606
-0.00390282
-0.0310849
0.0589573
-0.0477996
0.0181484
0.0350041
-0.0634268
0.0462057
-0.0096386
-0.0310642
0.0592423
-0.0467167
0.014739
0.0380248
-0.0666703
0.039102
-0.00924998
-0.0350849
0.0539781
-0.0508825
0.0221691
0.0360248
-0.0654061
0.0438378
-0.00831217
-0.0297171
0.0572838
-0.0507581
0.0150655
0.0377191
-0.0657532
0.0383094
-0.0198045
-0.0263699
0.0579781
-0.0475353
0.0215577
0.0339419
-0.0584268
0.0508793
-0.00596502
-0.0290435
0.0569573
-0.0484939
0.0240655
0.0424756
-0.0681211
0.0539984
0.00367238
-0.0441471
0.0630557
-0.0394057
0.00381668
0.0474549
-0.0689553
0.042874
0.00434596
-0.0428415
0.0602008
-0.0472658
0.00894107
0.0417606
-0.0706496
0.041589
0.00258945
-0.0391057
0.06275
-0.0391414
0.0082053
0.0461285
-0.0673646
0.045672
0.000221567
-0.0387585
0.0588122
-0.0439187
0.0112675
0.0431285
-0.0716703
0.0419362
0.000610185
-0.0421264
0.0568537
-0.0466545
0.0116768
0.0384134
-0.0684061
0.0431228
-0.0108406
-0.0404943
0.0612008
-0.0446337
0.0116768
0.0371077
-0.0691419
0.0497756
-0.00186136
-0.0330849
0.0566309
-0.0491675
0.0221069
0.0384342
-0.0700797
0.043102
-0.00622925
-0.0340849
0.0553045
-0.0524732
0.0154541
0.0346777
-0.0605097
0.0542679
-0.0105764
-0.0351264
0.060263
-0.0451053
0.0194541
0.0367191
-0.063489
0.0450244
-0.0191101
-0.0277171
0.0560195
-0.0525561
0.0201899
0.031372
-0.0671626
