3.87051
0.0667797
-0.0369352
0.00289854
0.0472311
-0.0724848
0.0356294
-0.0018986
-0.0464539
0.0616091
-0.0464482
0.00763431
0.0442518
-0.0761791
0.0401786
0.00626725
-0.0531482
0.0654433
-0.0365673
0.000551385
0.0436197
-0.0759356
0.0393859
-0.00624576
-0.0494539
0.0635055
-0.0380389
0.00830789
0.0449047
-0.0731998
0.0399559
0.000490014
-0.0484746
0.0645469
-0.0361425
0.0176965
0.0462933
-0.0739356
0.0394274
-0.00730795
-0.0447803
0.0613034
-0.0494482
0.00528716
0.0439047
-0.0722413
0.0403859
-0.00720429
-0.0482519
0.0742412
-0.0454636
-0.00930878
0.0532725
-0.0770132
0.0362355
0.0207803
-0.0554954
0.0683603
-0.0320958
-0.00257301
0.0522933
-0.0741376
0.0411164
0.0116351
-0.0508218
0.0704018
-0.0331165
-0.00222585
0.0522725
-0.0757283
0.0376656
0.0163709
-0.0544539
0.0637282
-0.0368315
-0.00383723
0.0465782
-0.0764433
0.0367693
0.00896156
-0.0538011
0.0689925
-0.0294015
-0.0038787
0.0505782
-0.0740754
0.0357693
0.0105729
-0.0474539
0.067464
-0.0352616
0.00520423
0.050599
-0.0737905
0.0404429
0.012288
-0.0514332
0.059179
-0.0440181
0.00422496
0.047599
-0.0715677
0.0426709
-0.00085714
-0.0471689
0.0711583
-0.0336088
0.00657212
0.0482725
-0.072547
0.0429351
0.00614286
-0.0424539
0.0626713
-0.0491632
0.01094
0.0499254
-0.0731376
0.0381994
0.00422579
-0.0504954
0.0671583
-0.034671
0.00928716
0.0472518
-0.0754641
0.0384636
0.0099201
-0.0501067
0.063464
