0.552969
0.0669005
0.0356352
0.0187084
-0.0534014
0.0646564
-0.0284733
0.00219457
0.0509157
-0.0717587
0.0401275
0.00999336
-0.0570749
0.0655734
-0.0282867
-0.0096034
0.0548535
-0.0699193
0.0332881
0.0196669
-0.0484014
0.0680243
-0.0301054
-0.00149974
0.0522007
-0.0722871
0.0329824
0.0166669
-0.0527071
0.0655942
-0.0286546
-0.00790909
0.0538535
-0.0702664
0.0290653
0.00825759
-0.0507693
0.0677186
-0.0298412
0.00158319
0.0501385
-0.0640436
0.0457389
0.0190348
-0.0520749
0.0669828
-0.0277583
0.00243806
0.0556722
-0.0803286
0.0332259
0.0184856
-0.06179
0.065247
-0.0315717
-0.0146656
0.0509572
-0.0790229
0.0339616
0.0157499
-0.0568107
0.0666978
-0.0334111
-0.00488836
0.0496308
-0.0784115
0.0373503
0.013097
-0.0611371
0.0659413
-0.0312867
-0.0106449
0.0532836
-0.0756965
0.0356767
0.0153612
-0.0563806
0.0629206
-0.0300018
-0.00790909
0.0522214
-0.0765721
0.0285523
0.0174234
-0.0594014
0.0615942
-0.0316753
-0.00858267
0.0502629
-0.0763701
0.0327389
0.00701409
-0.05979
0.0662677
-0.0276753
-0.00523551
0.0535686
-0.0690644
0.042086
0.0140348
-0.0564221
0.0600657
-0.0368827
0.000868146
0.0482629
-0.0800022
0.0286767
0.00934052
-0.0577693
0.0623507
-0.0337997
-0.00445828
0.0432421
-0.0741888
0.0445161
0.00964621
-0.0564014
0.0636149
-0.0280847
-0.00149974
0.0499157
-0.0730851
0.0345368
0.00254255
-0.05079
0.0664543
-0.0368619
-0.00113185
0.0469157
-0.0751058
