0.854603
0.0599174
0.0390468
0.00608866
-0.0385028
0.0562285
-0.0387044
0.00821751
0.0361769
-0.065824
0.0438655
-0.000647116
-0.0388292
0.0555549
-0.0409894
0.00480816
0.041809
-0.0653109
0.0340468
0.00239435
-0.0381971
0.0562907
-0.0417666
0.0105647
0.0381561
-0.065741
0.0384769
-0.000973538
-0.0391764
0.0559021
-0.041663
0.00480816
0.0414826
-0.064026
0.0328655
-0.00805647
-0.0375235
0.05727
-0.0394195
0.0112382
0.038809
-0.0621089
0.0451504
0.00502646
-0.0351349
0.0545964
-0.0423987
0.011461
0.0432805
-0.0730674
0.0428809
0.0146639
-0.0502386
0.0620004
-0.0286577
-0.006052
0.047524
-0.0679016
0.0338395
0.0129281
-0.0465443
0.0581041
-0.0325386
0.00474596
0.0448712
-0.0679845
0.037596
0.00923378
-0.0468914
0.0626948
-0.0296784
-0.00635769
0.0451769
-0.0669431
0.0352488
0.00823378
-0.0478914
0.0603891
-0.0310878
-0.00166339
0.0478297
-0.0649016
0.0368395
0.0149488
-0.0465443
0.0600626
-0.0314349
-0.00164265
0.044524
-0.0663317
0.0379846
0.00619232
-0.0471971
0.0577362
-0.0337821
-0.00166339
0.0458712
-0.0646996
0.0429846
0.00988663
-0.044565
0.0568813
-0.0396422
0.00709312
0.0455448
-0.0692902
0.0345752
0.00921305
-0.0461971
0.0571041
-0.033865
0.00209312
0.0441354
-0.0603524
0.0456582
0.0115602
-0.0465028
0.0576948
-0.0291292
0.000745964
0.0421769
-0.0673317
0.0340468
0.00239435
-0.0381971
0.0615135
-0.0339272
0.00711385
0.0451769
-0.0646581
