1.15628
0.0635657
0.050067
-0.016311
-0.0287367
0.0565337
-0.0540472
0.0330511
0.0330467
-0.0568558
0.0512743
-0.0274769
-0.0253688
0.0571865
-0.0575964
0.0252324
0.0361296
-0.0647936
0.0467406
-0.0186789
-0.0280631
0.0549016
-0.0587208
0.0310097
0.0330881
-0.0621615
0.0481707
-0.0217826
-0.023348
0.0571865
-0.0566171
0.0262739
0.033456
-0.0641822
0.0452329
-0.0265391
-0.0196745
0.0572487
-0.0544566
0.038419
0.036026
-0.0531615
0.0542329
-0.022109
-0.0233688
0.0582073
-0.0540265
0.0362739
0.0398654
-0.065835
0.0445178
-0.0258033
-0.021431
0.0616373
-0.0570887
0.0363361
0.0348446
-0.0629594
0.0533158
-0.0271919
-0.0203688
0.0530467
-0.0646017
0.0378491
0.0253731
-0.0592859
0.0543572
-0.0301919
-0.0220631
0.0573109
-0.0624151
0.0293568
0.0310674
-0.0572651
0.0527251
-0.0312749
-0.0189802
0.0532902
-0.060498
0.036419
0.0314146
-0.0598972
0.0519479
-0.0268241
-0.0230424
0.0556166
-0.0588037
0.0334605
0.027026
-0.0592237
0.0483572
-0.033907
-0.0213895
0.0569845
-0.0611302
0.0327455
0.0258032
-0.0640424
0.0596629
-0.0241505
-0.0207159
0.0556788
-0.0586017
0.0425434
0.028026
-0.0572444
0.0523572
-0.0308862
-0.0220216
0.0536373
-0.0595395
0.0342377
0.0212694
-0.0519802
0.0597873
-0.0299484
-0.0173066
0.0542902
-0.0565602
0.040217
0.0269845
-0.0519594
0.0509325
-0.0411972
-0.00822366
0.0523524
-0.0626017
0.0375642
0.0246166
-0.0525915
