-0.201078
0.0627575
-0.0186306
0.0536605
-0.0595164
0.0349137
0.0229661
-0.0538948
0.0465877
-0.0438062
-0.0125684
0.053334
-0.0595371
0.0365873
0.0236397
-0.0561798
0.0487275
-0.0319461
-0.0185892
0.0499869
-0.0566408
0.0433852
0.0212304
-0.0518327
0.0471576
-0.039029
-0.0166099
0.0526812
-0.0625164
0.0332194
0.0233133
-0.0558741
0.049769
-0.0329875
-0.0165684
0.0483548
-0.0609879
0.0423438
0.0225983
-0.052527
0.0468726
-0.0401119
-0.0109156
0.0537226
-0.062905
0.0375665
0.0272926
-0.0495477
0.050567
-0.0449875
-0.02204
0.0553755
-0.0644749
0.0344007
0.0311527
-0.0625892
0.0513596
-0.0288839
-0.0176721
0.0573548
-0.0575371
0.0392401
0.0243755
-0.056957
0.0548104
-0.0336196
-0.0159985
0.059334
-0.0577806
0.0354629
0.0287641
-0.0615477
0.0486861
-0.0292517
-0.0156514
0.054417
-0.0652314
0.0355458
0.0246812
-0.0582005
0.0500332
-0.0305574
-0.0189985
0.0556812
-0.0618013
0.0334629
0.0290491
-0.0545892
0.0528312
-0.0337026
-0.0112627
0.0553755
-0.0625164
0.0341987
0.0227226
-0.0596306
0.0564011
-0.0246196
-0.0132005
0.0499869
-0.0592522
0.0386495
0.0202926
-0.0532835
0.0529141
-0.0413761
-0.0163042
0.0560076
-0.0585164
0.0352608
0.0235983
-0.049242
0.0519348
-0.0391534
-0.00722127
0.0553755
-0.0625164
0.0341987
0.025334
-0.054242
0.0479141
-0.0424591
-0.0128948
0.0497226
-0.0620087
0.0426909
0.0212718
-0.0525684
0.0485877
-0.0418062
