-0.150808
0.0613403
-0.00926216
0.0493139
-0.062091
0.04165
0.0204537
-0.0440187
0.0513862
-0.0494223
-0.00417924
0.0469667
-0.0621118
0.0433236
0.0198216
-0.0499772
0.052811
-0.0368264
-0.0126093
0.0479667
-0.0588268
0.0467537
0.0183915
-0.0432829
0.0509354
-0.0442979
-0.0092207
0.046946
-0.0627231
0.0379765
0.0174537
-0.0470187
0.0558939
-0.0385622
-0.0112
0.0416403
-0.0635418
0.045448
0.0160236
-0.0426093
0.0499561
-0.0437073
-0.0012207
0.0510289
-0.0644382
0.0399972
0.0181065
-0.0459979
0.0470598
-0.0589922
-0.0140394
0.0540082
-0.0633552
0.0385464
0.0225574
-0.0529979
0.0511582
-0.0378678
-0.00830363
0.0513761
-0.066091
0.0396086
0.021148
-0.0466715
0.0516297
-0.044013
-0.0042207
0.0493346
-0.0653967
0.0382614
0.0204952
-0.0493244
0.0505675
-0.0399922
-0.00450566
0.044661
-0.0664589
0.0413029
0.0188423
-0.0526508
0.0495053
-0.0389093
-0.00824143
0.0489667
-0.0607646
0.0426708
0.0184744
-0.0463866
0.055324
-0.0426865
-0.00450566
0.0459667
-0.0627853
0.0416915
0.0167801
-0.0473451
0.052609
-0.0384016
0.000903692
0.0436403
-0.0621947
0.0447952
0.0146765
-0.0403244
0.0530391
-0.0483809
-0.00619997
0.0485988
-0.0587439
0.0381009
0.0123086
-0.0403036
0.0497334
-0.0458939
0.007598
0.0473139
-0.0634382
0.0396915
0.0173915
-0.0439565
0.048324
-0.0447902
0.000556537
0.0446403
-0.0647853
0.0413236
0.0188009
-0.0493036
0.0495468
-0.0396451
