4.42363
0.0624036
-0.0636354
0.0248931
0.021785
-0.0594854
0.0498728
-0.0332309
-0.0161382
0.0484586
-0.0644955
0.0360382
0.0204171
-0.0587911
0.0524427
-0.0267801
-0.0188532
0.0556813
-0.0543297
0.0336289
0.0260699
-0.0547289
0.0442407
-0.0383138
-0.0144439
0.0507228
-0.059739
0.0343232
0.0234171
-0.058076
0.0504012
-0.0238008
-0.0174439
0.0480492
-0.0578219
0.0404061
0.0246813
-0.0507289
0.0485671
-0.0349459
-0.0137911
0.0507642
-0.066024
0.026261
0.0223964
-0.0574024
0.0468106
-0.0334951
-0.0185683
0.0580699
-0.0632053
0.0256858
0.0329923
-0.0714232
0.049826
-0.0154898
-0.0296512
0.0573549
-0.0592053
0.0270744
0.0332358
-0.063076
0.0486655
-0.02435
-0.0229154
0.0580077
-0.0578581
0.026748
0.0315829
-0.0670553
0.0498468
-0.0152049
-0.0266097
0.0573342
-0.0572053
0.0261366
0.0281943
-0.0644024
0.0492768
-0.0219406
-0.0269362
0.056987
-0.057511
0.0264008
0.0322565
-0.066076
0.0495825
-0.0176349
-0.0215683
0.0580077
-0.0552467
0.0321366
0.0332151
-0.0623817
0.0515618
-0.0146142
-0.021874
0.0543549
-0.0602467
0.0271366
0.0282151
-0.0641175
0.0477484
-0.0300858
-0.0225683
0.0586399
-0.054511
0.0280951
0.0325622
-0.0614439
0.0520333
-0.0217386
-0.0175268
0.0534378
-0.0656561
0.0297894
0.0325415
-0.0630345
0.0449919
-0.025065
-0.0212004
0.0530492
-0.0580447
0.0356081
0.0268057
-0.0607289
0.0473805
-0.0270858
-0.0218532
0.0533342
