1.00543
0.0610397
0.0454178
-0.0108773
-0.02522
0.0588637
-0.0481005
0.0264226
0.0321954
-0.062707
0.0492365
-0.0179603
-0.0255257
0.0578223
-0.0490176
0.022319
0.0381954
-0.0632355
0.043397
-0.0108773
-0.0261993
0.0555373
-0.050142
0.0274434
0.0344597
-0.0605619
0.0427857
-0.0136131
-0.023505
0.0591279
-0.0466497
0.0200133
0.0348275
-0.0632355
0.0404592
-0.017266
-0.02622
0.0591694
-0.0460798
0.0267491
0.035154
-0.0589713
0.05048
-0.0118773
-0.0268729
0.0581487
-0.0454062
0.0306661
0.0409519
-0.0682562
0.0433348
-0.0104265
-0.0319765
0.0624958
-0.0489347
0.0188889
0.0406048
-0.0656241
0.0454178
-0.0134887
-0.0309351
0.0552523
-0.0561213
0.0220548
0.0321747
-0.0639713
0.04548
-0.0175302
-0.0306087
0.059843
-0.0506497
0.0186247
0.0355633
-0.0643391
0.0475007
-0.0165509
-0.0298936
0.0555166
-0.0523855
0.0236247
0.0366462
-0.071992
0.0450292
-0.00979442
-0.0312408
0.0551901
-0.0533855
0.0187076
0.0295218
-0.0656863
0.0452157
-0.0225717
-0.0322615
0.056843
-0.0516912
0.0183605
0.0292162
-0.0650956
0.0522365
-0.0172452
-0.0285465
0.0509466
-0.0556135
0.0334848
0.0325426
-0.0650127
0.0458686
-0.0212245
-0.0316087
0.0555788
-0.0525099
0.0268113
0.0301332
-0.0580542
0.0532779
-0.0182867
-0.0258729
0.0568637
-0.0491213
0.0267698
0.0325011
-0.0590542
0.047708
-0.0274111
-0.0231993
0.0549466
-0.0552042
0.0277905
0.0305218
-0.0640335
