-1.35753
0.0656147
-0.0667662
0.0518455
-0.00409713
-0.0361187
0.0528667
-0.0658955
0.0141976
0.0287683
-0.0671963
0.0556228
-0.00718006
-0.0330772
0.056763
-0.0603825
0.0103581
0.0401362
-0.0634398
0.0542134
-0.00118006
-0.0296886
0.0505195
-0.0678748
0.0137882
0.0357683
-0.0618284
0.0550114
-0.0108951
-0.0333829
0.0544159
-0.0597504
0.0107675
0.0354212
-0.0598492
0.0573793
-0.0076516
-0.0239943
0.0528667
-0.0668748
0.0131561
0.033074
-0.0641134
0.0499699
-0.0122215
-0.0327715
0.0555195
-0.0664654
0.0123581
0.0382191
-0.0643
0.0637264
-0.0098329
-0.031528
0.0609496
-0.0662219
0.0171147
0.0351984
-0.0659528
0.0594208
-0.0106309
-0.0247508
0.0546647
-0.0706935
0.022524
0.0341777
-0.0646264
0.0630529
-0.00918006
-0.0331187
0.0561931
-0.0628748
0.0187882
0.0368512
-0.0626264
0.0604829
-0.0156309
-0.0274658
0.0589496
-0.0682219
0.0170732
0.0382191
-0.070502
0.0492964
-0.0115687
-0.0307715
0.0542553
-0.0646727
0.0229334
0.0291362
-0.0639943
0.0624829
-0.0113459
-0.0223829
0.0575817
-0.0626313
0.0228919
0.0324834
-0.0639528
0.0578301
-0.0147345
-0.0203829
0.0546854
-0.0704085
0.0236069
0.0294626
-0.0639736
0.0617886
-0.0113044
-0.0257301
0.0552553
-0.0617142
0.0256899
0.0267269
-0.0603
0.061198
-0.0153874
-0.0227093
0.0523382
-0.0707557
0.0216691
0.0257061
-0.0547301
0.0657525
-0.0225947
-0.0119943
0.057359
-0.06645
0.0254049
0.0227061
