-0.804329
0.0630159
-0.0478311
0.0635945
-0.0320274
0.00250062
0.0437295
-0.0696392
0.0385787
-0.00307376
-0.0428933
0.0670868
-0.0394575
0.00221566
0.0416673
-0.0711884
0.0353714
0.00870348
-0.0451575
0.0626567
-0.0321725
0.0116043
0.0440352
-0.0679449
0.0385579
-0.000420911
-0.0421575
0.0620661
-0.0401725
0.00621566
0.0440352
-0.0682713
0.041475
0.00764128
-0.0414632
0.0581075
-0.0426234
0.0099929
0.037688
-0.0716392
0.0362523
-0.00215668
-0.0371575
0.0634754
-0.041929
0.0112571
0.0420974
-0.0743128
0.0358844
-0.00699083
-0.0588104
0.0623458
-0.0273071
-0.0187482
0.0503201
-0.0706547
0.0300811
0.0209315
-0.0567896
0.0607136
-0.0264315
-0.0103181
0.047688
-0.0714319
0.0335527
0.015175
-0.0544425
0.0610608
-0.0280843
-0.0123388
0.0502994
-0.0696339
0.0277754
0.0175636
-0.0551575
0.062123
-0.0307994
-0.0119709
0.0450145
-0.0766961
0.026449
0.0158901
-0.0571368
0.0610608
-0.0274315
-0.0119709
0.0466466
-0.0681055
0.036247
0.0168071
-0.049116
0.0644494
-0.0274729
-0.00992946
0.0456258
-0.0687376
0.0364905
0.0215636
-0.0534425
0.0594494
-0.0292087
-0.00656157
0.0433409
-0.0727998
0.031962
0.00780714
-0.0558311
0.062123
-0.0278616
-0.00688799
0.043973
-0.0671677
0.0357392
0.00733559
-0.0464217
0.0624909
-0.0298823
-0.00623515
0.0427088
-0.0741884
0.0313921
0.00433559
-0.0458311
0.061351
-0.0384575
0.00386851
0.0440145
-0.0708412
0.0330657
0.00500917
