1.96016
0.0591549
0.050208
-0.0537355
0.0217877
0.0314983
-0.0553627
0.0533995
-0.0184139
-0.0163627
0.048006
-0.0615542
0.0232385
0.026721
-0.0545855
0.0544979
-0.00518588
-0.024057
0.0479023
-0.0587355
0.0128706
0.0207003
-0.0533627
0.0576844
-0.0130046
-0.0199948
0.0455759
-0.0568391
0.0248706
0.0291097
-0.0572591
0.0498865
-0.0102895
-0.0187306
0.0493324
-0.0611863
0.0186064
0.0213324
-0.0519741
0.0579279
-0.00824808
-0.0200778
0.0525966
-0.0557562
0.0191763
0.0257832
-0.057342
0.0585393
-0.00485946
-0.0201192
0.0572495
-0.0575904
0.0119483
0.0358869
-0.0632176
0.0513113
0.00132713
-0.0308135
0.0525137
-0.0536318
0.0150519
0.0298662
-0.0610156
0.0552129
-0.0095123
-0.0257928
0.0512702
-0.0600412
0.0167048
0.0344983
-0.0598704
0.0490678
-0.00542938
-0.0284871
0.050291
-0.0607562
0.0180934
0.0311511
-0.0592591
0.0540885
-0.0027558
-0.0287721
0.0524723
-0.0519168
0.0143369
0.034519
-0.0589326
0.0514979
-0.00883873
-0.0267721
0.0502288
-0.0603054
0.012969
0.036519
-0.0601969
0.0483942
-0.00608222
-0.0304871
0.0525344
-0.0553054
0.0140519
0.029519
-0.060342
0.0548865
-0.00822734
-0.0224042
0.0502495
-0.0590412
0.0167255
0.033804
-0.0552591
0.0512336
-0.00996312
-0.0170778
0.054291
-0.0593676
0.0163783
0.034804
-0.0545855
0.0548243
-0.00516515
-0.0244249
0.0489438
-0.057492
0.0212385
0.0240682
-0.0576062
0.0518657
-0.00824808
-0.0204042
