2.06074
0.0613267
0.0483265
-0.0640109
0.0245383
0.022368
-0.053208
0.0562123
-0.0266893
-0.00638932
0.0474095
-0.0684409
0.0252948
0.016653
-0.0561666
0.0576993
-0.0165027
-0.0114515
0.050368
-0.0627466
0.0260099
0.0136322
-0.0535759
0.058233
-0.0276686
-0.00938932
0.0453887
-0.0668088
0.0283363
0.0176115
-0.0511666
0.0571501
-0.0245857
-0.0111251
0.0474509
-0.067871
0.0290928
0.0112436
-0.0502495
0.0648444
-0.0189328
-0.00673648
0.0487359
-0.0635031
0.0330306
0.0186322
-0.0498816
0.0647822
-0.016197
-0.00714583
0.0544302
-0.0657259
0.028844
0.0254509
-0.0588609
0.0580257
-0.018767
-0.016208
0.0527359
-0.0643995
0.0262741
0.0176944
-0.0552495
0.0588652
-0.0256271
-0.00845152
0.0504302
-0.0674409
0.0305383
0.026083
-0.0555137
0.0574143
-0.0211763
-0.0128401
0.0524095
-0.0634409
0.0325798
0.0247359
-0.0545344
0.0630257
-0.0147462
-0.016493
0.0503473
-0.0646637
0.023844
0.0233887
-0.0548609
0.0564765
-0.0239328
-0.00912509
0.0504302
-0.0680938
0.0269062
0.0200623
-0.0575552
0.0581087
-0.0254613
-0.020208
0.0493887
-0.0644409
0.028642
0.0176737
-0.0522702
0.0628859
-0.0233007
-0.00773648
0.0480623
-0.0670938
0.0275798
0.0230001
-0.0495344
0.0572538
-0.0274044
-0.00271574
0.0491038
-0.067156
0.0309684
0.0210001
-0.0508816
0.0621501
-0.0186064
-0.00638932
0.0464302
-0.0694824
0.027642
0.0183058
-0.0531666
0.0567822
-0.0209328
-0.00808363
