0.904879
0.0617332
0.0433935
-0.00038329
-0.0386898
0.0579017
-0.0409744
0.0198078
0.0395029
-0.0673788
0.0455801
-0.0108341
-0.0367105
0.060596
-0.0448914
0.0127041
0.0438086
-0.0672337
0.0390878
-0.00444549
-0.036037
0.0586374
-0.0450158
0.0191549
0.0404407
-0.065928
0.0408029
-0.00613979
-0.0360162
0.0605545
-0.0408914
0.0140927
0.040135
-0.0682752
0.0365387
-0.0132227
-0.0353427
0.0579431
-0.0430158
0.0201756
0.0394407
-0.0633374
0.0511293
0.00257525
-0.0329955
0.0605752
-0.0415857
0.0190305
0.0459122
-0.0726223
0.044637
0.00406752
-0.0430784
0.0634716
-0.0396841
0.00325329
0.0448293
-0.0708451
0.0389013
0.00408826
-0.044752
0.0585545
-0.0458292
0.00766264
0.0424822
-0.0708658
0.0382899
0.00135248
-0.043037
0.0624094
-0.035337
0.00494759
0.0435029
-0.0695809
0.0416785
5.32811e-06
-0.0436898
0.0574716
-0.0411142
0.00733621
0.0434407
-0.0681508
0.0385748
0.00406752
-0.0443841
0.0601244
-0.0387463
0.00633621
0.041135
-0.0689073
0.0403728
-0.00432109
-0.0470577
0.0587773
-0.0397256
0.00529475
0.0438086
-0.065928
0.0453728
0.00165817
-0.0413427
0.0555338
-0.0425857
0.0157456
0.0424822
-0.0705394
0.0370049
-0.00236256
-0.042037
0.0565545
-0.0452178
0.0110513
0.041135
-0.0640109
0.0508029
-0.00038329
-0.0393427
0.0594923
-0.0375235
0.0147456
0.0424614
-0.0649487
0.0424972
-0.00779264
-0.0370577
0.0625752
-0.0425235
0.0113777
0.0431143
-0.0655601
