2.76457
0.0614788
0.0296275
-0.0565184
0.0511816
-0.0208546
-0.0206635
0.052871
-0.0568343
0.0324921
0.0232596
-0.0572335
0.0506117
-0.0272639
-0.01999
0.0545031
-0.0560778
0.0297149
0.0273426
-0.0602542
0.046021
-0.034694
-0.0186428
0.0515653
-0.0592022
0.0344714
0.0266068
-0.0568656
0.0495702
-0.0239375
-0.0169692
0.0535446
-0.0597721
0.0277356
0.0272596
-0.0535599
0.0483889
-0.0340619
-0.0169278
0.0515031
-0.0567928
0.0281657
0.0198918
-0.0562542
0.0519796
-0.026979
-0.0156428
0.0542389
-0.0575286
0.0400413
0.0331198
-0.0668863
0.052995
-0.0132587
-0.0318087
0.0607674
-0.0509119
0.0262226
0.0357519
-0.062192
0.048793
-0.0211188
-0.0240729
0.0562182
-0.060057
0.0279584
0.032384
-0.0628448
0.0526686
-0.012953
-0.0307672
0.0577674
-0.0529326
0.0229584
0.0280369
-0.062907
0.052793
-0.0187509
-0.0257257
0.0590938
-0.0522383
0.0238962
0.0347105
-0.0598448
0.0517515
-0.0157509
-0.0230522
0.055871
-0.059057
0.0289584
0.0340369
-0.0621298
0.0463836
-0.0180774
-0.0257257
0.0564824
-0.0573005
0.0213056
0.0283011
-0.0591713
0.0501194
-0.0187924
-0.0233579
0.0554824
-0.0560156
0.0295905
0.0364048
-0.0631298
0.0486478
-0.010383
-0.0230107
0.0535031
-0.0574042
0.0286942
0.0289954
-0.0621505
0.0503422
-0.013668
-0.0277465
0.0577881
-0.051342
0.0290206
0.0313011
-0.0571505
0.0471816
-0.0245282
-0.021705
0.058156
-0.0549948
0.0276113
