3.66943
0.0614494
-0.0195152
-0.0161169
0.0443348
-0.0658006
0.0276295
0.0179462
-0.0489356
0.0609356
-0.0293754
-0.00842254
0.0493348
-0.0650441
0.0235466
0.0196612
-0.0548734
0.0580754
-0.0208831
-0.0115055
0.0484592
-0.0682514
0.0317332
0.0145575
-0.0482412
0.061547
-0.0250075
-0.00774897
0.046397
-0.0671892
0.0306502
0.0176405
-0.0548734
0.0541584
-0.0237433
-0.00105466
0.048112
-0.0675778
0.030101
0.0105368
-0.0505677
0.0559356
-0.0343754
-0.011464
0.0480498
-0.0648421
0.0303445
0.0130084
-0.0560185
0.0668319
-0.0287172
-0.0293034
0.0535783
-0.0641217
0.0152149
0.0348478
-0.0621169
0.0561116
-0.0095514
-0.0269563
0.0522933
-0.0635933
0.02236
0.031112
-0.0594433
0.0571323
-0.00957213
-0.026262
0.0545368
-0.0594481
0.0169299
0.0344592
-0.058749
0.0528474
-0.0143286
-0.0232412
0.0532519
-0.0612047
0.0200128
0.0304384
-0.0594433
0.0564795
-0.0105929
-0.0246091
0.0539462
-0.061899
0.0226657
0.0321535
-0.0595055
0.0579096
-0.0136965
-0.0208734
0.0522519
-0.0612254
0.0226657
0.0337856
-0.0607075
0.0445624
-0.0224323
-0.0209148
0.0546197
-0.059614
0.0231372
0.023397
-0.0585262
0.0605832
-0.0136551
-0.0238941
0.0492933
-0.0630026
0.0251372
0.0280084
-0.0504847
0.0564226
-0.0258416
-0.0198526
0.0502726
-0.062614
0.0217693
0.0263762
-0.0545055
0.0557283
-0.0212303
-0.0127904
0.0476819
-0.0644534
0.0286088
0.0196405
-0.0531998
0.0574433
