1.60635
0.057934
0.0466709
-0.0392982
-0.000625063
0.0417022
-0.0564799
0.0474323
0.0056347
-0.0355267
0.0515725
-0.0504434
8.99782e-05
0.038355
-0.0591328
0.0463701
0.00900259
-0.0378116
0.0481632
-0.0461169
0.0024786
0.03764
-0.0535007
0.0508001
0.00759324
-0.0337702
0.0484896
-0.0457698
0.00213144
0.03864
-0.0577234
0.0400436
0.0036347
-0.0398116
0.0425725
-0.0535677
0.00484648
0.0353343
-0.0578478
0.0487794
0.00694039
-0.0344645
0.048531
-0.0474848
0.00382575
0.0379664
-0.0544592
0.0513493
0.0133912
-0.037506
0.0511632
-0.047034
0.00131274
0.0457851
-0.0634177
0.0442249
0.0157798
-0.0395267
0.0537745
-0.0409925
4.85146e-05
0.0407229
-0.0581742
0.0477794
0.00365543
-0.0388738
0.0521839
-0.0473812
0.0016599
0.045438
-0.0611121
0.0443286
0.00839121
-0.0408738
0.0485518
-0.0485055
0.00678429
0.0410493
-0.0581535
0.0493701
0.00971763
-0.0385474
0.052531
-0.0457698
0.00408998
0.0410493
-0.0578271
0.0444945
-0.000427492
-0.0345474
0.0522875
-0.051832
0.00376356
0.0407022
-0.0561742
0.0474945
-0.00069172
-0.0402417
0.0509197
-0.0485263
0.00617291
0.0357022
-0.0559515
0.0539245
0.00218389
-0.0301381
0.0466762
-0.0576092
0.00680502
0.0377436
-0.0582779
0.0502717
-0.00151042
-0.0301588
0.0496554
-0.0529356
0.00819364
0.0366815
-0.05491
0.0528831
0.00518389
-0.0261588
0.0477798
-0.0574694
0.0153595
0.02964
-0.0562779
0.0512924
-0.00185757
-0.0298116
