3.217
0.0621627
0.0131297
-0.0412183
0.0531659
-0.0440313
0.00205124
0.0404614
-0.0615601
0.0501293
0.00500532
-0.0368919
0.0549017
-0.0473992
0.00531547
0.0481765
-0.0631301
0.0463106
0.0107826
-0.0386276
0.0527204
-0.0562386
0.00776628
0.041135
-0.0625394
0.0507199
0.0113732
-0.0335654
0.0559639
-0.0494614
0.00572482
0.0421557
-0.0645187
0.0467199
0.00867889
-0.0338919
0.0516996
-0.0568707
0.0040927
0.04042
-0.0601715
0.0467821
0.00333174
-0.037239
0.0562281
-0.0453992
0.00503051
0.0421972
-0.0629695
0.0603728
0.0119277
-0.0506484
0.0528395
-0.0505805
-0.00680892
0.0465443
-0.0668244
0.047922
0.0122334
-0.0486276
0.0508809
-0.0503784
0.002274
0.0455858
-0.0705187
0.0465956
0.0131712
-0.0432597
0.0564716
-0.0448862
-0.00544104
0.0465029
-0.066415
0.0435334
0.0138862
-0.0453012
0.0552073
-0.0496219
-0.00442031
0.0458293
-0.0660886
0.0451862
0.0162334
-0.047239
0.0517773
-0.045254
-0.00374673
0.0445236
-0.0668244
0.045637
0.0104561
-0.0428919
0.0505338
-0.0506841
-0.00137884
0.0441765
-0.0668036
0.0410256
0.00339393
-0.0429126
0.0502488
-0.051767
7.19721e-05
0.036135
-0.0662337
0.0526577
0.0134976
-0.0451975
0.0474923
-0.0470727
0.00272482
0.0407878
-0.0621923
0.0467821
0.00235247
-0.040239
0.0551866
-0.0472955
-0.00468453
0.0398086
-0.0629073
0.0498029
0.00531101
-0.0338919
0.0516996
-0.0565443
0.00476628
0.0378086
-0.0642545
0.0504557
