-0.653512
0.0638777
-0.0413472
0.0612857
-0.0424452
0.0107617
0.0409077
-0.0682797
0.0416378
-0.01345
-0.0360208
0.0610837
-0.0515281
0.0100882
0.0412341
-0.0711968
0.0404304
-0.00228418
-0.0397151
0.0600837
-0.0479582
0.0188447
0.0431926
-0.0642175
0.0415963
-0.0114086
-0.0386736
0.0593687
-0.0475488
0.0134768
0.0424983
-0.0638496
0.0415341
-0.00704069
-0.0373472
0.0571252
-0.0510411
0.0212333
0.0401926
-0.0659118
0.0419435
-0.00914435
-0.0313057
0.0587987
-0.0542846
0.0144561
0.0412548
-0.0709118
0.0379227
-0.01702
-0.0506529
0.0620162
-0.0350305
-0.00754924
0.0532341
-0.0729066
0.0300158
0.0130268
-0.0547151
0.0627105
-0.0314813
0.00190158
0.0489492
-0.073746
0.0375288
0.00694387
-0.0530415
0.0627313
-0.037072
-0.00685493
0.0515605
-0.0693366
0.037793
0.0126382
-0.0487358
0.0658142
-0.0388078
-0.00348704
0.0509077
-0.073948
0.0310573
0.0119853
-0.0526944
0.0627105
-0.0334399
-0.00279273
0.0495605
-0.0690517
0.0385495
0.00724956
-0.0510208
0.064037
-0.0333984
-0.0035285
0.055887
-0.0659687
0.0381195
0.0139646
-0.0513057
0.059037
-0.0348078
-0.00111915
0.0502341
-0.0697045
0.0365495
0.00557598
-0.0520208
0.0620577
-0.0360927
-0.00711915
0.0465191
-0.0647874
0.041389
0.000430857
-0.044
0.0651199
-0.0355021
-0.000424845
0.0479077
-0.0713988
0.035591
0.00416663
-0.0453679
0.0612443
-0.0410565
0.0106788
0.0485813
-0.0700931
0.0373061
0.0021459
