1.05571
0.0636117
0.0446887
-0.0127878
-0.0339906
0.0558911
-0.0548089
0.0230407
0.0305285
-0.0654154
0.0469167
-0.0272386
-0.0363378
0.0561968
-0.0553995
0.0215691
0.0408964
-0.0646174
0.0450358
-0.0141142
-0.0356642
0.0539118
-0.0578296
0.0226935
0.0321814
-0.0660061
0.0451187
-0.0175443
-0.0309699
0.0588496
-0.0549902
0.0145691
0.0342228
-0.0663739
0.0435488
-0.0239743
-0.0289491
0.0559118
-0.0555032
0.0253671
0.0328757
-0.0653947
0.0511187
-0.0125235
-0.0305813
0.0531968
-0.0561146
0.0255691
0.0396736
-0.0723739
0.0476679
-0.0103991
-0.0320943
0.0675647
-0.0513166
0.0221391
0.0463265
-0.0640475
0.0534037
-0.0100934
-0.0294207
0.0643419
-0.0555239
0.02802
0.0368757
-0.0610683
0.0551395
-0.0118292
-0.029317
0.0615232
-0.0523374
0.0202013
0.0415907
-0.0620475
0.0521395
-0.0138499
-0.0283378
0.063544
-0.0500524
0.0252427
0.0425907
-0.0639853
0.0500151
-0.00809344
-0.0303585
0.0638704
-0.048726
0.0229992
0.0345285
-0.0617418
0.0522017
-0.0188707
-0.0316642
0.059544
-0.0517674
0.0253049
0.0356114
-0.0648248
0.0575281
-0.0131971
-0.027317
0.0589533
-0.0525861
0.0344086
0.0372228
-0.0623947
0.0502017
-0.0182593
-0.0269699
0.0576269
-0.0571975
0.024735
0.0340984
-0.0507833
0.0619789
-0.0188914
-0.0306435
0.0591968
-0.0491353
0.0283671
0.038487
-0.0550475
0.0506525
-0.0224044
-0.0189284
0.0593419
-0.055954
0.0327765
0.0338549
-0.0601097
