4.22245
0.0593975
-0.0521057
0.0196195
0.0347394
-0.058365
0.046822
-0.0173955
-0.0228988
0.0535114
-0.0545772
0.0260496
0.0320659
-0.0613443
0.048024
-0.0105768
-0.0292667
0.0557342
-0.0481057
0.0210081
0.0310659
-0.0610386
0.0438427
-0.0220691
-0.0262459
0.055102
-0.0494943
0.0243553
0.0333923
-0.0596707
0.0457598
-0.0150069
-0.0265516
0.0524285
-0.0472508
0.0314382
0.0333716
-0.0583236
0.042822
-0.0217219
-0.0282252
0.0504492
-0.0561471
0.017661
0.0316773
-0.0560179
0.0488012
-0.0182919
-0.0296553
0.0587756
-0.0487793
0.0226402
0.0324752
-0.0654065
0.0467598
-0.0159654
-0.0276346
0.0548586
-0.0565358
0.0213553
0.0287602
-0.0621215
0.0462728
-0.0244992
-0.020878
0.0525321
-0.056598
0.0253968
0.029413
-0.0624065
0.0481277
-0.0169862
-0.0272874
0.0522264
-0.0582923
0.0254175
0.0283923
-0.0623858
0.0438427
-0.0230484
-0.0285931
0.0531228
-0.0534943
0.0203553
0.0271073
-0.0657744
0.0455163
-0.019437
-0.0222045
0.0502057
-0.0553545
0.0318061
0.0300451
-0.0590593
0.046537
-0.0194577
-0.019878
0.0486358
-0.0650488
0.0251325
0.0253508
-0.0574687
0.0473764
-0.0318671
-0.0238988
0.052185
-0.053313
0.0294797
0.0267187
-0.0591423
0.0476821
-0.0256028
-0.0161215
0.0442886
-0.065111
0.0298268
0.0270244
-0.0577744
0.0450293
-0.0305821
-0.0205102
0.0456151
-0.0591939
0.0340342
0.0175529
-0.0541008
0.0467236
-0.0296236
-0.0171423
0.0462679
