4.37332
0.0592441
-0.0554152
0.026419
0.0235544
-0.0581822
0.0432535
-0.0290521
-0.0172237
0.0451657
-0.0612131
0.0291755
0.0201657
-0.0568351
0.0481499
-0.020907
-0.0215916
0.0506942
-0.0516794
0.0260304
0.0269222
-0.0578558
0.0419686
-0.0330936
-0.0178765
0.04643
-0.0558245
0.0304812
0.0241657
-0.0541408
0.0465178
-0.0239485
-0.0215709
0.0457564
-0.0528867
0.0355641
0.0231243
-0.05212
0.0422743
-0.0313993
-0.0185501
0.04643
-0.0581095
0.0244605
0.0204922
-0.0558351
0.0426214
-0.03599
-0.022716
0.056145
-0.0580058
0.0262117
0.0350674
-0.0651615
0.0473105
-0.0146997
-0.0277574
0.0590621
-0.05027
0.0255796
0.0333523
-0.0598765
0.0504556
-0.0188448
-0.0226538
0.0547149
-0.0526172
0.0252324
0.0346788
-0.0624465
0.047269
-0.011679
-0.0283896
0.0550621
-0.0526379
0.024621
0.0303109
-0.0618143
0.0470255
-0.018394
-0.0303896
0.0556735
-0.0499021
0.0248645
0.0360466
-0.0634672
0.0453312
-0.0151091
-0.0236952
0.0564092
-0.0506794
0.0296418
0.0323316
-0.0605087
0.0484141
-0.0181505
-0.0213896
0.0565129
-0.0597001
0.0242739
0.0313109
-0.058203
0.0475385
-0.0262542
-0.0216745
0.0560828
-0.051353
0.0289889
0.0316373
-0.0591615
0.0484141
-0.0158656
-0.0196123
0.049145
-0.0591302
0.0306832
0.0312901
-0.0610993
0.0400877
-0.022907
-0.0196745
0.0548186
-0.0511924
0.0368491
0.0248808
-0.0565087
0.0498027
-0.020192
-0.0223274
0.0537564
