2.06074
0.0596522
0.0487055
-0.0602019
0.0239794
0.021462
-0.0544197
0.0578762
-0.0188388
-0.00792746
0.0461148
-0.0653055
0.0270209
0.0211148
-0.0553783
0.0577725
-0.0147144
-0.0129897
0.0490734
-0.0605905
0.0237567
0.0150319
-0.0527254
0.0568762
-0.021471
-0.0103368
0.050462
-0.0636112
0.0253681
0.0213791
-0.0500104
0.0558555
-0.0207974
-0.0113161
0.0461563
-0.065062
0.0278603
0.0119697
-0.0480933
0.0609591
-0.020901
-0.00653885
0.0437469
-0.0603884
0.0334925
0.0167262
-0.051114
0.0619177
-0.0198181
-0.00701039
0.0583791
-0.061321
0.0160156
0.0356071
-0.061601
0.0551351
-0.00272989
-0.0264405
0.0522961
-0.0583417
0.0157929
0.0278713
-0.0606425
0.0529538
-0.0122222
-0.0230519
0.0493169
-0.062036
0.0160986
0.0318506
-0.0608445
0.0471351
-0.00681282
-0.0240726
0.0480319
-0.0641189
0.0211193
0.0341978
-0.0562539
0.0571766
-0.0034242
-0.0257462
0.0506225
-0.0586888
0.0164664
0.0285242
-0.0583161
0.0543217
-0.0129165
-0.0213783
0.049664
-0.0610775
0.01914
0.0315034
-0.0569067
0.0519124
-0.01216
-0.0264405
0.0522961
-0.0560567
0.0198551
0.0261978
-0.0580519
0.0590368
-0.0109579
-0.0170104
0.050664
-0.0613832
0.0158136
0.0284827
-0.0549689
0.0533839
-0.015673
-0.0163575
0.0510319
-0.0620982
0.0185079
0.0275034
-0.0566632
0.0576482
-0.00728437
-0.0149897
0.0460941
-0.065264
0.0236738
0.0207469
-0.0546632
0.0576896
-0.00997867
-0.0149897
