-0.502698
0.0641836
-0.0383541
0.0620768
-0.0458821
0.0155321
0.038248
-0.0656752
0.0471024
-0.0161512
-0.0339862
0.0591597
-0.0529651
0.0155528
0.0375537
-0.0685716
0.0432423
-0.00865895
-0.0410069
0.0577504
-0.0453329
0.0223093
0.0365329
-0.0659394
0.0449988
-0.0101098
-0.0342712
0.0561183
-0.0509858
0.0179207
0.0372065
-0.0659394
0.0472837
-0.00604757
-0.0336598
0.0582012
-0.0530687
0.0216358
0.0355537
-0.0679602
0.045978
-0.00743619
-0.0325976
0.0554862
-0.0549858
0.0162057
0.0379215
-0.0709187
0.0406101
-0.0162911
-0.0516805
0.0627658
-0.036426
-0.00412604
0.0482894
-0.0759964
0.0331333
0.0103049
-0.0503541
0.0624809
-0.0368561
0.00160974
0.0453309
-0.0748358
0.0426463
0.00589552
-0.0486598
0.0611545
-0.0388561
0.00124185
0.0502894
-0.0717114
0.0382162
0.00828414
-0.0483955
0.0648902
-0.0398976
0.00228331
0.0472894
-0.0740586
0.0378691
0.00895772
-0.0493748
0.0631959
-0.039224
0.00391543
0.0493516
-0.0721829
0.0443614
0.0025691
-0.0490691
0.0655431
-0.0388768
0.00160974
0.0472894
-0.0701415
0.0466049
0.0116106
-0.0476598
0.0582374
-0.0426748
0.00701909
0.0433309
-0.0745508
0.0411179
-0.00453456
-0.0454163
0.0672789
-0.0393069
0.00669266
0.0455951
-0.0658773
0.0455272
-0.00296464
-0.039639
0.0626053
-0.0429805
0.00434551
0.0432894
-0.0728358
0.0390971
-0.0022496
-0.0416805
0.0600354
-0.0468199
0.0127756
0.044248
-0.0697943
0.0380971
-0.00357602
