-1.43313
0.0637032
-0.0589689
0.0423628
0.0215965
-0.0495909
0.0483839
-0.0482588
-0.00914009
0.0444152
-0.0634612
0.04814
0.0188815
-0.0466116
0.0566481
-0.038808
-0.00950797
0.0474152
-0.0627462
0.0454457
0.0201872
-0.0429381
0.0524668
-0.0480153
-0.00275147
0.0463945
-0.0617462
0.0441607
0.01484
-0.0472645
0.0539953
-0.0395437
-0.00611936
0.0467209
-0.0565027
0.0526115
0.0154307
-0.041223
0.0497933
-0.0500153
-0.00475147
0.0443945
-0.0630933
0.0425286
0.0117985
-0.0452852
0.0517933
-0.0529116
-0.00991732
0.0527831
-0.0669482
0.0395441
0.0234774
-0.0653267
0.0514615
-0.0362535
-0.0193681
0.0544567
-0.0672539
0.0362176
0.0240473
-0.0559795
0.0529331
-0.0397665
-0.0105909
0.0521303
-0.0660104
0.042627
0.0230473
-0.0589381
0.052788
-0.0336006
-0.0183059
0.0491303
-0.0680311
0.0406685
0.018353
-0.0596324
0.0505445
-0.0413364
-0.0196324
0.0507209
-0.0636011
0.0392591
0.0220681
-0.0596531
0.0522181
-0.0357665
-0.0101816
0.0461095
-0.0660933
0.0473628
0.0213737
-0.0583059
0.0499331
-0.0401551
-0.00591732
0.0531924
-0.0700311
0.038342
0.0186172
-0.0529588
0.0470782
-0.053238
-0.012223
0.0497416
-0.062684
0.0430363
0.0193116
-0.0536531
0.0539746
-0.0378702
-0.0057722
0.0437624
-0.068399
0.0430156
0.0196794
-0.0592645
0.0439538
-0.0471759
-0.0141816
0.0421095
-0.0665027
0.0462022
0.0134929
-0.0482437
0.0493632
-0.046238
-0.0078344
0.0484152
