1.00543
0.0667137
0.0483427
-0.0137659
-0.0370931
0.059198
-0.0538077
0.0255703
0.0392447
-0.0641293
0.0508557
-0.0225638
-0.033746
0.061198
-0.0560512
0.0178345
0.0385711
-0.0700049
0.0426484
-0.0148073
-0.0327874
0.0632602
-0.0535228
0.0276325
0.0372032
-0.0666992
0.0447313
-0.0162374
-0.0287045
0.062198
-0.054072
0.019876
0.0365711
-0.0680878
0.0441614
-0.0226468
-0.0286838
0.0595451
-0.0515435
0.0303268
0.0352447
-0.0678029
0.052752
-0.0125224
-0.0300309
0.0598715
-0.0521756
0.0312231
0.0410219
-0.0741086
0.0590939
0.00426015
-0.0488703
0.0722341
-0.0385744
0.00482925
0.0500841
-0.079922
0.0416223
0.00156584
-0.0488703
0.0666849
-0.0464346
0.0102801
0.0476748
-0.074922
0.0449902
0.00352438
-0.0474403
0.0658662
-0.0405951
0.00450282
0.0520219
-0.0729012
0.0433581
-0.000822776
-0.049461
0.0655398
-0.0396366
0.00689144
0.0503276
-0.074839
0.042213
0.00728088
-0.0504817
0.0668662
-0.0392687
0.00389144
0.0476541
-0.0735748
0.0420524
-0.00286424
-0.0471346
0.0662549
-0.0423309
0.00689144
0.0513069
-0.0659634
0.0521146
-0.000496353
-0.0465025
0.0653585
-0.046476
0.0129744
0.0476748
-0.0752484
0.0436638
0.00217722
-0.0467874
0.0636228
-0.043761
0.00966868
0.0442862
-0.0690049
0.0521353
-0.00216993
-0.0481553
0.0679077
-0.0373724
0.0103423
0.0439597
-0.0686992
0.0473012
-0.0127244
-0.0387874
0.0660736
-0.046559
0.0167309
0.0449597
-0.070637
