0.552969
0.0596039
0.0225235
0.0273946
-0.051057
0.0554409
-0.0175383
-0.00962695
0.0423946
-0.0660879
0.0280572
0.0169853
-0.0520985
0.0577881
-0.0207818
-0.0164042
0.0486796
-0.0632485
0.0196064
0.0193324
-0.0494664
0.0582389
-0.0223156
-0.00525906
0.043721
-0.0660465
0.0243836
0.0162702
-0.0497306
0.0554824
-0.0218647
-0.0129948
0.0446796
-0.0646371
0.0193629
0.0132702
-0.0488135
0.0608918
-0.0209269
-0.00860621
0.044006
-0.0610465
0.0290572
0.0183117
-0.0510778
0.0558088
-0.0202119
-0.0080363
0.045519
-0.0760672
0.0245442
0.0244568
-0.0564664
0.0616844
-0.0133103
-0.0197928
0.0483946
-0.0666164
0.0235235
0.0254568
-0.0554664
0.0587674
-0.0174554
-0.0124042
0.0494153
-0.0656578
0.0272178
0.0271097
-0.0567099
0.0572544
-0.00961596
-0.0191192
0.0493739
-0.0626371
0.0278913
0.0267832
-0.0557513
0.0586637
-0.0139838
-0.0197928
0.0516588
-0.0628184
0.0197462
0.0314775
-0.0563627
0.0556015
-0.0116367
-0.0191192
0.0506796
-0.0628806
0.0208499
0.0247625
-0.0583627
0.0552336
-0.0102688
-0.0217721
0.0476588
-0.0609428
0.0265649
0.0257625
-0.0573627
0.0519901
-0.0147611
-0.013057
0.0497003
-0.0668599
0.0177877
0.0284153
-0.0536891
0.0546637
-0.0140668
-0.0153835
0.048006
-0.0593314
0.0309535
0.0250889
-0.0563835
0.0572751
-0.00965743
-0.0187099
0.044006
-0.0646371
0.02328
0.0207003
-0.0540778
0.0563995
-0.0180875
-0.0160778
0.0487003
-0.0619843
