2.06074
0.0634449
0.0475972
-0.0680873
0.020094
0.0192915
-0.0566524
0.055768
-0.0287036
-0.0102638
0.0517216
-0.071191
0.0257883
0.0209859
-0.0592845
0.0585814
-0.0171698
-0.0179373
0.049618
-0.0651495
0.0238712
0.0155558
-0.0523467
0.0608094
-0.0277036
-0.0115487
0.0493123
-0.066191
0.0288297
0.0229237
-0.0522638
0.058685
-0.020315
-0.00954871
0.0473952
-0.0722739
0.0259334
0.0118822
-0.0550203
0.0597887
-0.0257243
-0.00820155
0.0506594
-0.0645589
0.0312184
0.018618
-0.054041
0.0647472
-0.0219471
-0.00932595
0.0610066
-0.0669837
0.0218659
0.0348046
-0.0619166
0.0591098
-0.0103511
-0.0203881
0.0569859
-0.0650666
0.0253375
0.0300273
-0.0526524
0.0627058
-0.0215792
-0.0129788
0.0569859
-0.0663723
0.0242753
0.0317631
-0.0599373
0.0591928
-0.0147605
-0.0190203
0.0546594
-0.0667609
0.0269903
0.0310688
-0.0579373
0.0624985
-0.0116983
-0.0226731
0.0529237
-0.0646987
0.0239696
0.0313745
-0.0559166
0.058255
-0.0168641
-0.0152638
0.0503123
-0.0687816
0.0250318
0.0270273
-0.0582638
0.057255
-0.0211284
-0.0200617
0.0592915
-0.0607194
0.0263789
0.0260481
-0.0570203
0.0639907
-0.0168849
-0.0103259
0.0596802
-0.0670251
0.0222753
0.0310688
-0.0576109
0.0553379
-0.0229678
-0.0102845
0.0576387
-0.0646987
0.0239696
0.0320273
-0.0529373
0.0622757
-0.0142113
-0.0109373
0.0523745
-0.0678853
0.0301562
0.0229651
-0.0536524
0.0643172
-0.0162113
-0.0126109
