3.51861
0.0653578
-0.0123176
-0.0216188
0.0523666
-0.067033
0.0247597
0.0238174
-0.060681
0.0624544
-0.0238513
-0.0159037
0.0530402
-0.0680123
0.0246975
0.0298174
-0.0599037
0.0619207
-0.0130119
-0.0196188
0.0514288
-0.0697895
0.0268426
0.0217345
-0.0592509
0.0596772
-0.0184627
-0.0178623
0.0486723
-0.0670537
0.0277389
0.0301231
-0.0575566
0.0603093
-0.0151155
-0.0142302
0.0511024
-0.0714424
0.0244954
0.0210609
-0.0585981
0.0587394
-0.0267684
-0.0229867
0.0543666
-0.0663387
0.0234125
0.0228381
-0.0627017
0.0712678
-0.012846
-0.0294168
0.0563873
-0.071235
0.0178788
0.0316154
-0.0676395
0.063532
-0.0102554
-0.0233338
0.0530816
-0.0697273
0.0270446
0.0285325
-0.0636188
0.0632471
-0.0129704
-0.0232924
0.0536516
-0.0665822
0.0212674
0.0319003
-0.0672094
0.0542056
-0.0163383
-0.0229659
0.0533459
-0.0672972
0.0233089
0.0308796
-0.0655566
0.0601434
-0.0102139
-0.0270074
0.0543251
-0.0646237
0.0236767
0.0298381
-0.0609245
0.0599829
-0.0170948
-0.0172509
0.0553251
-0.0636237
0.0276146
0.0362475
-0.0651887
0.0502885
-0.0234419
-0.0215981
0.0513459
-0.0657066
0.0261068
0.0231646
-0.0636602
0.0662678
-0.0122968
-0.0239452
0.0506723
-0.0640745
0.030454
0.0261646
-0.0603338
0.058843
-0.0305663
-0.0172509
0.0527138
-0.0683594
0.0237389
0.0241646
-0.0633131
0.0603715
-0.019157
-0.0152094
0.0503873
-0.0700537
0.0244125
0.0254703
-0.0599659
0.0623715
