-0.351887
0.0631689
-0.0255324
0.0553908
-0.0562315
0.030929
0.0294945
-0.0556722
0.0449087
-0.0375006
-0.0194702
0.0544116
-0.0569466
0.034929
0.0308831
-0.060325
0.04609
-0.0280291
-0.0215116
0.0560851
-0.0530088
0.0390534
0.027453
-0.0536722
0.0495201
-0.0297856
-0.0174494
0.0553908
-0.0559051
0.031929
0.0288624
-0.0599986
0.0477429
-0.0260084
-0.0221645
0.0531059
-0.0567031
0.0383798
0.0277794
-0.0539779
0.0481522
-0.028112
-0.0151437
0.0561473
-0.0609673
0.0319498
0.0284945
-0.0569986
0.0471522
-0.0343348
-0.0262681
0.0613908
-0.0580657
0.0246803
0.0360697
-0.0700608
0.0486392
-0.0225161
-0.0286153
0.0587587
-0.0585165
0.0304575
0.0336811
-0.0657551
0.05009
-0.0299047
-0.0302889
0.0597173
-0.0584128
0.0240481
0.0356603
-0.0659986
0.0479449
-0.0205161
-0.0275945
0.0577587
-0.0621279
0.0243953
0.0336811
-0.0693458
0.0465977
-0.0205161
-0.0275945
0.0593908
-0.0581071
0.0247632
0.0319868
-0.0644287
0.0517636
-0.0259669
-0.0235531
0.0600437
-0.0551279
0.0274782
0.0319453
-0.0627137
0.0533335
-0.016599
-0.0204909
0.0560644
-0.0578636
0.0285404
0.0292303
-0.0610401
0.0471522
-0.035314
-0.0289417
0.058738
-0.0574958
0.0245611
0.0258416
-0.0583872
0.0498465
-0.0304177
-0.0198173
0.0567173
-0.0565165
0.0301725
0.0319453
-0.0617344
0.0475201
-0.032112
-0.0194702
0.0508209
-0.062071
0.0386648
0.0288624
-0.0583665
0.0475201
-0.0334177
