1.90987
0.0598726
0.0515766
-0.0550405
0.0204412
0.0328461
-0.0562999
0.0529701
-0.0132889
-0.0203828
0.0486595
-0.0621234
0.0185034
0.0274575
-0.057932
0.0538457
-0.00714377
-0.0270771
0.0485766
-0.0583669
0.0144826
0.0248046
-0.0583413
0.0566022
-0.00890027
-0.0226885
0.0465973
-0.060082
0.0191148
0.0318253
-0.0572584
0.05254
-0.00918523
-0.0254035
0.0450066
-0.0638592
0.0199127
0.0224367
-0.0583206
0.055255
-0.00890027
-0.0210564
0.0515973
-0.0554084
0.0214826
0.0311518
-0.0572584
0.0551514
-0.00575515
-0.0284657
0.0548615
-0.0558539
0.010581
0.0385818
-0.0618698
0.0523327
0.00167493
-0.0304657
0.0541672
-0.0522218
0.0139904
0.0355611
-0.059932
0.054457
-0.00440799
-0.0274865
0.0565558
-0.0562011
0.0125603
0.0422554
-0.0611548
0.0496383
0.000369243
-0.0318543
0.0539237
-0.0566519
0.0180111
0.0375611
-0.0605434
0.0543327
0.00367493
-0.0297714
0.0515144
-0.0542633
0.0159904
0.0391932
-0.0565226
0.0494778
-0.00879661
-0.0277921
0.0519237
-0.060284
0.0116639
0.0348461
-0.0598491
0.0467835
-0.011408
-0.0318751
0.054618
-0.0570198
0.0174205
0.0321725
-0.0549942
0.0605607
-0.00481734
-0.02473
0.0512087
-0.056284
0.0137054
0.0344782
-0.0542377
0.0522343
-0.0102267
-0.0224035
0.0509444
-0.0596934
0.0160733
0.0331518
-0.0562377
0.0538249
-0.00383808
-0.0227092
0.0479444
-0.0587763
0.0214826
0.0311518
-0.0588905
0.0511306
-0.00383808
-0.0227092
