-1.20658
0.0614468
-0.0596426
0.0526273
-0.0145487
-0.0244406
0.0480732
-0.0638963
0.0236114
0.0231354
-0.0576841
0.0550367
-0.018243
-0.0260934
0.0476846
-0.0644455
0.0174871
0.0278297
-0.0563369
0.0553631
-0.0126731
-0.0137048
0.0504411
-0.0648963
0.0226114
0.0224619
-0.0567048
0.0557517
-0.0189788
-0.022052
0.0489903
-0.0584869
0.02357
0.026809
-0.0537048
0.0558139
-0.0200824
-0.0156634
0.0470525
-0.0651812
0.0205493
0.025809
-0.0589483
0.0476895
-0.0203259
-0.0217255
0.0477054
-0.0657926
0.0191192
0.0302184
-0.0642333
0.0540106
-0.001217
-0.0395235
0.0518452
-0.0568288
0.0095647
0.0366692
-0.0672747
0.0527257
-0.00134139
-0.0291556
0.0519903
-0.061689
0.0176891
0.0362598
-0.061254
0.0550936
-0.0039735
-0.0335235
0.0526224
-0.0603003
0.0149948
0.0352806
-0.0629483
0.0528293
-0.00970928
-0.0331764
0.0519489
-0.0619325
0.0129326
0.0392806
-0.0628654
0.0513578
-0.000973504
-0.0305235
0.0536639
-0.0590568
0.0200984
0.0312598
-0.0629898
0.0565029
-0.00670928
-0.0318085
0.0522338
-0.0539946
0.0236684
0.0416484
-0.0609276
0.0521765
-0.00811863
-0.0264613
0.0497054
-0.0650983
0.017772
0.0298919
-0.061969
0.0568086
-0.0040357
-0.0298085
0.0506432
-0.0580983
0.0211814
0.0262184
-0.0639898
0.0538708
-0.00911863
-0.0297463
0.0456224
-0.0617512
0.0174871
0.0275033
-0.0557048
0.0564253
-0.0170203
-0.0167048
0.0503789
-0.0631398
0.0192021
0.0251562
