-0.754056
0.0643313
-0.0444801
0.0617228
-0.0397801
0.00550449
0.0464484
-0.0689825
0.0367069
-0.0118057
-0.0448479
0.0611321
-0.0435366
0.00854596
0.0470805
-0.0698788
0.0351732
0.001298
-0.0434801
0.059785
-0.0412516
0.0119553
0.0427541
-0.0706353
0.037624
-0.00378493
-0.0417858
0.0594378
-0.0438423
0.00489311
0.0433862
-0.0698996
0.0348882
-0.00206989
-0.0431536
0.0585
-0.0452931
0.010976
0.0413862
-0.0709203
0.0342561
-0.00215282
-0.0390707
0.056785
-0.0462101
0.00687238
0.0454277
-0.0712467
0.0348882
-0.00566054
-0.0508894
0.0640285
-0.0400028
0.000380101
0.0514899
-0.0735317
0.0357224
0.00481101
-0.0522573
0.0630907
-0.0408008
0.00846303
0.0498578
-0.0720032
0.0432147
0.00236019
-0.0461951
0.0647228
-0.0410236
0.000727256
0.052122
-0.0711638
0.0366809
0.00948458
-0.0492366
0.0644171
-0.0417386
0.00342156
0.049837
-0.0755524
0.0367016
0.00813743
-0.0508687
0.0643134
-0.0350028
0.00407441
0.0511842
-0.0709825
0.0441732
0.0060545
-0.0468272
0.0649663
-0.0333292
0.0034423
0.0504484
-0.0698788
0.0413752
0.0134431
-0.0454801
0.0613756
-0.0397593
0.00448376
0.0467956
-0.0706353
0.0408882
0.000339462
-0.0452158
0.0683756
-0.0379821
-0.000599167
0.0494691
-0.0689618
0.0402561
-0.000722734
-0.0428272
0.0647228
-0.039065
0.00476872
0.049837
-0.0745731
0.0325203
-0.00204916
-0.0428687
0.0615415
-0.0469459
0.0115667
0.0487334
-0.066226
0.0385411
0.001298
