-0.653512
0.0635462
-0.0450694
0.0612785
-0.0437788
0.00808097
0.039859
-0.0656341
0.0452834
-0.0114158
-0.0383751
0.06332
-0.0431674
0.0121224
0.0401854
-0.0695304
0.0414025
-0.000291381
-0.0393751
0.0639521
-0.0368824
0.020511
0.0415533
-0.0695719
0.0405062
-0.00802715
-0.0400487
0.0629728
-0.0434731
0.0104281
0.0421647
-0.0648776
0.0438119
-0.00431211
-0.0426808
0.0556672
-0.0453125
0.0195525
0.0391647
-0.0668983
0.0415269
-0.00511008
-0.0319865
0.0626879
-0.0452089
0.0157545
0.0442476
-0.0705511
0.0378326
-0.0139442
-0.0560072
0.0619054
-0.0302812
-0.0109243
0.0525533
-0.074893
0.0292521
0.0174082
-0.0573751
0.061294
-0.0313849
-0.00616782
0.0492062
-0.0713438
0.0373972
0.0149989
-0.0540072
0.0625997
-0.031302
-0.0131885
0.0474704
-0.0722194
0.0302728
0.0183667
-0.0536808
0.0613147
-0.0343641
-0.0114942
0.0454911
-0.0765459
0.0265785
0.0180196
-0.0546394
0.0625167
-0.0242812
-0.00949424
0.0487968
-0.0689137
0.0317029
0.0129781
-0.0553129
0.0605582
-0.0286491
-0.00984139
0.0484911
-0.0712609
0.0342936
0.0206932
-0.0545979
0.0575375
-0.0267113
-0.00412635
0.0481854
-0.0716495
0.0347237
0.0126724
-0.0550487
0.0659261
-0.0263227
-0.00879993
0.046144
-0.0693231
0.0325009
0.00358951
-0.0567016
0.0622733
-0.030017
-0.00882066
0.0468383
-0.0745873
0.0253972
0.00887447
-0.0489865
0.062009
-0.0317942
-0.00373773
0.0461233
-0.0709137
0.0280708
0.00891594
