4.42363
0.0623668
-0.0614107
0.0325893
0.0257247
-0.0564212
0.0451597
-0.0342912
-0.0144834
0.0497454
-0.0624936
0.0382836
0.0270926
-0.0567891
0.050771
-0.0285139
-0.0171985
0.0543568
-0.0573899
0.0339365
0.0270304
-0.0511156
0.0512011
-0.032944
-0.014157
0.0517247
-0.0597993
0.0366515
0.0253568
-0.0530948
0.051771
-0.0278403
-0.0175249
0.0533568
-0.0551257
0.0373873
0.0216418
-0.0520948
0.0485275
-0.0346176
-0.0161363
0.0467454
-0.0667993
0.0306308
0.020704
-0.0564834
0.049854
-0.0362082
-0.017955
0.0597454
-0.0648977
0.0246462
0.034932
-0.0680741
0.0475015
-0.0198765
-0.0323229
0.0533154
-0.0618977
0.0260141
0.032932
-0.0671363
0.0499316
-0.0216538
-0.0256078
0.0562946
-0.0585298
0.026667
0.0365641
-0.0650326
0.0494393
-0.0122029
-0.026955
0.0559682
-0.0588769
0.0244027
0.0295227
-0.0673798
0.0445223
-0.022918
-0.0309965
0.0595588
-0.0527733
0.023667
0.0335641
-0.0660741
0.0481958
-0.0173066
-0.0245664
0.0546003
-0.0555712
0.0297499
0.0338491
-0.0627062
0.0481958
-0.017633
-0.0249135
0.0513568
-0.0649599
0.0260763
0.0308491
-0.0637477
0.0446674
-0.0297367
-0.0259343
0.0552946
-0.0569184
0.029097
0.030217
-0.0667684
0.0456259
-0.0240838
-0.0205664
0.0533775
-0.0626749
0.0317706
0.0341755
-0.0617062
0.0442995
-0.0267367
-0.0255456
0.0463775
-0.0644521
0.0332629
0.0253983
-0.0574212
0.0510145
-0.0237574
-0.0218513
0.0499889
