1.60635
0.0625284
0.0472211
-0.0496082
-0.00195576
0.0445166
-0.0581163
0.0508373
0.00710197
-0.0381424
0.0503455
-0.0540383
0.00206497
0.0452109
-0.063707
0.0463243
0.0135735
-0.0444895
0.0505682
-0.0472818
-0.00221999
0.037843
-0.0637899
0.0510601
0.0128792
-0.0428159
0.0499361
-0.0499761
-0.000587878
0.042843
-0.0649919
0.0419564
0.0119207
-0.045531
0.0486719
-0.0550383
-0.00187284
0.0388016
-0.0597692
0.051428
0.0121642
-0.036531
0.0583247
-0.0459968
0.00410643
0.0438638
-0.0617484
0.0516715
0.015615
-0.0455102
0.0554853
-0.0424423
-0.00410089
0.052926
-0.0649505
0.0431792
0.0186979
-0.0482253
0.0552003
-0.0445045
-0.00205942
0.0496203
-0.0640956
0.0480601
0.00955278
-0.0438781
0.0559154
-0.0458932
-0.000344383
0.0495581
-0.0639712
0.0432414
0.0159621
-0.0438989
0.0546512
-0.0506289
0.00132919
0.0495788
-0.062707
0.04863
0.0156357
-0.0462045
0.0538947
-0.044261
0.00269708
0.0485581
-0.0620334
0.0450394
0.0101849
-0.0395517
0.0566719
-0.0512818
-1.79601e-05
0.0485995
-0.063422
0.0480601
0.00628856
-0.0486554
0.0583247
-0.0479554
0.000717813
0.0425995
-0.0638728
0.0541638
0.00849059
-0.0401838
0.0529983
-0.0519968
0.0020235
0.0472524
-0.0617899
0.0488166
0.00938693
-0.0304895
0.0570605
-0.0523647
0.00273854
0.0445581
-0.0624428
0.0497544
0.0127963
-0.0335102
0.0508377
-0.0592456
0.00923082
0.0371902
-0.0641578
0.0504694
0.00944912
-0.0361631
