0.100539
0.0628561
0.00517658
0.040566
-0.0608234
0.048664
-0.00232016
-0.0328494
0.0516022
-0.0626055
0.0102802
0.0368717
-0.0601913
0.0513583
-0.0042787
-0.038523
0.0524778
-0.0567868
0.00585015
0.0382811
-0.0616214
0.0541355
-0.00607667
-0.0307872
0.0498872
-0.0582998
0.0153217
0.0362396
-0.0609271
0.0544205
-0.00466732
-0.0351551
0.0511721
-0.0571962
0.00697454
0.0311981
-0.0593157
0.0581563
-0.00440309
-0.0301137
0.0502136
-0.056647
0.0183217
0.0372811
-0.0636007
0.0530733
-0.00270878
-0.0281759
0.052338
-0.0695848
0.00585015
0.0366489
-0.0636836
0.0581355
-0.0040352
-0.0278909
0.0544002
-0.0647714
0.0197103
0.0339339
-0.0593986
0.058975
-0.0125275
-0.0212173
0.0574624
-0.0661393
0.0213839
0.0352603
-0.0609893
0.0571563
-0.00638236
-0.0298702
0.0526851
-0.061445
0.022731
0.0346075
-0.0610307
0.0591977
-0.00577098
-0.0271344
0.0509701
-0.0610563
0.0203424
0.0372811
-0.06001
0.0565656
-0.0111181
-0.0275438
0.0534002
-0.0628336
0.0237932
0.0312396
-0.0616836
0.055892
-0.00883317
-0.0231551
0.0537059
-0.0598336
0.0267932
0.0329339
-0.0600722
0.0573428
-0.0126311
-0.0157872
0.0531359
-0.0704864
0.0180575
0.0328924
-0.0596629
0.0526278
-0.0136104
-0.0184608
0.0524416
-0.061958
0.0322233
0.0325246
-0.05601
0.0592599
-0.00720106
-0.0194608
0.0530737
-0.0631807
0.0241404
0.0318717
-0.0573572
0.060892
-0.00481244
-0.0234401
0.050338
-0.0630978
