3.217
0.0623228
0.0087052
-0.0419277
0.0491715
-0.0511294
-5.37507e-06
0.0380991
-0.0633318
0.0498292
-0.00109276
-0.037622
0.0529072
-0.0524972
0.00427958
0.0457934
-0.0629017
0.0486633
0.00835805
-0.0386428
0.0473788
-0.0613781
0.00877186
0.0370784
-0.0639639
0.0497463
0.00429585
-0.0369692
0.0526223
-0.0532537
0.00803609
0.0420991
-0.0632489
0.0473784
0.00692797
-0.0319485
0.0510524
-0.0587046
0.00979259
0.0383633
-0.059596
0.0465028
-0.00443992
-0.0386428
0.0503166
-0.0566216
0.00705682
0.037467
-0.0627619
0.0630934
0.00780886
-0.0463993
0.0575186
-0.0480464
0.00152308
0.049182
-0.0652281
0.0472954
0.00742025
-0.042705
0.0539487
-0.0532123
0.00599462
0.0414877
-0.0656582
0.0527048
0.00835805
-0.0389692
0.0548658
-0.0487822
0.00425885
0.0464877
-0.0645753
0.0473369
0.0057052
-0.0400314
0.0559487
-0.0508859
0.0106267
0.0494877
-0.0622281
0.0502954
0.00944098
-0.0449899
0.0508658
-0.0501708
0.00597389
0.0438141
-0.0629846
0.0511141
0.00425439
-0.033622
0.0552751
-0.0528444
0.00527958
0.0445085
-0.0666168
0.044767
-0.00107203
-0.0376635
0.0523373
-0.0546631
0.00979259
0.0354255
-0.064679
0.0537463
0.00666374
-0.0379692
0.0512959
-0.0523159
0.0107926
0.0370784
-0.0577619
0.0537308
-0.012585
-0.0332956
0.0526845
-0.0566424
0.0087304
0.0397727
-0.0603733
0.053565
-0.00148138
-0.0316428
0.055358
-0.0559481
0.00738324
0.0394463
-0.0646375
0.0477877
