2.91538
0.0620266
0.0305253
-0.0557036
0.0534679
-0.0230605
-0.016113
0.0541159
-0.0570195
0.0347578
0.0220745
-0.05303
0.0528566
-0.0277548
-0.0164808
0.0574423
-0.0575894
0.0309598
0.0274838
-0.05503
0.0466131
-0.0349207
-0.0100922
0.0564838
-0.057693
0.0360635
0.0237895
-0.0543979
0.0538773
-0.025817
-0.0127243
0.0524423
-0.0583459
0.0350427
0.0247895
-0.0524186
0.0493903
-0.0409621
-0.0140508
0.0504423
-0.0583873
0.0344728
0.016748
-0.0544601
0.054981
-0.0328585
-0.0121337
0.0565253
-0.0584288
0.0436956
0.0279346
-0.0640715
0.0533643
-0.0205682
-0.0235638
0.0587688
-0.0585272
0.0288562
0.0296082
-0.0633979
0.0501001
-0.0259983
-0.0215223
0.0554631
-0.0609365
0.0292862
0.0241988
-0.0627036
0.0507114
-0.0242418
-0.0262373
0.057748
-0.0578536
0.027224
0.0272196
-0.0610508
0.0514265
-0.0259568
-0.0242166
0.060033
-0.053465
0.0278562
0.0299139
-0.064315
0.0473021
-0.019589
-0.0218695
0.0564631
-0.0605894
0.0295919
0.0271988
-0.0603564
0.0510586
-0.022304
-0.0224808
0.0534009
-0.06118
0.023224
0.0248517
-0.0603772
0.0501208
-0.0263662
-0.0201544
0.0544423
-0.0589573
0.0352448
0.0306082
-0.0630508
0.0507322
-0.021019
-0.0184394
0.0517688
-0.0589987
0.0323899
0.0198102
-0.0603979
0.0527736
-0.0256304
-0.0241959
0.0547688
-0.0559987
0.0366956
0.0271367
-0.0523979
0.0506545
-0.0362264
-0.0140922
0.0550952
-0.0563044
0.034022
