1.00543
0.0666625
0.047601
-0.00117586
-0.0373011
0.0642128
-0.0461763
0.0196266
0.0406896
-0.0649279
0.0511347
-0.0126059
-0.0366897
0.0685806
-0.0487669
0.0155022
0.0450989
-0.0711921
0.0459688
-0.00519659
-0.0366897
0.0653164
-0.0502799
0.0243209
0.0407311
-0.0695807
0.0487254
-0.00825879
-0.0363011
0.0635806
-0.0511555
0.0162172
0.0433839
-0.0675393
0.0424819
-0.0183624
-0.0343425
0.0666428
-0.0482799
0.0246888
0.0396896
-0.0662543
0.0517461
-0.00627952
-0.0326275
0.0642957
-0.0499328
0.0272379
0.0442233
-0.0779901
0.0539274
-5.14708e-05
-0.0447104
0.0671506
-0.0472954
0.0103571
0.049529
-0.0755393
0.0455802
-0.00378724
-0.0417104
0.0646014
-0.0534612
0.014155
0.0437932
-0.07356
0.0476217
-0.00644009
-0.0466897
0.0660884
-0.0439275
0.0080721
0.0444876
-0.07556
0.0469274
-0.0031344
-0.0419954
0.065477
-0.0460104
0.0127664
0.0477932
-0.0744564
0.0434766
0.000948529
-0.0466482
0.0604563
-0.0503161
0.00478714
0.0404046
-0.0731921
0.0423367
-0.0121966
-0.0443425
0.0631713
-0.0513368
0.00741925
0.0424876
-0.0736429
0.0513782
-0.00752302
-0.0416482
0.0595806
-0.0522177
0.0202379
0.0424461
-0.07356
0.0456632
-0.00950228
-0.0436897
0.0619071
-0.052482
0.0129115
0.039016
-0.0636429
0.0568083
-0.00956448
-0.0403011
0.0625184
-0.0481141
0.0158701
0.0414461
-0.0703165
0.0465648
-0.0194246
-0.0326068
0.0629485
-0.0522177
0.0182794
0.0393839
-0.0689279
