3.82024
0.0628151
-0.022198
-0.00426585
0.0466159
-0.0688097
0.0312992
0.00897847
-0.0451467
0.0602374
-0.0364053
-0.000550805
0.0456159
-0.070789
0.0315427
0.0143878
-0.0484524
0.0607659
-0.0279545
3.98446e-05
0.0493724
-0.0699134
0.0363821
0.00597847
-0.0474939
0.061196
-0.0323845
0.00112277
0.0472687
-0.0661569
0.0346464
0.00804067
-0.0524732
0.0564809
-0.0297732
0.00618497
0.0439838
-0.0708927
0.0337085
0.00626343
-0.0447789
0.0578903
-0.0380581
-0.00257154
0.0459423
-0.0675041
0.0339935
0.00734636
-0.0455768
0.0708695
-0.0397057
-0.0251882
0.0545329
-0.0697837
0.0217394
0.035046
-0.0627167
0.0580455
-0.0138455
-0.0217789
0.0508594
-0.067561
0.0265789
0.0289216
-0.0560638
0.0634342
-0.0141719
-0.0224524
0.0531443
-0.0683951
0.0161073
0.029963
-0.0620016
0.0537191
-0.0172134
-0.0224317
0.0501651
-0.0684988
0.0218638
0.0279423
-0.0600431
0.0623305
-0.00876259
-0.0251053
0.0511029
-0.0637837
0.0225167
0.0299423
-0.0583695
0.056802
-0.0173171
-0.0163488
0.0488179
-0.0681723
0.0225374
0.0289216
-0.0573695
0.0558435
-0.0216642
-0.0177167
0.0485329
-0.0692553
0.0236618
0.0215122
-0.0550845
0.064802
-0.0151927
-0.0214524
0.0525122
-0.0652138
0.0252939
0.0258594
-0.0527374
0.0576415
-0.0290736
-0.0167374
0.0525122
-0.0681516
0.0198846
0.0272065
-0.0537167
0.0595378
-0.0180528
-0.0106752
0.0508801
-0.0685817
0.0239882
0.0231651
-0.0533902
0.0615171
