1.96016
0.0591289
0.0481791
-0.0565209
0.0221059
0.0297129
-0.0520859
0.0556763
-0.0168107
-0.0144331
0.0489771
-0.0632981
0.0234946
0.0266921
-0.0553709
0.0555104
-0.010277
-0.025801
0.0465263
-0.0578888
0.0192096
0.0206299
-0.0511274
0.0603499
-0.0154221
-0.020718
0.0428734
-0.0602774
0.024821
0.0286921
-0.0553294
0.0505312
-0.0127071
-0.0197802
0.0456299
-0.063666
0.0232303
0.0229564
-0.0504123
0.0583084
-0.0147278
-0.0178217
0.0539149
-0.0562152
0.022821
0.0279978
-0.0513709
0.0582047
-0.00897128
-0.0198424
0.0653397
-0.0486347
-0.000718037
0.0485108
-0.0627335
0.0449507
0.0125056
-0.0438632
0.0515003
-0.0456347
-0.00130869
0.0418165
-0.0637957
0.0447279
0.00574905
-0.0421896
0.0518474
-0.0463083
-0.00163511
0.0437543
-0.0610184
0.0426035
0.0121584
-0.0425367
0.0499096
-0.0484327
0.00444782
0.0414279
-0.0604278
0.0479921
0.0128112
-0.0434745
0.047806
-0.0433705
0.00475351
0.0447543
-0.0570806
0.0444429
0.00401327
-0.0378424
0.0496247
-0.0531062
0.00110066
0.04106
-0.0577542
0.0454222
0.00276978
-0.0439254
0.054236
-0.0466969
0.000427085
0.0387751
-0.0601843
0.0504637
0.00768685
-0.036801
0.0485832
-0.0523912
-0.00159365
0.0404072
-0.0574693
0.0451994
0.000909615
-0.0308424
0.0546661
-0.0508006
0.00479497
0.0414072
-0.0561428
0.0504637
0.00736043
-0.0364953
0.0463604
-0.0552721
0.00791936
0.0343657
-0.0581636
0.0465466
0.00025677
-0.0351274
