2.91538
0.062058
0.0300373
-0.059518
0.0476121
-0.0262635
-0.0162952
0.0523223
-0.0599375
0.0385962
0.0245658
-0.0508651
0.0510836
-0.0333257
-0.0189273
0.0502393
-0.0585074
0.0351662
0.0266487
-0.0539273
0.0465759
-0.0441859
-0.0132123
0.048628
-0.0596318
0.0409434
0.0245865
-0.0518859
0.0491458
-0.0361029
-0.0119066
0.0523015
-0.0592432
0.0382284
0.0272393
-0.0465802
0.0519231
-0.0411651
-0.0122123
0.0506072
-0.0572639
0.0366792
0.0165243
-0.0502952
0.0555345
-0.0364086
-0.0136009
0.051343
-0.0593469
0.0488812
0.0304259
-0.0681086
0.0472804
-0.0135225
-0.0357875
0.0607263
-0.0478078
0.0242023
0.0368145
-0.065803
0.0460784
-0.0200147
-0.0274404
0.0598922
-0.0569737
0.0276117
0.0341202
-0.0648237
0.052669
-0.0115639
-0.0314196
0.0578093
-0.0545643
0.0239174
0.0334467
-0.063518
0.0507934
-0.0196883
-0.0290517
0.0590942
-0.0515021
0.0228759
0.0367731
-0.0624558
0.0480784
-0.0173619
-0.0263782
0.0568507
-0.054668
0.0293475
0.0330373
-0.0597822
0.0481198
-0.0210355
-0.0287253
0.0558507
-0.0582794
0.0196946
0.023343
-0.0628651
0.0478971
-0.025507
-0.023316
0.0528714
-0.0564245
0.0353682
0.0337731
-0.062518
0.0504877
-0.0190977
-0.0230103
0.0545658
-0.0564452
0.031819
0.0246487
-0.0611501
0.0488141
-0.0220562
-0.026746
0.0591979
-0.0533416
0.0306946
0.0327109
-0.0581708
0.0489178
-0.0268334
-0.0243367
0.0551771
-0.053383
0.0333889
