0.251348
0.0621987
0.00957152
0.0405309
-0.0571642
0.0507118
-0.00107034
-0.0280866
0.0462821
-0.0647029
0.0143488
0.0351837
-0.0569208
0.0584061
-0.000966679
-0.0358016
0.0488313
-0.0582106
0.00926583
0.0372045
-0.0562679
0.0561626
-0.00478538
-0.0267602
0.0502406
-0.0612728
0.0103073
0.0342045
-0.0618793
0.0513646
-0.00233457
-0.032496
0.0518935
-0.0579464
0.00973738
0.0274687
-0.0586151
0.0558154
-0.00247969
-0.024698
0.0485256
-0.055335
0.0190431
0.0365309
-0.0582264
0.0521211
-0.00413253
-0.0241073
0.0493443
-0.0716199
0.0104471
0.0460232
-0.0655321
0.0541988
0.0075256
-0.0385582
0.0535256
-0.0581691
0.010815
0.0430232
-0.0642886
0.0553853
-0.000660988
-0.0295374
0.0566085
-0.0602313
0.0115508
0.0402874
-0.0635529
0.0539553
0.00211625
-0.0368846
0.0528935
-0.0579256
0.0132866
0.0352874
-0.0665943
0.0526703
-0.000293102
-0.0338431
0.0535256
-0.0575163
0.00922437
0.0372874
-0.0652472
0.051691
-0.00231383
-0.0325374
0.0532821
-0.0590086
0.0173488
0.0349195
-0.0635943
0.0540382
-0.00164026
-0.0325374
0.0519764
-0.0600708
0.019411
0.0325516
-0.0599829
0.0565097
-0.00447969
-0.0237602
0.0486707
-0.0660708
0.0160223
0.0345516
-0.0605943
0.0508362
-0.0101325
-0.0284752
0.0480179
-0.062848
0.025126
0.0342045
-0.0592679
0.0561004
0.000235353
-0.0224545
0.0503858
-0.0645008
0.0201675
0.0265102
-0.0567602
0.0626756
-0.0112155
-0.0231073
0.0523028
-0.0603764
