2.1613
0.0637523
0.051634
-0.0662579
0.028825
0.0205096
-0.0447815
0.0669084
-0.0262835
0.00483518
0.0503905
-0.0703823
0.0335608
0.0178567
-0.0510665
0.0643953
-0.021729
-0.00824775
0.0476754
-0.0687087
0.0296644
0.00875307
-0.0487608
0.0641726
-0.0262006
-0.00251198
0.0483075
-0.0660144
0.0326023
0.0151417
-0.0497193
0.0608047
-0.0278327
-0.00392133
0.0503905
-0.0674445
0.0340738
0.00738519
-0.0461079
0.0658876
-0.0272421
0.00114087
0.0500433
-0.0670973
0.0353588
0.0111002
-0.0464551
0.0662348
-0.0279156
0.00440509
0.067551
-0.0634754
0.0129596
0.042147
-0.0658384
0.0544884
-0.00347498
-0.0351701
0.0564474
-0.0638225
0.0106953
0.0357584
-0.0632478
0.0563279
-0.0112937
-0.0304551
0.056121
-0.0635169
0.0140218
0.0381262
-0.067512
0.0528356
-0.00386359
-0.0337608
0.0504474
-0.065579
0.0137783
0.0333697
-0.0622063
0.0582242
-0.00353717
-0.0340665
0.0523437
-0.0588018
0.0136953
0.0400641
-0.059512
0.0523486
-0.0133766
-0.0270665
0.0524888
-0.067579
0.0111254
0.0300226
-0.0651856
0.0502864
-0.0142729
-0.0348022
0.0547531
-0.0611904
0.0134311
0.0337169
-0.0592892
0.0613901
-0.00935587
-0.0266986
0.051121
-0.0668847
0.0123896
0.0363905
-0.0595742
0.0544315
-0.0164388
-0.0243929
0.0525303
-0.0689677
0.0151254
0.0336962
-0.0589213
0.0603486
-0.00896725
-0.0294136
0.0511624
-0.0679469
0.0151047
0.0350433
-0.062512
0.0545714
-0.00559937
-0.0310457
