4.42363
0.049669
-0.0357484
0.0468524
-0.0113752
-0.0467226
0.0492721
-0.0240073
0.00426176
0.0599925
-0.0377431
0.0151685
0.00770242
-0.0564427
0.0407902
-0.0160177
-0.00597137
0.0578992
-0.036712
0.00653636
-0.00230795
-0.0588106
0.0371477
-0.0180384
-0.0019921
0.053951
-0.0244892
0.0328524
-0.0134374
-0.0427226
0.0406711
-0.0363545
0.0105053
0.0411687
-0.0299712
0.0378731
-0.0170695
-0.0444169
0.0310597
-0.043396
0.0201063
0.0332931
-0.0287484
0.0472203
-0.0210073
-0.0331941
0.0371427
-0.045396
0.0174431
0.0322827
-0.0360437
0.0401996
-0.0253441
-0.0325517
0.0361634
-0.0470695
0.0184327
0.0283138
-0.037738
0.0398731
-0.0177224
-0.0397848
0.0364069
-0.042712
0.0204327
0.0210288
-0.0238728
0.0516193
-0.0296395
-0.0153496
0.0164225
-0.0569193
0.0290855
0.0151118
-0.0212925
0.0559872
-0.0299659
-0.0282874
0.0418577
-0.0434063
-0.00144291
0.0341168
-0.0359504
0.0298731
-0.0250695
-0.0424687
0.0360701
-0.0447016
0.00748453
0.0434847
-0.0180126
0.0518835
-0.0186602
-0.0394895
0.0337748
-0.048712
0.0204016
0.0293345
-0.035422
0.046526
-0.0249762
-0.0362149
0.0454276
-0.0436705
0.00482132
0.0477801
-0.0279193
0.0388524
-0.0140695
-0.0440697
0.0492929
-0.0319762
0.0151477
0.0475055
-0.0299401
0.037526
-0.0260177
-0.0405102
0.0460494
-0.0380073
0.0121477
0.0451687
-0.0405618
0.0284949
-0.0220695
-0.0447744
0.0350494
-0.041712
0.0220959
0.0356299
