-0.301617
0.0512162
0.0165856
0.0403838
-0.0427975
0.0349535
0.00763258
-0.0520463
0.0386789
-0.0215591
-0.00949201
0.0596842
-0.0368751
0.0093214
-0.000144652
-0.0589944
0.0406064
-0.0152119
-0.00780807
0.0537153
-0.0412327
0.0073214
0.00912994
-0.0546058
0.0349639
-0.0232119
0.0140364
0.048933
-0.0380514
0.0339431
-0.0149166
-0.0402847
0.042508
-0.0415176
0.0202281
0.0443942
-0.0378079
0.0383007
-0.0241912
-0.0360516
0.0339588
-0.0442741
0.0235753
0.0337932
-0.0335851
0.0446789
-0.0241808
-0.0377148
0.0346116
-0.0475798
0.0162488
0.0403838
-0.0262172
0.0460261
-0.024844
-0.0320827
0.0323371
-0.0516005
0.0142488
0.0430263
-0.0338182
0.0399846
-0.0255176
-0.0400412
0.0289588
-0.0492741
0.0245442
0.0212129
-0.022751
0.0604043
-0.0274451
-0.0198599
0.0294718
-0.0530099
0.0315234
0.0229175
-0.0360255
0.0493629
-0.0205176
-0.0297355
0.0598655
-0.0318233
0.000699653
0.0531765
-0.0277042
0.0356478
-0.0162534
-0.0426111
0.0501194
-0.0364762
0.0325027
0.0206119
-0.0390359
0.0520053
-0.0320979
-0.0245335
0.026135
-0.053357
0.031197
0.0278864
-0.0266991
0.0586997
-0.0287611
-0.0314816
0.0459692
-0.0445487
0.022881
0.0410988
-0.0335333
0.0456478
-0.0181912
-0.0380101
0.028622
-0.0512638
0.0215442
0.0407621
-0.0209323
0.0546997
-0.0221497
-0.0360619
0.0376116
-0.0498855
0.0112488
0.0446688
-0.0211965
0.0510157
-0.0274658
-0.0278081
0.0317257
-0.0522949
