1.90987
0.0479738
0.0218629
-0.0552666
0.0287901
0.0190909
-0.0378211
0.0445777
-0.0279764
-0.0365414
0.0411322
-0.0377225
0.0105362
0.0428318
-0.0239713
0.0412409
-0.0243442
-0.0381631
0.0338058
-0.0390904
0.0178419
0.0481893
-0.0289298
0.038873
-0.0266603
-0.0328782
0.0152877
-0.0495412
0.0301165
0.0204277
-0.0182512
0.0563342
-0.0322717
-0.0100544
0.0128421
-0.0536449
0.0341269
0.0134795
-0.00902839
0.0564379
-0.0343131
-0.00341193
0.00924112
-0.0530335
0.037474
0.00088889
-0.00780563
0.0611425
-0.0299971
0.00192486
0.0175572
-0.0549713
0.0327901
-0.00410074
-0.0131424
0.0581322
-0.0313339
0.00158807
0.0175572
-0.0556345
0.0317901
0.00484743
-0.0124066
0.0554482
-0.0323339
0.00920982
0.000375881
-0.048505
0.0388938
-0.0207018
0.00232385
0.0540027
-0.0341111
0.015557
-0.00987798
-0.0512512
0.0419041
-0.0140593
-0.0218367
0.0521322
-0.0333546
-0.00902331
0.0254328
-0.052878
0.0284429
0.00881633
-0.0153548
0.059386
-0.0316188
-0.0113705
-0.00275888
-0.0564117
0.0358212
-0.0014479
-0.0117953
0.0581322
-0.0326603
0.0068834
0.0159458
-0.0553392
0.0351269
-0.00276396
-0.0187745
0.0577539
-0.0326396
-0.0156762
0.0161064
-0.0549194
0.0291165
0.010806
-0.0309247
0.0522927
-0.030282
-0.0130233
0.0161271
-0.055593
0.0304429
0.000868158
-0.0243755
0.0583549
-0.0309453
-0.0160129
0.030697
-0.0521526
0.0320647
0.0121738
-0.00971233
0.0581011
-0.0329764
-0.000422293
