1.73368
0.0470653
0.0400371
-0.0402684
0.00804217
0.0439594
-0.0420353
0.0200214
-0.0176467
-0.0531649
0.0440733
-0.0198694
-0.00912877
0.056721
-0.0285845
0.0187054
-0.00340316
-0.0507245
0.0407157
-0.019543
-0.00215987
0.0614153
-0.0332166
0.0120318
-0.0127192
-0.0484603
0.0271666
-0.0359212
0.0117054
0.0406641
-0.0304654
0.0390318
-0.0235223
-0.0260666
0.0310682
-0.0462995
0.0156535
0.0390527
-0.0202219
0.0467572
-0.026828
-0.0287505
0.0287418
-0.044657
0.02098
0.0278092
-0.0209887
0.0511147
-0.024828
-0.0254241
0.0393739
-0.0439212
0.0229385
0.0271771
-0.0236623
0.0484515
-0.0298176
-0.0241288
0.0377418
-0.0436156
0.0153271
0.0334103
-0.0242426
0.0460836
-0.026828
-0.0181391
0.0241822
-0.0444032
0.0316328
0.0112912
-0.0135225
0.0588816
-0.0288176
-0.014507
0.0165916
-0.0534343
0.0316017
0.0182704
-0.0390095
0.0430733
-0.0109212
-0.0309422
0.0419231
-0.0332373
0.0153582
0.0350527
-0.0295275
0.0440422
-0.0181958
-0.0406261
0.00341534
-0.0534135
0.0276121
0.0218922
-0.0164188
0.0558298
-0.0314601
-0.00889564
0.0262651
-0.0517296
0.0282753
0.0109544
-0.0267867
0.052809
-0.0218487
-0.0237402
0.0287625
-0.0453306
0.0216432
0.02483
-0.0372633
0.0410525
-0.028828
-0.0241184
0.0314361
-0.0479731
0.0265914
0.0175865
-0.0287245
0.0507779
-0.0241647
-0.0237609
0.0420371
-0.0415845
0.0189696
0.0274725
-0.0183359
0.0524619
-0.0261544
-0.0141599
