-1.05571
0.0495893
-0.0169495
0.059408
-0.0370373
-0.0137786
0.0386153
-0.048856
0.0303405
0.0299988
-0.0291981
0.0495167
-0.0257005
-0.0359392
0.0248173
-0.0538353
0.0200245
0.0325895
-0.0264934
0.0425478
-0.0303948
-0.0399288
0.0324184
-0.0471306
0.0210348
0.0259574
-0.00731213
0.0593043
-0.0343327
-0.0107993
0.0190765
-0.0516747
0.037698
-0.00413062
-0.00162311
0.0621438
-0.0383845
-0.00648327
0.00319051
-0.0561255
0.0374027
-0.0107835
-0.012276
0.0581023
-0.0344052
0.00415921
0.00226308
-0.0581566
0.0384027
-0.0104467
-0.0189081
0.0573873
-0.0310684
0.00450637
0.00789519
-0.0557888
0.0340866
-0.014457
-0.0166024
0.061724
-0.0317109
-0.00313611
0.00916978
-0.0554209
0.0350659
-0.0180892
-0.00370603
0.0548795
-0.0291721
0.0218121
-0.0145503
-0.0553536
0.0358639
-0.0267731
-9.4651e-05
0.0565842
-0.0271928
0.0191799
0.0172527
-0.0461359
0.0384545
0.000470394
-0.0257733
0.0566204
-0.030027
-0.00379933
0.0161283
-0.0576851
0.0340245
0.00480718
-0.000550544
0.0621127
-0.0373741
-0.002504
0.00786409
-0.0561048
0.0373923
-0.0150892
-0.0159599
0.0640608
-0.036343
-0.00118794
0.0115273
-0.0613898
0.0333612
0.0104393
-0.0160894
0.0599779
-0.0356591
-0.0141257
0.0316568
-0.0512343
0.0316773
0.00380718
-0.018794
0.0609779
-0.0346591
-0.00583042
0.0237604
-0.0572965
0.0316773
0.00579682
-0.0337007
0.052895
-0.0339959
-0.0121257
0.00911795
-0.0563898
0.0323923
-0.00284566
