1.90987
0.0489583
0.0162912
-0.0579005
0.0331666
0.0201824
-0.0394239
0.0423117
-0.0312423
-0.039481
0.0378662
-0.0433149
0.0105656
0.0395969
-0.0265948
0.0459438
-0.0209263
-0.0367659
0.0358662
-0.0446517
0.0148713
0.0492497
-0.028859
0.0409231
-0.0206102
-0.0261442
0.0163792
-0.0491543
0.0328402
0.01454
-0.0202322
0.0560786
-0.0312216
-0.00434113
0.0102912
-0.0579316
0.0361666
0.0119079
-0.0116415
0.060804
-0.030232
-0.00101471
0.0103119
-0.0572787
0.0341873
-0.00204031
-0.010082
0.0608662
-0.0295999
0.0036485
0.0232705
-0.0555326
0.0308402
-0.00602995
-0.0144188
0.0575294
-0.0325999
0.00595419
0.0183223
-0.0582373
0.0318402
0.0035918
-0.0130198
0.0578351
-0.0322527
0.00893346
0.00143631
-0.0524135
0.0382599
-0.0236102
-0.0012893
0.0533896
-0.0330507
0.0182806
-0.00316471
-0.0514757
0.0419438
-0.0129885
-0.0227659
0.0531822
-0.0336102
-0.0119525
0.0331046
-0.0481025
0.028177
0.00953997
-0.0225793
0.0597211
-0.0272112
-0.0152686
-0.0163306
-0.055771
0.0445552
-0.00631491
-0.00549133
0.0576123
-0.034631
0.0149127
0.00545704
-0.058372
0.0388713
-0.0149574
-0.0131753
0.0595709
-0.0359263
-0.00202507
0.00699586
-0.0596259
0.0365034
0.000633263
-0.0239991
0.0547833
-0.0355584
-0.00104581
0.00933265
-0.0582891
0.0368402
-0.00798849
-0.0177659
0.0588455
-0.0342423
0.00195419
0.0302394
-0.0541543
0.0318194
-0.00170353
-0.010082
0.0548973
-0.032631
0.011607
