1.6832
0.0470494
0.0344997
-0.0472358
0.0123908
0.0380957
-0.0440338
0.0250747
-0.021868
-0.0538163
0.0418312
-0.0238161
-0.00444337
0.0548365
-0.0278991
0.0234322
-0.00995089
-0.0497334
0.0378312
-0.0271529
-0.00147447
0.0568572
-0.0305519
0.0194322
-0.0152773
-0.0457852
0.024282
-0.0402151
0.0147379
0.0390957
-0.0271167
0.0394633
-0.0241426
-0.0286558
0.0287847
-0.0429302
0.0180644
0.0430957
-0.0171478
0.045168
-0.0320907
-0.0270651
0.0258469
-0.0486141
0.0253389
0.0308936
-0.0195987
0.0501887
-0.0264379
-0.0240444
0.0374583
-0.0442151
0.0180333
0.0195672
-0.026293
0.046852
-0.0294379
-0.0224019
0.0381422
-0.0438887
0.0143908
0.0321371
-0.0215365
0.0481576
-0.0280907
-0.016433
0.0199505
-0.048697
0.0313493
0.0113548
-0.00981634
0.0586396
-0.0287747
-0.0127802
0.0203081
-0.0513602
0.0250333
0.0172822
-0.0326298
0.0461576
-0.00953117
-0.0298785
0.0439763
-0.0311737
0.0111162
0.0377278
-0.0264432
0.0401265
-0.0125312
-0.037521
-0.00117386
-0.0523913
0.0323389
0.0219766
-0.0113966
0.0585877
-0.0297436
-0.00616878
0.0236863
-0.0490442
0.0343389
0.0113755
-0.0224277
0.0552302
-0.0241115
-0.0256869
0.0261629
-0.0472773
0.0243493
0.0282304
-0.029894
0.0481265
-0.02907
-0.0234123
0.0288572
-0.0466141
0.0286654
0.0189766
-0.0283241
0.0518312
-0.0250907
-0.0247076
0.0417639
-0.0425208
0.025655
0.0315672
-0.014293
0.0548727
-0.0267539
-0.0167594
