3.82024
0.0531647
-0.0438946
0.0105973
0.0224162
-0.0634905
0.0331776
0.0136235
-0.0135683
0.0641518
-0.0331277
-0.0215633
0.0364213
-0.0586096
0.0284522
0.0199292
-0.0238015
0.0587424
-0.0364334
-0.0209311
0.0390949
-0.0532935
0.025504
0.0192246
-0.0208015
0.0597528
-0.0337805
0.00362841
0.0230276
-0.0581537
0.0381776
-0.0152002
-0.0104907
0.058328
-0.0355681
0.0142916
0.00882557
-0.0639309
0.0365455
-0.0208635
-0.00455289
0.0590534
-0.0372521
0.0215869
0.00258207
-0.0596978
0.0392709
-0.0185578
-0.000216101
0.0570845
-0.0455681
0.00827089
-0.00180655
-0.0573714
0.0449237
-0.0175267
0.00176317
0.0630741
-0.0425474
0.00661804
0.0111105
-0.060247
0.0378823
-0.0178738
-0.00585858
0.0530638
-0.0389464
0.0232502
-0.0133246
-0.0528637
0.0410481
-0.0361795
0.00298593
0.0538514
-0.03005
0.0303124
-0.0189567
-0.0651797
0.045618
-0.0208531
-0.0400399
0.051815
-0.0384956
-0.00963582
0.013639
-0.0575112
0.0385248
-0.00691528
-0.0246824
0.0661414
-0.0221691
0.0292502
0.00726602
-0.0620035
0.0369237
-0.0295059
0.00301703
0.0561571
-0.0429567
0.022903
-0.00370289
-0.0580968
0.0459445
-0.0198531
-0.0131746
0.0639601
-0.0365163
0.00829162
0.00879447
-0.0589413
0.0465248
-0.0055474
-0.00214354
0.065328
-0.0378531
0.00662841
-0.00448012
-0.0587082
0.0459134
-0.0142002
-0.00617464
0.064328
-0.0434956
-0.00402444
0.00142658
-0.0609517
0.0382294
-0.0202002
-0.000900045
0.0600741
