3.11646
0.0521071
-0.0327333
-0.0347595
0.0513027
-0.0417955
-0.00327253
0.0485722
-0.031666
0.0313699
-0.00462456
-0.0530703
0.0467171
-0.0277644
-0.000894281
0.05851
-0.0348992
0.0250021
-0.0142567
-0.0508164
0.0494218
-0.0194794
-0.00314814
0.0524893
-0.0342567
0.0286653
-0.0294898
-0.0360238
0.050598
-0.0401219
0.0176238
0.0344738
-0.0315262
0.0490435
-0.0307333
-0.0307699
0.041712
-0.0461945
0.0232663
0.0252303
-0.0243242
0.0544529
-0.0327333
-0.0261378
0.0377742
-0.0522152
0.0258984
0.0325567
-0.0209666
0.0541265
-0.0271012
-0.0323916
0.0284167
-0.0532463
0.0239191
0.0245775
-0.0256609
0.0541161
-0.0274276
-0.0373709
0.0399866
-0.0475002
0.0212559
0.0275464
-0.0216506
0.0544632
-0.0317437
-0.0168425
0.0182769
-0.0577075
0.0339088
0.00440654
-0.0205418
0.0588933
-0.0334276
-0.0128632
0.021624
-0.0610132
0.0245927
0.0186086
-0.0591998
0.0346445
-0.0195002
-0.0442569
0.0339244
-0.0455105
0.0176238
0.0377899
-0.0391272
0.0449917
-0.0363654
-0.0158943
0.0368779
-0.0559199
0.0318673
0.00972259
-0.0221636
0.0595254
-0.0387126
-0.0228632
0.0248882
-0.0602981
0.0285512
0.0199765
-0.0393138
0.0510539
-0.0310597
-0.0344227
0.036712
-0.0531841
0.0146031
0.0314842
-0.0202723
0.0567689
-0.0333758
-0.0357699
0.024111
-0.056267
0.0242456
0.0269039
-0.0286298
0.0527586
-0.0297437
-0.0400445
0.0260488
-0.0555624
0.0252248
0.0192925
-0.0217335
0.0598104
