1.90987
0.0513811
0.0147042
-0.0605393
0.035191
0.0165955
-0.0387569
0.0509994
-0.0291557
-0.0364669
0.0402585
-0.0465858
0.0152221
0.0406835
-0.0259071
0.0493154
-0.02385
-0.0357622
0.0346057
-0.0502697
0.0138853
0.0383571
-0.0335496
0.0466107
-0.0248397
-0.0264876
0.0144555
-0.0570988
0.0315071
0.0132691
-0.0182181
0.0627766
-0.0314718
0.00131541
0.00309285
-0.0622854
0.0392014
0.00500485
-0.0086793
0.060901
-0.033534
0.00398899
0.00509285
-0.0576326
0.0418853
-0.0026169
-0.00940471
0.0665642
-0.0315132
0.00531541
0.0210203
-0.0571817
0.0375174
-0.00229048
-0.0137104
0.0635435
-0.0338397
0.00496826
0.0213571
-0.0591714
0.0345174
0.00399448
-0.0146482
0.0598595
-0.0345132
0.0102739
-0.00115064
-0.0560523
0.0406107
-0.0215547
0.00406155
0.0584451
-0.0333216
0.0173154
-0.00677239
-0.0554409
0.0426315
-0.0096169
-0.0243632
0.0548595
-0.0348708
-0.0142545
0.0371187
-0.0480263
0.0335071
0.0152691
-0.0228502
0.0600823
-0.0314718
-0.0185809
-0.00435796
-0.0635911
0.0345382
0.00464733
-0.0133114
0.0608595
-0.0374925
-3.17438e-05
0.0103882
-0.0618968
0.036191
-0.00495369
-0.0253321
0.0588181
-0.0381454
-0.0225913
0.0132016
-0.0627828
0.0288335
0.0119323
-0.0351352
0.051704
-0.0354718
-0.016612
0.0145695
-0.0601403
0.0338335
-0.000311211
-0.0296067
0.058103
-0.0381246
-0.0192856
0.0278233
-0.0563838
0.0308231
0.0129427
-0.0132492
0.0588388
-0.0355029
-0.00697991
