2.21158
0.0498558
0.0028234
-0.0554047
0.0432273
0.000652465
-0.033612
0.0520667
-0.0345392
-0.0209333
0.0323984
-0.0507258
0.0235122
0.0247819
-0.0201197
0.0566988
-0.0311817
-0.0225862
0.0267456
-0.0530833
0.0241754
0.0277716
-0.0254047
0.0539941
-0.0275288
-0.0129437
0.00425856
-0.054617
0.0368697
-0.00334754
-0.0137364
0.056875
-0.0329278
0.0139216
-0.00349266
-0.0561093
0.0402584
-0.0106532
-0.00185038
0.0573258
-0.0326532
0.0152791
-0.00581908
-0.0538036
0.0419423
-0.0172853
-0.00190221
0.0583466
-0.03299
0.0179319
0.00945551
-0.0527
0.0369216
-0.0202853
-0.00821827
0.0556523
-0.0283475
0.0216159
0.00548661
-0.0590368
0.0382169
-0.0119693
-0.00617681
0.0549787
-0.0290107
0.0219423
-0.0140729
-0.0465912
0.0383931
-0.034275
0.0112687
0.0475539
-0.0341455
0.0299423
-0.0200004
-0.0476534
0.0486988
-0.0226014
-0.0122183
0.0489994
-0.0429796
0.00361587
0.0206472
-0.0548916
0.034849
-0.0073268
-0.0144307
0.0595382
-0.0385496
0.000605509
-0.0264512
-0.0519384
0.0489838
-0.0209175
0.00635165
0.0571031
-0.0283994
0.0325848
-0.00770506
-0.055529
0.0432895
-0.0265703
-0.00462762
0.0593569
-0.0396221
0.00992157
-0.00285018
-0.0590782
0.0428801
-0.0102853
-0.0174514
0.0572118
-0.0309382
0.0155951
0.000160188
-0.0590679
0.0405537
-0.0212439
-0.0105654
0.0599579
-0.0346118
0.0119319
0.0167197
-0.051301
0.0385537
-0.0139589
0.000771363
0.0576937
-0.0323372
0.0205951
