3.97106
0.0472081
-0.0411646
0.0228817
0.00545711
-0.050802
0.0408921
-0.00340813
-0.00714411
0.0615191
-0.0366102
-0.00870895
0.0234933
-0.0528797
0.0317988
0.00521361
-0.0140405
0.0591097
-0.0329366
-0.0123411
0.0145037
-0.057574
0.0284723
0.00452967
-0.0123772
0.0591201
-0.0273045
0.0132392
0.00605812
-0.0491077
0.0412185
-0.0196516
0.00167967
0.0477264
-0.0268382
0.0272703
-0.00350143
-0.0505378
0.0313118
-0.0320195
0.00329105
0.0454415
-0.0278693
0.0319232
-0.0120921
-0.0466415
0.0353636
-0.0297035
0.0112703
0.0441669
-0.0355325
0.0259128
-0.0124496
-0.0453047
0.0357004
-0.0297035
0.0119335
0.0451669
-0.0405014
0.018576
-0.00552216
-0.047885
0.0353118
-0.0293459
0.00595426
0.0358404
-0.0292787
0.0352703
-0.0213667
-0.0324602
0.0285502
-0.0460817
0.0158506
0.0372705
-0.0279937
0.0406071
-0.0183563
-0.0417348
0.0447211
-0.0299988
-0.021911
0.0452445
-0.0367242
0.00494389
-0.000636184
-0.0471388
0.0402496
-0.0223252
-0.0129213
0.0532549
-0.00916464
0.0416175
-0.0203459
-0.0427451
0.0281408
-0.0496931
0.0154723
0.0286695
-0.0337087
0.0409335
-0.0253148
-0.0414602
0.0394465
-0.0396724
0.000923162
0.0477679
-0.0308382
0.0299024
-0.0120921
-0.0479679
0.0413221
-0.0296516
0.0109128
0.0428508
-0.03389
0.030576
-0.0240299
-0.0394394
0.044089
-0.034662
0.0069128
0.0448197
-0.0408279
0.0189024
-0.0224289
-0.0500094
0.0313843
-0.0383563
0.00989206
0.0398715
