-1.05571
0.0498084
-0.0136688
0.0604452
-0.0363887
-0.00746679
0.0369997
-0.0502178
0.0336627
0.0250464
-0.0289174
0.0528596
-0.0253576
-0.0286481
0.0288546
-0.0488603
0.0293466
0.0283314
-0.0248967
0.0495539
-0.0326841
-0.0339952
0.0334763
-0.0511349
0.0253259
0.0163832
-0.00409362
0.0590462
-0.0347048
-0.00614037
0.0131344
-0.0527308
0.0400409
-0.0114198
-0.00400561
0.0618235
-0.0360727
0.00182853
0.000922031
-0.0535184
0.0397663
-0.0141038
-0.00699525
0.0545074
-0.0384406
0.00813422
-0.00135256
-0.0575391
0.0384295
-0.0164302
-0.0146377
0.0597613
-0.0333991
0.00913422
0.00163707
-0.0542024
0.0401031
-0.0187463
-0.0120056
0.061782
-0.0373784
0.00247101
0.0019324
-0.0555081
0.0354399
-0.0263991
0.00154357
0.0529582
-0.0328707
0.0264503
-0.0158396
-0.0497465
0.0385747
-0.0317566
0.000533207
0.0516318
-0.0315546
0.0181757
0.0079635
-0.0458759
0.0404814
-0.00815561
-0.026503
0.0553208
-0.0346944
-0.0031611
0.0181344
-0.0570158
0.0363466
-0.000482032
0.0110048
0.0605696
-0.0404302
0.00845028
-0.00200541
-0.0542335
0.0397871
-0.0253887
-0.00508854
0.0615281
-0.034767
0.0131239
0.00464744
-0.0575081
0.0394088
-0.00348203
-0.0065859
0.0640877
-0.0370209
-0.0001922
0.0234712
-0.0520158
0.0367041
-0.0104406
-0.0102906
0.0614348
-0.0337255
0.0114503
0.0122692
-0.0574459
0.0393777
-0.00645093
-0.0218709
0.0600048
-0.0336841
-0.00249789
-9.87003e-05
-0.0525184
0.0394399
-0.0151038
