3.41808
0.0488887
-0.0340736
-0.0161516
0.0425169
-0.0475451
0.0156825
0.0361335
-0.0238457
0.0441437
-0.0168405
-0.0375661
0.0422784
-0.0404622
0.01004
0.0427242
-0.0317317
0.0384079
-0.023799
-0.0465764
0.0382577
-0.0391462
0.00508149
0.0463252
-0.0277006
0.0413975
-0.0304104
-0.0254159
0.0358018
-0.0495451
0.0236307
0.0199522
-0.0223484
0.0515323
-0.0327472
-0.012162
0.0276205
-0.053312
0.0302939
0.00440304
-0.0175142
0.0566152
-0.0330943
-0.00585632
0.0220299
-0.053711
0.033641
0.00573982
-0.0171775
0.0572784
-0.0314311
-0.0157941
0.0206205
-0.0523535
0.0306514
0.00505588
-0.014851
0.0576256
-0.0364104
-0.0194781
0.0312215
-0.0486177
0.0322939
0.0117087
-0.0148096
0.0536256
-0.0324518
0.00443901
0.00751177
-0.0561825
0.0327032
-0.0145244
-0.0143329
0.0580349
-0.0387679
-0.000244936
0.0111439
-0.0551514
0.0320297
-0.0025866
-0.0500531
0.045439
-0.0284207
-0.0330273
0.023465
-0.0535866
0.0242939
0.0189626
-0.0329701
0.0557654
-0.0320114
-0.00224494
0.0303667
-0.0543327
0.0359364
0.000465231
-0.01425
0.0586567
-0.0344311
-0.00287705
0.0164185
-0.0580789
0.0352939
0.00675019
-0.0311049
0.056838
-0.0307161
-0.0191309
0.0295583
-0.0506177
0.0249882
0.018289
-0.0130738
0.0585738
-0.0324
-0.0178045
0.014978
-0.0550478
0.0319778
0.00970873
-0.0221153
0.057553
-0.0274207
-0.0214159
0.0199055
-0.0516695
0.031641
0.00440304
-0.016851
0.0596049
