0.854603
0.052904
0.047635
-0.022888
-0.0218417
0.064863
-0.037173
-0.0083443
0.0112984
-0.0628726
0.0368059
0.0132829
-0.0315203
0.0596764
-0.0347843
-0.0159868
0.025174
-0.0567689
0.0354587
0.00797724
-0.0302354
0.0597075
-0.0324786
-0.0162925
0.0175315
-0.0574839
0.0387955
-0.0122352
-0.0178002
0.0608837
-0.0365408
0.0148888
-0.0014632
-0.0524478
0.0416246
-0.0265616
-0.00693495
0.0596817
-0.035287
0.0258785
-0.0133388
-0.0532354
0.0453293
-0.027888
-0.00230284
0.05906
-0.0323284
0.0275728
-0.0123492
-0.0538882
0.048635
-0.0225512
0.00137074
0.0554279
-0.0386652
0.0248888
-0.0113595
-0.0505618
0.0519718
-0.0202144
-0.0112199
0.0586402
-0.0342766
0.024552
-0.0113595
-0.04194
0.0464018
-0.0358776
0.0119096
0.0479201
-0.0311575
0.0405935
-0.0205823
-0.0433701
0.039148
-0.0422559
0.014552
0.0575626
-0.0423699
0.0268785
0.0301067
-0.0479244
0.0455313
0.00102907
-0.00708516
0.0589252
-0.0365719
0.0112567
0.0213813
-0.0575565
0.0298785
-0.0358673
-0.00169146
0.0571014
-0.0303699
0.037552
-0.0169295
-0.0436758
0.0514018
-0.0302144
0.00729817
0.0538372
-0.0357274
0.0305728
0.00789432
-0.0534063
0.0459096
-0.0182248
-0.00490386
0.0646506
-0.0372352
0.014236
-0.00744247
-0.0584581
0.047236
-0.0208673
0.00601322
0.0584486
-0.0389917
0.0218992
-0.00143211
-0.0541213
0.054552
-0.0125305
0.00539147
0.067376
-0.0322766
0.0298681
-0.0129813
-0.0519193
