3.97106
0.0503097
-0.0431606
0.0221499
0.00741964
-0.0561348
0.0431292
-0.00406735
-0.00886553
0.0661241
-0.0349533
-0.0110728
0.0257615
-0.0558757
0.0333831
0.00520724
-0.0184043
0.0607044
-0.0346062
-0.00809357
0.0274455
-0.0532228
0.0334038
0.00851293
-0.0117411
0.0597459
-0.029658
0.0151707
0.0103574
-0.0511141
0.0388339
-0.0226787
-0.00368423
0.0523003
-0.0294767
0.0242018
-0.00022284
-0.0561867
0.0375178
-0.0263419
0.00292716
0.0490465
-0.0338446
0.0265178
-0.0134663
-0.0536478
0.0352743
-0.0340259
0.00687533
0.0520776
-0.0378239
0.0205178
-0.00885495
-0.0496167
0.0395904
-0.0293523
0.00689606
0.0487511
-0.0378446
0.0205282
-0.000569994
-0.049881
0.0392225
-0.031658
0.000569636
0.0417511
-0.0295907
0.035865
-0.0220466
-0.0374873
0.0344505
-0.0434041
0.0124867
0.0385387
-0.0286737
0.0402225
-0.0246891
-0.0497826
0.0463054
-0.032658
-0.027622
0.0481656
-0.0397098
0.00353854
-0.00331613
-0.0568188
0.0388235
-0.0183627
-0.0142645
0.0578391
-0.0161192
0.0418339
-0.0103938
-0.0523422
0.0346318
-0.0443212
0.010782
0.0431916
-0.0412436
0.0328131
-0.0207098
-0.0510779
0.0419686
-0.0399741
-0.0120832
0.0542796
-0.0360881
0.0194971
-0.00851816
-0.0562489
0.0455074
-0.0213212
0.00725358
0.0547097
-0.0364663
0.0228339
-0.0201088
-0.0500468
0.0452743
-0.0313212
-9.3575e-05
0.0526889
-0.0450881
0.0124867
-0.0151814
-0.0559535
0.0329272
-0.041658
0.00383386
0.0444558
