0.854603
0.0503428
0.0477334
-0.0285668
-0.0105826
0.0626454
-0.0395564
-3.34319e-05
0.00506007
-0.0619503
0.0378525
0.003656
-0.025282
0.061091
-0.0314942
-0.00599197
0.01363
-0.0565513
0.0375158
-0.00297611
-0.0266603
0.0601117
-0.0325046
-0.00665518
0.00997714
-0.0555824
0.0362101
-0.0215668
-0.0122044
0.0592983
-0.030945
0.0259044
-0.00405904
-0.0422094
0.040407
-0.0325875
0.00200803
0.0581066
-0.0287015
0.0362412
-0.0139554
-0.0443027
0.0414381
-0.0385668
-0.000686277
0.0528009
-0.0260901
0.0362826
-0.0192818
-0.0456603
0.0457542
-0.0305771
0.00831372
0.0458838
-0.0324684
0.0342826
-0.0212818
-0.0416914
0.0481117
-0.0292507
-0.0029505
0.0491066
-0.0304062
0.0329355
-0.0226082
-0.0357328
0.0342361
-0.0446393
0.0221997
0.0310912
-0.0210436
0.0553552
-0.0218725
-0.0304582
0.0359511
-0.0443233
0.0135883
0.0396404
-0.0395099
0.0379147
0.0155627
-0.0434115
0.0436505
-0.0179346
0.000101325
0.0524123
-0.0330279
0.0259355
0.00156271
-0.0514426
0.0114588
-0.0519968
0.0171997
0.0367025
-0.0259607
0.0523034
-0.027831
-0.0258676
0.0353501
-0.0519865
0.023495
0.0321119
-0.0313286
0.0489769
-0.0179035
-0.0407017
0.0348578
-0.0436186
0.00926189
0.0406093
-0.0394891
0.0385676
-0.0242196
-0.0407432
0.0375314
-0.0442714
0.0198629
0.0343969
-0.0356031
0.0442826
-0.0238828
-0.0407432
0.048806
-0.03523
0.018894
0.0463139
-0.021572
0.0513034
-0.0255149
-0.0298261
