-3.58047e-15
0.0491168
0.0344031
0.0147868
-0.0428817
0.0461907
-0.0150577
-0.0381408
0.0291027
-0.0401406
0.00852747
0.0444344
-0.0365811
0.030486
-0.0190992
-0.0454361
0.0373358
-0.0354048
0.0124964
0.0421494
-0.0349593
0.0358228
-0.0107831
-0.0407418
0.036683
-0.0367416
0.0294031
0.0257039
-0.0325034
0.0495378
-0.0256587
-0.0233067
0.0322478
-0.0445085
0.0340559
0.0283878
-0.0281874
0.0502321
-0.0283219
-0.0216642
0.0203307
-0.0545603
0.0290559
0.0107868
-0.0276485
0.0546104
-0.0289851
-0.0193481
0.0176986
-0.0526018
0.0310767
0.0200718
-0.0189542
0.0559679
-0.0306483
-0.0167057
0.0154033
-0.0539593
0.0340663
0.024735
-0.0305345
0.051885
-0.028638
-0.0196849
0.0196882
-0.046949
0.0354238
-0.000140618
-0.0131512
0.0590819
-0.0306898
-0.000104647
0.00855877
-0.0573894
0.0367502
-0.000130252
-0.016804
0.0607141
-0.0276794
-0.0113689
0.0568799
-0.0364048
0.0201181
0.0388956
-0.0220837
0.0495482
-0.0259955
-0.0325916
0.040797
-0.0450681
0.0336673
-0.00176237
-0.0317522
0.0566311
-0.0356172
-0.00679896
0.0131805
-0.0583376
0.0367191
0.0061858
-0.0214051
0.058999
-0.0366172
-0.0184103
0.0293411
-0.0551821
0.0320145
0.0204397
-0.0259335
0.0542632
-0.0279851
-0.024317
0.0130147
-0.0582546
0.0307088
0.0124604
-0.0173636
0.055683
-0.0349851
-0.0173896
0.0170665
-0.0592546
0.0290456
0.021735
-0.0196071
0.0546311
-0.0329748
-0.00909428
0.0131494
-0.0560008
