4.27273
0.0496456
-0.0393214
0.0374918
-0.00478763
-0.0522956
0.0478597
-0.017684
-0.00300552
0.0628961
-0.0380208
0.00352294
0.0159118
-0.0533628
0.0414193
-0.00572543
-0.0115443
0.0591396
-0.037
0.00384936
0.0076268
-0.0610571
0.0384089
-0.00838864
-0.00592259
0.057865
-0.0254301
0.0275022
-0.00451303
-0.0456323
0.0422587
-0.0323368
0.00884936
0.0431345
-0.0246478
0.0435333
-0.0147254
-0.0457464
0.0307095
-0.043399
0.015124
0.037891
-0.0293628
0.0422069
-0.0226943
-0.0428189
0.0340774
-0.0440622
0.0167768
0.0369118
-0.0389949
0.0351758
-0.0220519
-0.0378293
0.0360981
-0.0420726
0.0184504
0.0339325
-0.0393525
0.0345229
-0.0101244
-0.0427049
0.034352
-0.0413783
0.015124
0.0279429
-0.0271193
0.047238
-0.0273264
-0.0236273
0.0213158
-0.0548602
0.0214296
0.0196994
-0.0275391
0.0499323
-0.0213575
-0.0298811
0.0444557
-0.0393886
-0.0117206
0.0423158
-0.0398291
0.0195022
-0.0111866
-0.0469899
0.0399427
-0.0343472
-0.00607808
0.050979
-0.011596
0.0495437
-0.021
-0.0438189
0.0297614
-0.0507254
0.0203882
0.0299947
-0.035425
0.0455229
-0.0263161
-0.0375547
0.0460774
-0.0420104
0.00250221
0.0500723
-0.0288913
0.0351758
-0.0147565
-0.0427464
0.0502898
-0.0339689
0.0137975
0.0458392
-0.0329431
0.0355126
-0.0233783
-0.0404925
0.0450359
-0.0383472
0.0111447
0.0484713
-0.0395441
0.0258286
-0.0207669
-0.0490728
0.0320152
-0.0447047
0.0164296
0.0365853
