4.27273
0.0529392
-0.0421706
0.0369276
-0.0036576
-0.056808
0.0506011
-0.0145332
-0.000885857
0.067679
-0.0401861
0.00262187
0.0183682
-0.061181
0.0374975
-0.00957467
-0.0150983
0.0629017
-0.0394917
0.00327471
0.0170522
-0.0588753
0.0352021
-0.00894256
-0.0117615
0.0599328
-0.0295747
0.0272436
0.000943414
-0.0504505
0.0393473
-0.0348596
0.0046426
0.0515288
-0.0277613
0.0399483
-0.00663687
-0.0498702
0.0377359
-0.0431861
0.0128861
0.0453164
-0.0344867
0.0402747
-0.0208907
-0.046005
0.039482
-0.0412275
0.0175597
0.0466635
-0.0431084
0.0325804
-0.0212483
-0.0453314
0.0368292
-0.0452275
0.0175389
0.0400418
-0.0448235
0.0335908
-0.00997366
-0.0475645
0.0394198
-0.0411964
0.0132332
0.0303889
-0.0299582
0.0516426
-0.0288078
-0.0301708
0.0270469
-0.0543415
0.0274975
0.0255237
-0.0280619
0.052368
-0.0331446
-0.0394765
0.046881
-0.04487
-0.0109895
0.0424769
-0.0423726
0.0212747
-0.0180048
-0.0519013
0.0413887
-0.0388493
-0.00102061
0.0581298
-0.010782
0.0536426
-0.0175228
-0.0433521
0.0368499
-0.0492172
0.0211607
0.0321247
-0.0382743
0.0489379
-0.025155
-0.0397615
0.0438706
-0.04687
0.00359077
0.0495599
-0.032098
0.0379379
-0.0155954
-0.0462899
0.0530519
-0.035471
0.0145597
0.0496324
-0.035782
0.0372643
-0.0255436
-0.0407304
0.0491556
-0.0395228
0.0129068
0.0472956
-0.0444141
0.0292436
-0.0262379
-0.0506682
0.0338188
-0.0478907
0.0171918
0.0397154
