3.7197
0.0490026
-0.0385331
0.00271525
0.0263579
-0.0570772
0.025938
0.0212285
-0.0150929
0.0588293
-0.0274606
-0.0277717
0.0373837
-0.0472482
0.0245805
0.0281974
-0.0249892
0.0501039
-0.031787
-0.033435
0.0274045
-0.0512896
0.0192748
0.0274927
-0.0193364
0.0551142
-0.0337559
-0.00792723
0.0226429
-0.0527612
0.0332644
-0.00194247
-0.0116473
0.0573008
-0.0318492
0.00638883
0.0114512
-0.0591912
0.031622
-0.0185435
-0.0101085
0.0553837
-0.0345538
0.0126945
0.00917664
-0.0532638
0.0379898
-0.0128906
-0.00576137
0.0583837
-0.0375228
0.00470489
0.00150306
-0.0556213
0.0340106
-0.0155746
-0.00145568
0.0587516
-0.0345538
0.00274635
0.0153994
-0.0521809
0.0343059
-0.0122378
-0.00243495
0.053762
-0.0299425
0.0233577
-0.00635182
-0.0477768
0.036451
-0.0288803
-0.000212186
0.0508449
-0.0343104
0.0183785
-0.0100358
-0.0544193
0.0407153
-0.0165538
-0.0409323
0.0478396
-0.0348181
-0.0161915
0.010959
-0.052813
0.0342852
-0.00559531
-0.0259323
0.06085
-0.0221549
0.0220106
0.00956526
-0.0569374
0.0356531
-0.0248388
-0.000875398
0.0538242
-0.0392585
0.016337
-0.00206686
-0.0566835
0.0429898
-0.0145228
-0.0207095
0.0629226
-0.0311341
0.00172562
0.0137466
-0.0531912
0.0396116
-0.000921735
-0.00269918
0.0633423
-0.0358181
5.20411e-05
-0.00317052
-0.0543156
0.0446427
-0.00953312
-0.00940385
0.0603423
-0.0361652
-0.0016008
0.00576729
-0.0598752
0.0366012
-0.0141963
-0.00445568
0.0564148
