-1.56996
0.0509911
-0.0301582
0.0550904
-0.027158
-0.0387437
0.0518573
-0.0394948
0.014251
0.0529662
-0.0357332
0.0306396
-0.00898703
-0.0498421
0.0364272
-0.0375362
0.00897638
0.050588
-0.036386
0.029966
-0.00965024
-0.0455364
0.042764
-0.0335259
0.0113132
0.0459559
-0.0158679
0.0510386
-0.0254948
-0.0294484
0.0303703
-0.0526295
0.026852
0.0162565
-0.0204846
0.0587847
-0.0308004
-0.0288267
0.0227693
-0.0533653
0.0295359
0.0152668
-0.0178421
0.0604687
-0.0308004
-0.0208681
0.0175258
-0.0607332
0.0281888
0.00929793
-0.0321478
0.0547432
-0.0334533
-0.018236
0.0248522
-0.0540596
0.0321991
0.00632902
-0.0381478
0.0513961
-0.0288212
-0.0288059
0.0247485
-0.0526813
0.0338416
0.010329
-0.0142515
0.0595309
-0.0324948
-0.00196143
0.00374345
-0.0612462
0.0312613
-0.0079663
-0.0163551
0.0615619
-0.0275259
-0.00457281
0.0355361
-0.0497021
0.0196085
0.0247953
-0.0339716
0.0437018
-0.0285155
-0.0311116
0.0330128
-0.0529352
0.0198727
0.0324585
0.000556868
0.0651733
-0.0337797
-0.0218889
0.0138833
-0.0614275
0.0315152
0.00401297
-0.0262307
0.0607847
-0.0354326
-0.0202464
0.0278315
-0.0583446
0.0212095
0.0281528
-0.0210338
0.0567329
-0.0284637
-0.0281531
0.043992
-0.0459041
0.0271888
0.0235518
-0.0287177
0.0520593
-0.0331269
-0.0192257
0.0328004
-0.0543238
0.0265256
0.0252046
-0.038982
0.0436811
-0.034474
-0.0324899
0.0181061
-0.054386
0.0318624
0.0149508
