0.854603
0.0493075
0.0454692
-0.0261471
-0.0171007
0.0583708
-0.0387999
-0.00523549
0.00511187
-0.0595099
0.0346401
0.00471817
-0.0261576
0.0588474
-0.0290849
-0.00753082
0.0163554
-0.0560902
0.0336194
0.0077078
-0.0181784
0.0615521
-0.0287585
-0.00785724
0.0160186
-0.0547637
0.0336297
-0.0165046
-0.0117329
0.0570548
-0.0311885
0.0183759
-0.00899687
-0.0451058
0.0447956
-0.0254839
-0.00482614
0.0617802
-0.0301989
0.0223655
-0.010629
-0.050769
0.0414484
-0.0307999
-0.00453082
0.0551688
-0.0295979
0.0253863
-0.00896577
-0.0494322
0.0437749
-0.0224942
0.00116349
0.0521999
-0.0309554
0.0270495
-0.0169139
-0.0504944
0.0447956
-0.0241574
-0.0127743
0.0547491
-0.0288932
0.0250391
-0.0139347
-0.0415152
0.0405417
-0.0341678
0.0173552
0.0470497
-0.0234477
0.0420909
-0.0224942
-0.0426085
0.0319615
-0.0412196
0.0186712
0.0533657
-0.0399865
0.0270184
0.0232259
-0.0432249
0.0423759
-0.00621964
-0.00402818
0.0577387
-0.0341782
0.0130495
0.00887874
-0.0575513
0.0280391
-0.0341471
-0.00454119
0.0581584
-0.0255979
0.0320391
-0.01423
-0.0435255
0.043521
-0.0291678
0.00312203
0.0515678
-0.0329658
0.0253863
0.0102674
-0.0496135
0.0413759
-0.014515
-0.00674322
0.0604019
-0.0331678
0.011723
-0.00837512
-0.0553597
0.0413863
-0.0175046
0.00451064
0.0541999
-0.0349243
0.0200495
-0.00136476
-0.0486965
0.0483863
-0.00851496
0.00124642
0.0601169
-0.0268932
0.0257127
-0.00730256
-0.0441162
