0.150808
0.0484638
0.03294
0.0189558
-0.0363448
0.0457587
-0.0162047
-0.0405936
0.0332613
-0.0372462
0.00607473
0.0492562
-0.0360027
0.0240333
-0.0209301
-0.0488785
0.0355152
-0.0365312
0.00804363
0.0469609
-0.0300649
0.0307276
-0.0129509
-0.0501531
0.0331577
-0.0358679
0.0242975
0.0331579
-0.0272515
0.0510644
-0.0234586
-0.0284019
0.0287536
-0.0466348
0.0332457
0.0246087
-0.0286816
0.0511058
-0.0267954
-0.0221169
0.0205205
-0.0520338
0.0309296
0.0133134
-0.0237852
0.0561577
-0.028785
-0.0218009
0.017878
-0.0517281
0.0266343
0.0225568
-0.0190495
0.0534944
-0.0278058
-0.0154848
0.0172562
-0.0527488
0.0296239
0.0278833
-0.0309562
0.0477483
-0.0304482
-0.0244641
0.0221733
-0.0483706
0.0322768
0.00402839
-0.0145728
0.0599142
-0.0278161
-0.000557383
0.013391
-0.0558214
0.03694
0.0037227
-0.0208889
0.0565566
-0.0294793
-0.013832
0.0573961
-0.0342047
0.0176757
0.0400646
-0.0245157
0.0457379
-0.0261425
-0.0353708
0.045282
-0.0405104
0.0332146
0.00970197
-0.0341116
0.0531162
-0.0304379
-0.0135263
0.0152977
-0.0541064
0.03394
0.0153134
-0.0204588
0.0568416
-0.0311114
-0.018832
0.0371422
-0.0469509
0.0266032
0.0268833
-0.0293033
0.0480955
-0.0241529
-0.0283915
0.0197951
-0.0503499
0.0282768
0.0265568
-0.0190287
0.0541473
-0.0284586
-0.027433
0.0261215
-0.0519716
0.0189607
0.0334636
-0.0136401
0.0548105
-0.0274586
-0.017148
0.0192355
-0.0547177
