-0.150808
0.0476776
-0.0390801
0.0263445
0.00790952
-0.0470232
0.0473341
-0.00723031
-0.00409068
0.0636762
-0.0328521
0.000396307
0.0213447
-0.0547952
0.0339144
-0.00360857
-0.0146606
0.0582668
-0.0374842
-0.00362442
0.0153654
-0.0535102
0.0365983
-0.00128214
-0.00834455
0.0569819
-0.0249143
0.0223548
-0.00305938
-0.0470958
0.0410699
-0.0281889
0.00672273
0.0462514
-0.0254376
0.0370388
-0.0145982
-0.0485466
0.0318368
-0.0412199
0.00799732
0.0379975
-0.0321527
0.0370284
-0.0169143
-0.0399456
0.0355622
-0.0379143
0.0120077
0.0403343
-0.0387744
0.0306709
-0.016935
-0.0386088
0.0398782
-0.0372199
0.00868127
0.0350079
-0.0388055
0.0290284
-0.00767076
-0.045158
0.0344792
-0.0368832
0.0119973
0.0327126
-0.0249092
0.0430803
-0.0278521
-0.0297539
0.024412
-0.050334
0.0179559
0.0281219
-0.0276242
0.0464067
-0.0258417
-0.0393653
0.0452254
-0.036536
-0.0161943
0.039127
-0.0383443
0.0170284
-0.00706975
-0.0481061
0.0397435
-0.0281992
-0.00686792
0.0531063
-0.011733
0.0430595
-0.0198832
-0.0452823
0.0265829
-0.0462614
0.0189351
0.0291323
-0.0382356
0.037702
-0.0268624
-0.0423445
0.0375725
-0.0461992
-0.00165552
0.0449042
-0.032733
0.0300181
-0.0136293
-0.0478626
0.044101
-0.0308417
0.0100181
0.04264
-0.032448
0.0297124
-0.0292303
-0.042671
0.0398886
-0.0408728
0.00434448
0.0402929
-0.0447226
0.0190077
-0.0229661
-0.0502305
0.0265311
-0.0439143
0.0106502
0.0327126
