-0.754056
0.050604
-0.00591354
0.0525011
-0.0435713
0.0106771
0.0274235
-0.0537786
0.035931
0.0047137
-0.0198875
0.0612005
-0.0320997
-0.0132089
0.0162991
-0.0574211
0.0358999
0.0103665
-0.0188564
0.054558
-0.0384469
-0.0208617
0.0192369
-0.0563796
0.0309102
-0.00226557
0.0016202
0.0584078
-0.037193
0.0113507
0.00288464
-0.0503227
0.0433507
-0.0214883
0.00544398
0.0568586
-0.0382552
0.0176771
-0.0120013
-0.0484678
0.0401176
-0.0324987
0.00273931
0.0485737
-0.0399806
0.0223403
-0.0149599
-0.052815
0.0391072
-0.0344883
-0.00490317
0.0531643
-0.0319599
0.0296667
-0.00961272
-0.0481517
0.0388015
-0.0354987
-0.00423996
0.0561539
-0.0392345
0.0193196
-0.0113174
-0.050131
0.0374543
-0.0348355
0.0146667
0.043698
-0.0284625
0.0430346
-0.0241515
-0.0393383
0.0352938
-0.0458769
0.00965638
0.0403613
-0.0294729
0.0377289
-0.00429666
-0.0411517
0.0557497
-0.0134987
-0.0140741
0.0580088
-0.0318562
0.0143611
0.00223179
-0.0536491
0.0446564
-0.0141723
0.0303611
0.0500659
-0.042706
0.0319724
-0.0231826
-0.040644
0.0412419
-0.0421723
0.0136356
0.0510037
-0.0310635
0.0426564
-0.0135194
-0.0465611
0.0497911
-0.0248251
0.00576004
0.0595218
-0.0359184
0.025646
0.00430435
-0.0493641
0.0364129
-0.0344883
0.00305536
0.0565426
-0.0322967
0.033646
-0.00692878
-0.0504678
0.04276
-0.0288251
-0.00818813
0.0590917
-0.0269184
0.0260243
-0.0162759
-0.0478564
0.0388222
-0.0388251
