-1.50923
0.0483226
-0.0284116
0.055153
-0.0198
-0.0316604
0.0502878
-0.0364736
0.0160079
0.0520288
-0.0353441
0.0290494
-0.00794515
-0.0520852
0.0334794
-0.0328415
0.00709082
0.0463034
-0.0320281
0.0287437
-0.0169141
-0.0554634
0.0384587
-0.0318104
0.0103965
0.0469977
-0.0147949
0.0471219
-0.0248
-0.0293651
0.0304225
-0.0462612
0.0299457
0.0169823
-0.0147795
0.0575624
-0.0320954
-0.0264376
0.0172101
-0.0520281
0.0299664
0.0103398
-0.0224531
0.0545416
-0.0337586
-0.017163
0.0143034
-0.0560695
0.0319561
0.0073709
-0.0258002
0.0551945
-0.0324218
-0.0141734
0.0202931
-0.0543752
0.0329457
0.00472843
-0.0294738
0.0535209
-0.0254632
-0.0204169
0.0185573
-0.0540177
0.0322721
0.00472843
-0.0128935
0.059951
-0.0317793
-0.000562026
0.00149001
-0.0558986
0.0360183
-0.00723011
-0.0136397
0.057666
-0.0367897
-0.00986772
0.0312723
-0.0453545
0.0200494
0.0208579
-0.0326033
0.0444483
-0.0248104
-0.025049
0.0337697
-0.0489037
0.0203032
0.0308475
0.000945903
0.056951
-0.0347793
-0.016163
0.0106609
-0.0580903
0.0312929
-0.00755653
-0.0279039
0.0539095
-0.0364321
-0.0112045
0.0243034
-0.0553545
0.0233136
0.0169305
-0.0217173
0.0531841
-0.0314321
-0.0261008
0.0364433
-0.0475669
0.0246193
0.0149616
-0.022738
0.0521945
-0.0380746
-0.0185206
0.0272412
-0.054313
0.0229664
0.016604
-0.037308
0.0427851
-0.0321161
-0.0264273
0.0135573
-0.0550384
0.0312825
0.00670769
