1.30719
0.0487642
0.0397458
-0.0437928
0.00146589
0.0526474
-0.0405286
0.0127923
-0.0129483
-0.0586479
0.0407819
-0.0151193
-0.0149693
0.0580826
-0.0297721
0.0128027
0.000642314
-0.0542282
0.0407612
-0.0111296
-0.00333716
0.0657872
-0.0297514
0.0114659
-0.00367374
-0.0476272
0.031212
-0.0374353
0.00480268
0.0483521
-0.0259794
0.0401187
-0.0167825
-0.0322231
0.037725
-0.0431296
0.00710837
0.0453935
-0.0243577
0.0447923
-0.0233939
-0.0356014
0.0327561
-0.0438343
0.0187301
0.0381811
-0.0214717
0.0481809
-0.0267203
-0.0329693
0.0420722
-0.0421193
0.0163933
0.0315387
-0.0258292
0.0448545
-0.0293939
-0.0283372
0.040124
-0.04514
0.00876121
0.0364557
-0.0260935
0.042497
-0.0287307
-0.0200418
0.0236059
-0.050938
0.027699
0.0130413
-0.0150676
0.058295
-0.0310363
-0.0144305
0.0200153
-0.0506634
0.0363519
0.0250309
-0.0365546
0.0431706
-0.00883431
-0.0324874
0.0453157
-0.0321089
0.0134555
0.042435
-0.0306945
0.0394555
-0.0157928
-0.0428242
0.0121033
-0.0519069
0.0210462
0.032233
-0.0211971
0.0521913
-0.0303524
-0.0227258
0.0318909
-0.0512022
0.0220254
0.0272744
-0.0308603
0.0481602
-0.0180882
-0.038876
0.0310515
-0.0444872
0.0120876
0.0378029
-0.0386945
0.0380876
-0.0263939
-0.0399278
0.0330618
-0.0454768
0.0180462
0.0285698
-0.0351453
0.041813
-0.0264042
-0.0382646
0.04501
-0.038425
0.0180565
0.0421604
-0.0207774
0.0481706
-0.0290363
-0.0303372
