0.703783
0.0465138
0.0428764
-0.020771
-0.0219474
0.0577262
-0.0310663
-0.00742931
0.0104569
-0.0560509
0.0290784
0.012716
-0.0246675
0.0529282
-0.028372
-0.012735
0.0243428
-0.050284
0.0283945
0.0110632
-0.019709
0.0572857
-0.029688
-0.0163982
0.0123843
-0.053683
0.030068
-0.0124757
-0.0132635
0.0567676
-0.0334135
0.00815097
0.00527557
-0.048196
0.0384774
-0.0121389
-0.0099474
0.059778
-0.0254446
0.0151717
-0.00763114
-0.0496364
0.0375292
-0.0227813
-0.00835675
0.0541874
-0.0291596
0.0128556
-0.00632545
-0.0469628
0.0415189
-0.0151285
-0.0020096
0.0505656
-0.0318539
0.0188245
-0.0119161
-0.0466986
0.0445396
-0.0134653
-0.013937
0.0541148
-0.0281285
0.018151
-0.0125793
-0.0410665
0.0362961
-0.0317917
0.00751886
0.0430579
-0.023683
0.0361924
-0.0144964
-0.0404551
0.0350008
-0.0348021
0.00153959
0.0483221
-0.036885
0.0221302
0.0279077
-0.0427555
0.0367935
-0.000864268
-0.00554842
0.0584412
-0.0290974
0.00884528
0.013887
-0.0514395
0.0324463
-0.0264135
-0.00938785
0.0555241
-0.0241803
0.0291406
-0.00853785
-0.0397401
0.0449282
-0.0217813
0.00325463
0.0559335
-0.0278643
0.0218349
0.0106435
-0.0488488
0.0391302
-0.0114653
-0.00862098
0.0591252
-0.0300974
0.0104981
-0.000356546
-0.0499007
0.0431302
-0.0121078
0.00230646
0.0572288
-0.031486
0.0144981
0.0062963
-0.0465431
0.0441302
-0.0018228
0.0020526
0.062493
-0.0261181
0.0237935
-0.00258968
-0.0459836
