2.3624
0.0495772
-0.0103381
-0.0554263
0.0506667
-0.0101723
-0.0322969
0.0545373
-0.0367837
-0.01124
0.0249415
-0.0580324
0.0269102
0.00997793
-0.0175093
0.0582005
-0.0327837
-0.0112192
0.0216151
-0.0494314
0.037931
0.022294
-0.0200895
0.0584751
-0.0267837
-0.00322959
-0.0058615
-0.0543123
0.0433196
-0.012193
-0.0051052
0.0530918
-0.035908
0.02033
-0.0070117
-0.0527528
0.0427186
-0.0132241
0.00220049
0.0531436
-0.0342759
0.0213507
-0.00933812
-0.0511103
0.0407497
-0.0268458
0.00144399
0.0538483
-0.0332967
0.0276667
0.0059572
-0.0513434
0.0367186
-0.0258562
-0.000535282
0.0498483
-0.0346438
0.0250139
-0.00135886
-0.0543745
0.0440139
-0.0181723
-0.00382024
0.0511332
-0.0339495
0.0250035
-0.0209184
-0.0472347
0.0342005
-0.0408666
0.0159724
0.0427188
-0.0291465
0.0403818
-0.0125713
-0.038245
0.0342523
-0.0385713
-0.00720886
0.0425218
-0.0486127
0.0133196
0.0128535
-0.0555662
0.0363092
-0.0122241
-0.00276841
0.0597342
-0.0388458
0.00934033
-0.0302863
-0.0406337
0.0478637
-0.0354883
0.0136564
0.0440245
-0.0264729
0.0456978
-0.0181723
-0.0422865
0.0422109
-0.0385091
0.00867712
0.0482991
-0.0396853
0.02733
-0.0159288
-0.0531725
0.04276
-0.0278355
-0.0058617
0.0484907
-0.0276749
0.0330243
-0.0175713
-0.0518668
0.0354854
-0.0388458
0.00270821
0.0472576
-0.0380117
0.0296564
-0.0029806
-0.0510895
0.03676
-0.0318458
0.0123611
0.0430037
-0.0281257
0.0413714
