1.75888
0.0479912
0.0268986
-0.0524329
0.0239191
0.0327691
-0.0379148
0.0363388
-0.0249096
-0.0440134
0.0411679
-0.0359096
0.00334918
0.0458778
-0.0267905
0.0353388
-0.017951
-0.0456144
0.0351575
-0.032951
0.0123388
0.0538882
-0.0323915
0.0312973
-0.0232567
-0.0370342
0.022313
-0.0476868
0.0242352
0.0288002
-0.020376
0.0524114
-0.029837
-0.010915
0.0215618
-0.0547801
0.0295512
0.0231992
-0.0118165
0.0581471
-0.0321634
-0.0119254
0.0149297
-0.0528423
0.0329087
0.00894532
-0.0139201
0.0588518
-0.0305209
-0.00925184
0.0295307
-0.0464329
0.0299191
0.00428211
-0.0195833
0.0581575
-0.031837
-0.0102622
0.0255514
-0.0530961
0.0268984
0.0125671
-0.0191844
0.0548104
-0.0298577
-0.00294615
0.0100126
-0.0505884
0.0369398
-0.0086246
-0.00510671
0.0579969
-0.0335831
0.00236991
0.005738
-0.0526299
0.0356238
-0.00101322
-0.0299098
0.0504736
-0.0258992
-0.0188218
0.0330799
-0.04735
0.0222455
0.0224841
-0.0263864
0.0513906
-0.0261842
-0.0311171
-0.00546932
-0.0555677
0.0385616
0.00997642
-0.00928802
0.0608829
-0.0321842
0.00333881
0.0176965
-0.0545366
0.037888
2.82478e-05
-0.0222984
0.0568415
-0.0335106
-0.0192207
0.0198467
-0.0524433
0.0302248
0.0172303
-0.0307646
0.0500642
-0.0301738
-0.0135679
0.0202146
-0.0541169
0.0305512
0.00363963
-0.0265626
0.0557896
-0.0315002
-0.0155679
0.0321421
-0.0516972
0.0285305
0.0182303
-0.0138476
0.0584839
-0.0281842
-0.00658863
