2.81484
0.0491685
-0.0229013
-0.042057
0.0521036
-0.0292277
-0.011254
0.0536891
-0.0283521
0.0163367
0.00313487
-0.0540414
0.0399273
-0.0109635
-0.00349745
0.0579948
-0.0319635
0.0133056
-0.00349724
-0.0560828
0.0386113
-0.0113107
-0.0131088
0.0562591
-0.0276267
0.0173056
-0.0227096
-0.0466269
0.0460621
-0.0285749
0.0119688
0.0406011
-0.0282123
0.042632
-0.0265542
-0.0371088
0.041544
-0.0389531
0.019233
0.0307255
-0.0289895
0.0440103
-0.0282277
-0.0341296
0.0352694
-0.0449842
0.0215387
0.0377152
-0.0216527
0.0496838
-0.0205749
-0.0383938
0.0328912
-0.0429842
0.0215491
0.0320727
-0.0269999
0.0463471
-0.0229117
-0.0417202
0.0414922
-0.0379324
0.0175698
0.0366841
-0.0209792
0.0483574
-0.029207
-0.0245285
0.0234145
-0.0530775
0.0278444
0.0162074
-0.0235025
0.0544093
-0.0335127
-0.0242332
0.0327202
-0.0483729
0.0142538
0.0257152
-0.0535491
0.0295698
-0.0123314
-0.0485855
0.0380725
-0.0322692
0.00831596
0.0455493
-0.0414247
0.0308962
-0.0328806
-0.0348239
0.0405855
-0.0446163
0.0185387
0.0254302
-0.0273781
0.0483574
-0.0311966
-0.0381399
0.0302798
-0.0489946
0.0138962
0.0310312
-0.0458859
0.0309377
-0.0262692
-0.0493523
0.0384507
-0.0402485
-0.00234725
0.0378654
-0.0281916
0.0379792
-0.0265853
-0.0447202
0.0325233
-0.0452899
0.00660092
0.0386011
-0.0348548
0.0356217
-0.0159739
-0.049943
0.0297875
-0.0426163
0.0105906
0.0316633
-0.0312745
0.0403263
