1.90987
0.0509339
0.0153609
-0.0615354
0.0345109
0.0172522
-0.0390899
0.04734
-0.0308462
-0.035147
0.0376095
-0.0476131
0.0115731
0.0373298
-0.0272505
0.0476457
-0.0218773
-0.0330952
0.0352727
-0.0522659
0.011542
0.0403298
-0.0308826
0.0432985
-0.0268669
-0.0278206
0.015765
-0.0541054
0.0305213
0.014905
-0.0182039
0.0614333
-0.0311519
-0.000343979
0.00738163
-0.0609241
0.0385213
0.00765115
-0.0126444
0.0601898
-0.0365094
-0.000691134
0.00705521
-0.0579448
0.039542
-0.00396024
-0.0117377
0.0655473
-0.0308566
0.00498244
0.0193505
-0.0558722
0.0385213
-0.00494987
-0.0137377
0.0622209
-0.0308773
0.00897208
0.0223609
-0.0578515
0.0351845
0.00597757
-0.0103283
0.0602105
-0.0298877
0.0142881
-0.00181003
-0.055406
0.0386249
-0.024898
0.00304464
0.0591018
-0.0329913
0.0226146
-0.00806389
-0.0554785
0.0456249
-0.0152452
-0.022432
0.0529048
-0.0359084
-0.00430252
0.0305526
-0.053095
0.0318477
0.00231436
-0.0189708
0.0624747
-0.0354783
-0.0113129
-0.0105976
-0.0616909
0.0455316
-0.00226593
-0.00942162
0.0602623
-0.0348877
0.011941
0.00912777
-0.0589655
0.0431948
-0.00824519
-0.0174216
0.0628737
-0.0348462
-0.00731288
0.00998265
-0.0592194
0.0378477
0.00300867
-0.030919
0.0580757
-0.0288358
-0.000323248
0.0106873
-0.0615562
0.0378373
-0.00726593
-0.0243698
0.0608219
-0.031183
-0.0046393
0.0292261
-0.0557582
0.0348166
0.00300867
-0.0110226
0.0595576
-0.0345405
0.00563529
