0.854603
0.0528589
0.0482174
-0.0259688
-0.0203007
0.0641294
-0.0399377
-0.00480333
0.013228
-0.0613108
0.0407044
0.0138757
-0.0283058
0.0625957
-0.0305594
-0.014394
0.0227564
-0.057544
0.0360308
0.00324363
-0.0343472
0.0599324
-0.0328962
-0.0137411
0.0194507
-0.0582383
0.0393572
-0.00999987
-0.0172178
0.0644351
-0.0303056
0.015492
-0.00654397
-0.0515804
0.044207
-0.0283056
-0.00903646
0.0609066
-0.0353678
0.025777
-0.0101139
-0.0513161
0.0452381
-0.0329584
-0.00508829
0.0573056
-0.0307771
0.0278288
-0.0117875
-0.0543058
0.0498599
-0.0193159
0.00494281
0.0570103
-0.0347771
0.0278081
-0.0170828
-0.0520312
0.0479117
-0.0263159
-0.00802609
0.0609066
-0.0313885
0.0284609
-0.0137564
-0.0427255
0.0426682
-0.0383263
0.0161241
0.0458705
-0.0243212
0.0508495
-0.020632
-0.0405027
0.0390879
-0.043031
0.0171137
0.0518497
-0.0415232
0.0321241
0.026057
-0.0483938
0.0418081
-0.0117045
-0.00327995
0.0618859
-0.0356838
0.0184713
0.0084042
-0.0594352
0.0241967
-0.0426631
-0.00445617
0.0540103
-0.0324714
0.0374505
-0.0196734
-0.042798
0.0476786
-0.0369791
0.00816558
0.0531036
-0.0391554
0.0271448
0.000487124
-0.0575285
0.0378495
-0.0269999
-0.00437325
0.0579481
-0.0410413
0.0167977
-0.0164714
-0.0592954
0.0431967
-0.0263159
0.0032485
0.0533678
-0.0414403
0.0221345
-0.010145
-0.0582643
0.0471656
-0.0186527
0.00262675
0.0596424
-0.0314299
0.0311345
-0.0144092
-0.049368
