-0.150808
0.0506426
-0.0310114
0.0504185
-0.0208299
-0.0452912
0.0488279
-0.0324827
0.0120092
0.0556104
-0.0403014
0.021662
-0.00302681
-0.0600217
0.0356827
-0.0288299
0.000428873
0.0548435
-0.0346175
0.0243356
0.000299608
-0.0513793
0.0433667
-0.0221667
0.00809208
0.0509057
-0.0187522
0.0447138
-0.0208402
-0.0369959
0.0369522
-0.0458713
0.0199262
0.0338073
-0.0209492
0.0524289
-0.0231459
-0.0426591
0.030289
-0.0475656
0.0242423
0.0265431
-0.025001
0.0527657
-0.0311045
-0.0334364
0.0317191
-0.053576
0.0218951
0.0262063
-0.0329595
0.048061
-0.0254723
-0.0284156
0.0300766
-0.0516071
0.0288848
0.0262478
-0.0349699
0.0463978
-0.0228299
-0.034027
0.0330041
-0.0502288
0.0258848
0.0172789
-0.0211047
0.052175
-0.034462
-0.011224
0.0133254
-0.060773
0.0265998
0.00797319
-0.0205036
0.0565222
-0.031462
-0.0228146
0.0407502
-0.0455864
0.00370347
0.0306829
-0.0378144
0.0343667
-0.0238713
-0.0396488
0.0369315
-0.0471874
0.0102941
0.0400405
-0.00892844
0.0577864
-0.0300941
-0.035426
0.0234134
-0.0546278
0.0292112
0.0172996
-0.0304
0.0564185
-0.0314101
-0.0298043
0.0387191
-0.0525449
0.0145894
0.0400819
-0.0261927
0.0457242
-0.0215034
-0.0399856
0.0475429
-0.0384827
0.021263
0.0381234
-0.0315295
0.0440403
-0.0307884
-0.033426
0.0406673
-0.0468713
0.0169366
0.0390923
-0.0427833
0.0343252
-0.0324723
-0.0473534
0.0262994
-0.0519024
0.0222319
0.0268695
