3.66943
0.0470553
-0.0369262
-0.00330993
0.0279027
-0.0531231
0.021576
0.0221204
-0.0191077
0.0514258
-0.0275583
-0.0311337
0.037286
-0.0419884
0.0215657
0.0297525
-0.0240248
0.0470476
-0.0282215
-0.0321337
0.0342964
-0.0433355
0.0149336
0.0257214
-0.0230351
0.0463947
-0.0335376
-0.0112788
0.0235348
-0.0521335
0.0288817
0.00161263
-0.0179679
0.0521927
-0.0352319
-0.00497314
0.0199338
-0.0528485
0.0335449
-0.00532517
-0.0104083
0.052286
-0.0342837
0.00500612
0.00872137
-0.0546258
0.0345864
-0.00500912
-0.00575546
0.0543067
-0.0395894
-0.0043203
0.00270064
-0.0519937
0.0366071
-0.00898838
-0.00644977
0.0556435
-0.0332837
-0.00195241
0.0209338
-0.0518485
0.0332185
-0.00499875
-0.00675546
0.0533067
-0.0326309
0.00999576
-0.00451176
-0.0471181
0.0357004
-0.0242941
-0.000574161
0.053084
-0.0330195
0.0169854
-0.0044703
-0.0564238
0.0389543
-0.0132941
-0.0452839
0.0470683
-0.0308847
-0.0178902
0.0181669
-0.0521439
0.0331978
0.00893905
-0.029201
0.0544051
-0.0199055
0.0236279
0.011825
-0.0510144
0.0396071
-0.0199158
0.000752262
0.0537575
-0.0330195
0.018975
0.000519338
-0.0490973
0.0462911
-0.0129262
-0.017113
0.0598974
-0.025263
0.00935328
0.0150374
-0.0519315
0.0392289
-0.00198838
-0.00210262
0.0626228
-0.0302526
0.00733255
0.000446777
-0.0487294
0.0459439
-0.0066205
-0.00877619
0.0592756
-0.033579
0.00134291
0.00472137
-0.050004
0.0402704
-0.0129469
0.00014088
0.0557161
