2.51322
0.0501402
-0.00701294
-0.0538369
0.0499608
-0.0109093
-0.0287075
0.0571578
-0.0308678
-0.00429302
0.0272356
-0.0517902
0.0308779
0.00926166
-0.013267
0.0634842
-0.0298367
-0.00761945
0.0159403
-0.0588316
0.0298675
0.0139041
-0.0201944
0.0587692
-0.0304999
-0.00265054
-0.00789383
-0.0563861
0.0399401
-0.0162564
0.000453116
0.0587226
-0.027329
0.0322665
-0.0106554
-0.0492255
0.0453702
-0.0229093
0.00638055
0.0531527
-0.0350337
0.0256137
-0.0153394
-0.0475831
0.0407484
-0.0319093
0.00533909
0.0541631
-0.0303912
0.0292976
-0.00471761
-0.0504898
0.0386966
-0.0322253
0.000686245
0.0508159
-0.0304016
0.0309608
-0.00603367
-0.0534898
0.0449816
-0.0225518
-0.00225156
0.0511009
-0.0320337
0.0286137
-0.0202979
-0.0380131
0.0378625
-0.0452461
0.0162147
0.03936
-0.0305674
0.0416551
-0.0225725
-0.0400442
0.0474842
-0.0345621
-0.00595623
0.0438056
-0.0483394
0.00961368
0.00845332
-0.0573032
0.0342562
-0.0162772
-0.00815827
0.0593133
-0.0405518
0.0115826
-0.0276658
-0.0519613
0.0467173
-0.0308678
0.00764478
0.0472253
-0.0321166
0.0339608
-0.0169611
-0.0515934
0.0397381
-0.0365518
-0.000997698
0.0521423
-0.0396761
0.0159608
-0.0130751
-0.0598058
0.0422873
-0.0192357
-0.0178111
0.0529558
-0.0319507
0.0172976
-0.0114119
-0.058469
0.0366551
-0.0302253
-0.00858835
0.0530594
-0.0359818
0.0162976
0.00748442
-0.0546711
0.0382665
-0.0212357
-0.00124119
0.0464584
-0.0343912
0.026624
