1.6832
0.0503126
0.0386225
-0.0460612
0.0141872
0.0448921
-0.0421856
0.0268711
-0.0183876
-0.0536521
0.0489333
-0.0216208
-0.0102791
0.0585914
-0.0277037
0.0248815
-0.0081234
-0.055222
0.0412494
-0.0269575
-0.00931019
0.0559593
-0.0363565
0.0168711
-0.0124706
-0.0462842
0.0297209
-0.0426726
0.011524
0.0418921
-0.0272789
0.0495447
-0.0222529
-0.029533
0.026949
-0.0530819
0.0184721
0.0353221
-0.0233825
0.0535965
-0.0272321
-0.0259216
0.0273272
-0.051113
0.0241353
0.0267315
-0.0228023
0.0539748
-0.0299057
-0.0259319
0.0389386
-0.046714
0.0247882
0.0260786
-0.0267919
0.049638
-0.0299264
-0.0226055
0.0396225
-0.0490405
0.0158193
0.0326486
-0.0286986
0.0485862
-0.0292425
-0.018963
0.0224101
-0.0495224
0.0344618
0.0098766
-0.0133464
0.062752
-0.0305793
-0.00868844
0.0151977
-0.0545949
0.0397778
0.0201927
-0.0371598
0.0486069
-0.0133358
-0.0311029
0.0464567
-0.0366519
0.015524
0.0366071
-0.03131
0.0445654
-0.0173151
-0.0390925
0.00628575
-0.0548488
0.0311146
0.0244569
-0.0168748
0.0603427
-0.0328746
-0.0113724
0.027462
-0.0554913
0.0340835
0.0165294
-0.029222
0.0559748
-0.0252529
-0.0285537
0.033265
-0.0437555
0.0291353
0.0370372
-0.0336779
0.0482183
-0.0302218
-0.0305848
0.0302857
-0.053398
0.0290731
0.023804
-0.0328023
0.0519333
-0.0285689
-0.0295744
0.0462028
-0.041999
0.0261146
0.0340475
-0.0197712
0.057954
-0.0285482
-0.0202998
