0.201078
0.0496461
0.0327615
0.0171142
-0.0395232
0.0488755
-0.0183417
-0.0398135
0.031114
-0.0440879
0.00983408
0.0468032
-0.0398755
0.0284869
-0.0214039
-0.0507409
0.0363264
-0.0403521
0.00550766
0.04114
-0.0379169
0.0324973
-0.0111086
-0.0407202
0.0403471
-0.0370257
0.0287408
0.0250623
-0.0331553
0.0485595
-0.0276371
-0.0196529
0.0263316
-0.0508547
0.0373729
0.0198188
-0.0299119
0.0545906
-0.0299427
-0.0107255
0.0211089
-0.0535905
0.0360672
0.00653388
-0.0246995
0.0576631
-0.0319531
-0.0143783
0.0161089
-0.053948
0.0334247
0.0134717
-0.0209844
0.0553367
-0.0309738
-0.00806226
0.0128343
-0.0549895
0.0350983
0.0151349
-0.0289326
0.0529481
-0.0299635
-0.0127047
0.0124664
-0.0513263
0.0371087
-0.00575108
-0.00986531
0.0608083
-0.0310153
0.00787554
0.00167372
-0.0571243
0.0414558
-0.00938319
-0.00758035
0.0658186
-0.0316578
-0.00308299
0.0536581
-0.0407614
0.0290879
0.0280416
-0.0201968
0.0556113
-0.0302795
-0.0213369
0.0389327
-0.0490982
0.033689
-0.00671998
-0.0244767
0.062031
-0.0322795
0.0031916
0.00729547
-0.0530932
0.0437823
-0.00041429
-0.0128238
0.0611036
-0.0356371
-0.0037773
0.0317825
-0.0522123
0.0357201
0.0128396
-0.0203419
0.0603264
-0.0289531
-0.0153576
0.0111192
-0.0559688
0.0360776
0.0134924
-0.0103834
0.0623886
-0.0303003
-0.0100519
0.0211089
-0.0555801
0.0310776
0.019767
-0.0123108
0.0600207
-0.0332795
-0.0037773
0.0125493
-0.0540206
