2.81484
0.049308
-0.0230835
-0.0389024
0.0529525
-0.0274099
-0.0127315
0.0511805
-0.0335032
0.0128177
0.00660554
-0.0531821
0.0387555
-0.0117985
-0.00698531
0.0604551
-0.0344203
0.00978664
0.00196307
-0.056866
0.0367555
-0.00849283
-0.0122599
0.0560872
-0.0327674
0.0154395
-0.0208814
-0.0444619
0.0455742
-0.0284203
0.00716489
0.0440407
-0.0323115
0.0351131
-0.0231042
-0.0362392
0.0440147
-0.0377674
0.0164084
0.0361755
-0.0307623
0.0421442
-0.0263995
-0.0352806
0.0423826
-0.0394514
0.0177348
0.0408283
-0.0260888
0.0441545
-0.0187674
-0.0395345
0.0370147
-0.0421146
0.0134084
0.0378179
-0.0280888
0.0434809
-0.0181042
-0.0438402
0.0459318
-0.0330731
0.0131027
0.038134
-0.0260888
0.0421649
-0.0257467
-0.0266485
0.030507
-0.0481975
0.026683
0.0196781
-0.0292754
0.0472167
-0.0303892
-0.0223739
0.0378541
-0.0461768
0.0114291
0.0298387
-0.0553323
0.0267141
-0.0071975
-0.0497054
0.0388696
-0.0307571
0.00450168
0.0470096
-0.043555
0.0270509
-0.033726
-0.0393014
0.0450251
-0.0417467
0.0157141
0.0361858
-0.0297727
0.0461338
-0.022726
-0.0409024
0.0363618
-0.0447778
0.0110716
0.0417868
-0.043638
0.0284188
-0.0204721
-0.0507987
0.0442167
-0.0307363
-0.00346722
0.0479474
-0.0285965
0.0327866
-0.0194721
-0.0504619
0.035595
-0.0404203
0.00444985
0.0467039
-0.033954
0.0344291
-0.00817677
-0.0493894
0.0375535
-0.0330938
0.0131131
0.0404501
-0.0300473
0.0381442
