0.854603
0.0490063
0.0458445
-0.0237925
-0.0187047
0.0553989
-0.0357925
-0.00351304
0.00481358
-0.059145
0.0346786
0.00441989
-0.0264559
0.0572227
-0.0300567
-0.00650268
0.0173939
-0.0547252
0.0359843
0.00709346
-0.0198134
0.0595906
-0.0323832
-0.00883947
0.0167203
-0.0494195
0.0360258
-0.0168029
-0.00937829
0.0581036
-0.0334765
0.0150776
-0.00168377
-0.0463315
0.0431294
-0.0204661
-0.0080726
0.0614404
-0.0278236
0.0214144
-0.008948
-0.0490569
0.0394973
-0.0301189
-0.0018291
0.0552176
-0.0295697
0.0254248
-0.0112537
-0.0494145
0.0461398
-0.0237718
0.00516053
0.0512798
-0.0349273
0.0257408
-0.0152226
-0.0471295
0.0478341
-0.0221189
-0.0104094
0.0528083
-0.0298754
0.0244144
-0.015233
-0.0388342
0.0419274
-0.0357925
0.0110776
0.040741
-0.0247667
0.0434559
-0.0168132
-0.0402124
0.0402849
-0.0378029
0.00676155
0.0486685
-0.0402744
0.0257201
0.0265701
-0.0434921
0.0417305
-0.00551792
-0.00531609
0.0567668
-0.0324868
0.0130983
0.0128861
-0.0515128
0.0290983
-0.0354454
-0.00517626
0.0545441
-0.0295697
0.0287408
-0.0215076
-0.0475181
0.0428859
-0.0341086
0.00112944
0.0489534
-0.0352744
0.0254144
0.00234733
-0.0546165
0.0360983
-0.0231397
-0.00741975
0.0581347
-0.0397925
0.0110569
-0.0149584
-0.0593626
0.0371087
-0.0251293
0.000854842
0.0495855
-0.0379065
0.018088
-0.00498946
-0.0543212
0.0440776
-0.0144661
-0.0020726
0.0581555
-0.0305179
0.0227408
-0.0149065
-0.049772
