1.15628
0.0488734
0.0401735
-0.0433444
-0.0014121
0.0530647
-0.0410698
0.0145464
-0.00983669
-0.0605156
0.0425257
-0.0143237
-0.0181841
0.0584999
-0.0316397
0.0112304
0.00174359
-0.0531166
0.03822
-0.0153548
-0.0075623
0.0648781
-0.0296397
0.00925111
-0.0015932
-0.0514741
0.0349247
-0.0329662
-0.000717792
0.0464223
-0.0295103
0.0365464
-0.0183444
-0.0327851
0.0381631
-0.0410284
0.00723038
0.0474844
-0.0252253
0.0422304
-0.0209765
-0.0367954
0.0371527
-0.0423548
0.0111993
0.0385674
-0.0243186
0.0455983
-0.0236294
-0.0374794
0.0454481
-0.0376501
0.0141889
0.0379249
-0.0273186
0.0445879
-0.025619
-0.0325208
0.0444999
-0.0376812
0.00326148
0.0411477
-0.0279093
0.0385775
-0.0226605
-0.0268473
0.0329196
-0.044417
0.0244842
0.0200907
-0.0235156
0.0543237
-0.0272615
-0.0239198
0.0270025
-0.0511216
0.030106
0.0360597
-0.040329
0.0378936
0.00619441
-0.039557
0.0449765
-0.021334
0.00300761
0.0484015
-0.0314792
0.03022
-0.00544807
-0.0482513
0.021733
-0.0467019
0.00687286
0.0415259
-0.0246139
0.0475672
-0.0226086
-0.0285312
0.0428678
-0.042018
0.0171682
0.040272
-0.0316243
0.0395775
-0.00972267
-0.0443239
0.0413548
-0.0313237
0.00328221
0.0504223
-0.0367849
0.0275257
-0.0180491
-0.047355
0.0393651
-0.0349869
0.0145361
0.0422306
-0.0362357
0.0355464
-0.0120491
-0.044671
0.0496501
-0.0213133
0.0136086
0.0514741
-0.0268574
0.035904
-0.0246605
-0.0401219
