-0.301617
0.0515958
0.0153047
0.0430822
-0.0447105
0.0303358
0.00998381
-0.0536225
0.0406934
-0.0178296
-0.0120786
0.0630251
-0.0371146
0.00504052
0.00286979
-0.0555914
0.0423255
-0.0148192
-0.0127314
0.0530665
-0.0451457
-0.00128591
0.00648117
-0.0532235
0.0419887
-0.0207881
0.0147452
0.0486625
-0.0393322
0.0319991
-0.0145446
-0.0372392
0.0409214
-0.0418192
0.0239369
0.0371755
-0.0404774
0.0383669
-0.0254721
-0.0340164
0.0350251
-0.0478711
0.0236001
0.0331962
-0.0365292
0.0460405
-0.0257674
-0.0347003
0.0346986
-0.0488711
0.0146415
0.0381029
-0.0258453
0.0497348
-0.0274202
-0.0350475
0.0330458
-0.0512079
0.013968
0.0420822
-0.0344359
0.0443462
-0.0254306
-0.0393428
0.0323411
-0.0475446
0.0285793
0.0216263
-0.022379
0.057481
-0.0327259
-0.0204983
0.0225692
-0.0576587
0.0282529
0.0199631
-0.0230526
0.0561545
-0.0207985
-0.0260371
0.063595
-0.0304306
0.00473483
0.0542531
-0.025669
0.0387037
-0.0201664
-0.0439231
0.0531649
-0.0360731
0.0232633
0.0398283
-0.0444359
0.0363358
-0.0291146
-0.0406796
0.0379732
-0.0465032
0.0156312
0.0381133
-0.0367934
0.043683
-0.0217881
-0.0472703
0.0478489
-0.0324617
0.0110405
0.0539682
-0.0373011
0.0303358
-0.00659647
-0.0481148
0.0331753
-0.0431457
0.00867263
0.0509889
-0.0343426
0.0373358
-0.0161768
-0.0475448
0.0445017
-0.0357881
-0.00423408
0.0515381
-0.032954
0.0267037
-0.0248711
-0.0462495
0.0342478
-0.0431768
