-0.452428
0.0510367
0.0053147
0.0492216
-0.043027
0.0196204
0.0184704
-0.0496125
0.0415997
-0.00660725
-0.0133951
0.0645635
-0.0325036
-0.00363347
0.00736673
-0.0565814
0.0428742
-0.000270462
-0.0120375
0.0562682
-0.0411875
-0.00930705
0.0169574
-0.0515192
0.0392214
-0.00792331
0.0101334
0.0577915
-0.0382912
0.0215997
-0.00936376
-0.0458613
0.042408
-0.0341979
0.0165997
0.050631
-0.039742
0.0249675
-0.0206383
-0.0482707
0.034807
-0.042229
0.0149157
0.0439988
-0.0364778
0.036294
-0.023229
-0.0489857
0.0361541
-0.0435554
0.00495718
0.049232
-0.0320892
0.0366204
-0.0189129
-0.0443121
0.0368381
-0.0412394
0.00696754
0.0522216
-0.0393638
0.0275997
-0.0172912
-0.0482603
0.0364598
-0.0398922
0.0228846
0.0390818
-0.0242757
0.0493562
-0.0314829
-0.0364676
0.0266775
-0.0529855
0.0162318
0.0310818
-0.0229908
0.0493873
-0.0106073
-0.0346386
0.0577759
-0.0228611
-0.00556091
0.062035
-0.0292705
0.0226308
-0.00473164
-0.0551048
0.046294
-0.022514
0.02461
0.0443667
-0.0441203
0.0315997
-0.0272186
-0.0480168
0.0361749
-0.0448922
0.0139053
0.0459885
-0.0334778
0.0373043
-0.0165969
-0.0482707
0.0487344
-0.0311772
0.00168258
0.0548226
-0.0369959
0.0219572
-0.00141558
-0.050768
0.0330505
-0.035229
0.00467222
0.0561698
-0.031027
0.0296308
-0.0116591
-0.053851
0.0393769
-0.0308818
-0.0108977
0.053719
-0.0333016
0.0216308
-0.0203223
-0.0462707
0.0361438
-0.0372497
