3.56889
0.048872
-0.0391997
-0.00434
0.0335566
-0.0524174
0.0202403
0.0247742
-0.0227284
0.0537118
-0.0202205
-0.0330808
0.0425616
-0.0452412
0.018862
0.039712
-0.0275937
0.0469864
-0.0278526
-0.0387752
0.0335927
-0.0446402
0.0152507
0.0380074
-0.0242672
0.0483336
-0.0324951
-0.0165939
0.0301368
-0.0513967
0.0311781
0.0046344
-0.0179565
0.0535202
-0.0348837
-0.00165605
0.0199659
-0.0588268
0.0311885
-0.00764019
-0.0120808
0.0582559
-0.0335676
0.00598643
0.011396
-0.0589201
0.0328931
-0.00632414
-0.0117337
0.0559295
-0.0378941
-0.00763532
0.00732342
-0.0552569
0.0368931
-0.00431377
-0.00609121
0.0579606
-0.0375676
-0.0053089
0.0235876
-0.0508268
0.0365356
-0.00364019
-0.00874406
0.0532974
-0.0326195
0.0153025
-0.00479568
-0.051117
0.0366807
-0.0269252
-0.00358349
0.0534114
-0.0330081
0.0176496
-0.00445889
-0.0537699
0.0426289
-0.0132723
-0.0449565
0.0484061
-0.0348526
-0.0199099
0.0145255
-0.0551532
0.0321988
0.00297119
-0.0312311
0.0564061
-0.0301686
0.00630248
0.0246706
-0.0551739
0.0368517
-0.00495625
-0.00975443
0.0579399
-0.0382205
-0.00134
0.0126809
-0.0529201
0.0408828
0.00267586
-0.0312518
0.0557533
-0.030179
-0.0119306
0.0278415
-0.052091
0.0305252
0.0132458
-0.0125782
0.0611523
-0.0318422
-0.00796174
0.0156084
-0.0508786
0.039546
0.00830798
-0.0195989
0.0574787
-0.0295365
-0.0148995
0.0152094
-0.0548268
0.0378413
0.000359805
-0.0127026
0.0585616
