3.7197
0.052872
-0.041828
0.0103478
0.0287781
-0.0590561
0.0319281
0.0163326
-0.0167868
0.0631872
-0.0333772
-0.0278024
0.0357832
-0.0552063
0.0265498
0.0259439
-0.0243359
0.0554618
-0.0320611
-0.0221496
0.04212
-0.0492063
0.0226017
0.0255657
-0.023652
0.0537986
-0.036714
-0.00427395
0.0223791
-0.0590561
0.0372338
-0.00617517
-0.0156573
0.0596484
-0.0347866
0.0106949
0.0204828
-0.0597815
0.0375913
-0.0161337
-0.0071081
0.0597521
-0.0408073
0.0133271
0.0059232
-0.0635587
0.0366328
-0.0178176
-0.00445525
0.0617624
-0.0417969
0.00469495
0.00254495
-0.0585794
0.0389903
-0.0178176
-0.00246562
0.0614464
-0.0404809
0.00305247
0.0197677
-0.0557815
0.0389384
-0.0141441
-0.00344489
0.0538039
-0.0372166
0.021011
-0.0119524
-0.0511132
0.0354826
-0.0381441
0.000409989
0.0519076
-0.0352892
0.0260317
-0.0122685
-0.0597453
0.0466949
-0.021113
-0.0426262
0.0521976
-0.0374187
-0.0118853
0.0113687
-0.0577815
0.0389281
-0.00385911
-0.0269111
0.0638608
-0.0247555
0.0256535
0.00433255
-0.0612841
0.0393271
-0.0277658
0.00574678
0.0555811
-0.0435638
0.0226431
-0.00827883
-0.0607142
0.0453478
-0.0217762
-0.0170977
0.0646691
-0.0357658
0.00636853
0.00818743
-0.0592012
0.042612
-0.0104809
0.00121832
0.0680889
-0.0374498
0.011011
-0.00470891
-0.0603152
0.0453167
-0.018113
-0.00978168
0.0610681
-0.0457658
-0.000315417
-0.00344468
-0.0655794
0.0386224
-0.025429
-0.00153818
0.0608246
