2.51322
0.0495265
-0.00726556
-0.0514574
0.0497186
-0.0154987
-0.0236959
0.0576098
-0.0314883
-0.00355602
0.021667
-0.0530946
0.0332781
0.00635618
-0.0148875
0.059242
-0.0331204
-0.00523996
0.0130452
-0.0581361
0.0316149
0.0116515
-0.019815
0.0552005
-0.031794
0.00140252
-0.00912573
-0.0523641
0.0430346
-0.0198355
-0.00382024
0.0531332
-0.0312759
0.0256875
-0.018592
-0.0508564
0.0447808
-0.0258355
0.00676004
0.0489208
-0.0333485
0.0333403
-0.0148977
-0.0445507
0.0458222
-0.0288355
0.00972894
0.0502783
-0.0316956
0.0310346
-0.00597024
-0.0504367
0.0394336
-0.0304987
0.00308646
0.0472472
-0.0316956
0.0316978
-0.0102759
-0.0508046
0.0444233
-0.0251619
0.0041072
0.0475737
-0.0306956
0.0340243
-0.0198769
-0.0389497
0.0339466
-0.0395713
0.0223092
0.0341385
-0.030219
0.0417497
-0.0271619
-0.0376855
0.0445995
-0.0388458
0.000728943
0.0412783
-0.0499806
0.0133403
0.00157895
-0.0566387
0.0343611
-0.0225298
-0.00249382
0.0564596
-0.0412034
0.016646
-0.0275713
-0.0432865
0.0505062
-0.0311412
0.0146771
0.0483405
-0.0290843
0.0390346
-0.019193
-0.0479083
0.0401798
-0.0355091
0.00505537
0.0502576
-0.0363278
0.0236978
-0.0136335
-0.0537942
0.0450657
-0.0221619
-0.00880988
0.0531021
-0.0282759
0.0266978
-0.0119599
-0.0527942
0.0394336
-0.034478
-0.00158711
0.0545218
-0.0319599
0.0246978
0.0019572
-0.052017
0.0393818
-0.0221826
0.00711756
0.0469208
-0.0326956
0.0313611
