1.30719
0.0498687
0.0371034
-0.0445286
0.00775091
0.0506682
-0.0409275
0.0223934
-0.0165597
-0.0554251
0.0437924
-0.0207928
-0.00774645
0.0611137
-0.0274975
0.0230773
-0.000316158
-0.0523111
0.0397716
-0.0247824
-0.00810397
0.0597977
-0.0331503
0.0174038
-0.00995864
-0.0510469
0.0292017
-0.043456
0.0070566
0.04272
-0.0293887
0.0437405
-0.0210985
-0.031306
0.031093
-0.0488653
0.0190048
0.0391605
-0.0208395
0.0531292
-0.0263834
-0.0280418
0.0304816
-0.0515493
0.021984
0.0328859
-0.0228914
0.0514867
-0.0250777
-0.024705
0.0407769
-0.0468342
0.0199944
0.0278962
-0.0255753
0.0518131
-0.0260674
-0.0260418
0.0404401
-0.0441814
0.0120566
0.035119
-0.0268084
0.0474452
-0.0277306
-0.0227361
0.027207
-0.0512643
0.0296369
0.0160206
-0.0170779
0.0595696
-0.0277306
-0.0187568
0.0192796
-0.0543265
0.0326369
0.0256527
-0.0372385
0.045782
-0.00452856
-0.0344873
0.0455903
-0.0337824
0.0114141
0.0433936
-0.0293887
0.0417509
-0.0121607
-0.0408448
0.00179766
-0.0586529
0.0256473
0.0222952
-0.0203318
0.0571914
-0.0343523
-0.0204719
0.0262588
-0.0566011
0.0266265
0.0179999
-0.028995
0.0541603
-0.027057
-0.0379899
0.029409
-0.0488653
0.0190048
0.0325284
-0.0387981
0.0410773
-0.0300674
-0.0326946
0.0311137
-0.0482125
0.0276369
0.0219792
-0.0316168
0.0484867
-0.0294042
-0.0316946
0.0467044
-0.0431192
0.0216473
0.0362019
-0.0218706
0.0524763
-0.0310363
-0.0260832
