4.12189
0.047465
-0.0342057
0.0265454
0.00477361
-0.0491798
0.0428718
-0.00409163
-0.00485871
0.061846
-0.0363144
-0.00408676
0.0231673
-0.0552471
0.0307681
-0.000785941
-0.0161022
0.0590895
-0.0356201
-0.00674997
0.0175145
-0.0595943
0.0297578
0.00120369
-0.0117758
0.0561309
-0.026703
0.0208614
0.00674251
-0.0474959
0.0369029
-0.0270191
0.00493397
0.0474108
-0.0262264
0.0332293
-0.00746988
-0.0482939
0.0329858
-0.0337134
0.00690288
0.0457787
-0.0292368
0.0332189
-0.0144284
-0.04404
0.0370273
-0.0337134
0.00955572
0.0438098
-0.0362264
0.0258821
-0.0174492
-0.0457032
0.0350273
-0.034387
0.0102189
0.0408305
-0.0392368
0.0245454
-0.00518493
-0.0452731
0.0379651
-0.028703
0.0128925
0.0361984
-0.026014
0.0419132
-0.0236823
-0.0331851
0.0275403
-0.0487756
0.0164728
0.0316181
-0.0303922
0.04125
-0.0187134
-0.0417654
0.0437008
-0.0323559
-0.0206256
0.0439082
-0.0364388
0.00923966
-0.00527822
-0.0521902
0.0395454
-0.0220191
-0.00996237
0.0582242
-0.0217652
0.0285454
-0.00118493
-0.0525477
0.030934
-0.0373455
-0.000760336
0.0404315
-0.0418585
0.0235143
-0.00981704
-0.0499571
0.0415972
-0.0263455
-0.0149624
0.049245
-0.0387341
0.00721893
-0.000635739
-0.0544752
0.0411671
-0.0173455
-0.00463595
0.0536128
-0.0337548
0.0115661
-0.014216
-0.0545892
0.0375765
-0.0230398
-0.00962558
0.0502657
-0.0417237
-0.000760336
-0.00665647
-0.057812
0.0302086
-0.0296926
-0.00303493
0.0476854
