2.06074
0.0497418
0.00955727
-0.0555049
0.0413497
0.00976459
-0.0377019
0.0471788
-0.0340592
-0.0277383
0.0381323
-0.04851
0.0183394
0.0341894
-0.0261785
0.0488006
-0.0293856
-0.0297072
0.0344587
-0.0448779
0.0253394
0.0438422
-0.0251267
0.0454638
-0.0297328
-0.0253911
0.00928776
-0.0533805
0.0386451
0.012091
-0.0167952
0.0572825
-0.033396
-0.000209807
0.00883186
-0.0584635
0.0370026
0.0074278
-0.00919416
0.0619975
-0.0327328
0.000126981
0.00750544
-0.0531681
0.0420233
-0.00548927
-0.0116242
0.0603758
-0.0340903
0.00377983
0.0178111
-0.0560852
0.0356658
-0.00551001
-0.0122771
0.0563861
-0.035111
0.00477983
0.0154951
-0.0580956
0.0346658
0.00277495
-0.0112149
0.0560286
-0.0337742
0.0110855
-0.000706958
-0.0492925
0.041443
-0.0224478
0.00584202
0.0536038
-0.0352354
0.0167798
-0.00898155
-0.0533444
0.0450959
-0.0167846
-0.0199921
0.0520597
-0.0361318
-0.00549477
0.0260235
-0.0513391
0.0326658
0.00276459
-0.016847
0.0616193
-0.0360281
-0.0121787
-0.0260645
-0.0563755
0.0444327
-0.0171214
-0.000758994
0.0565209
-0.0321939
0.0250648
-0.00195045
-0.0566397
0.0434016
-0.0204271
-0.00808542
0.0584691
-0.0397846
0.00343267
0.00355727
-0.0595153
0.0370233
-0.00849964
-0.0215828
0.0576504
-0.0317535
0.00644304
0.00290442
-0.0595257
0.0340441
-0.0174789
-0.0146761
0.0590597
-0.0377535
0.00309588
0.0201376
-0.0577277
0.0336554
-0.00651001
-0.00399212
0.0541323
-0.0364893
0.0137487
