2.06074
0.0493659
0.0092202
-0.061127
0.0363391
0.0120804
-0.0379975
0.0501578
-0.0320284
-0.0310442
0.0377848
-0.0458367
0.0160438
0.033842
-0.026158
0.045821
-0.028733
-0.032666
0.032448
-0.0442046
0.0243598
0.0425155
-0.0287694
0.0437899
-0.0264066
-0.020381
0.0136346
-0.0520233
0.0333495
0.0120596
-0.0174276
0.0569454
-0.0323859
0.00212671
0.00985232
-0.0584534
0.035023
0.01107
-0.00616333
0.0623444
-0.0313963
0.000147437
0.00651553
-0.0554845
0.0370438
-0.00219423
-0.0102463
0.0577226
-0.0344274
0.00478992
0.0221373
-0.052728
0.0356863
-0.00451028
-0.013583
0.0587019
-0.0340802
0.00378992
0.0164948
-0.0567487
0.0310334
0.00142752
-0.0148473
0.0553444
-0.0324274
0.00944276
0.00293525
-0.0495778
0.0407692
-0.0181217
-0.00141212
0.0522149
-0.035531
0.0144531
-0.00964504
-0.0520078
0.0530749
-0.00710093
-0.0209302
0.0533651
-0.0370906
-0.0101479
0.031645
-0.0516036
0.0293287
0.0100596
-0.0200908
0.0572615
-0.0343652
-0.0158007
-0.0211166
-0.0586296
0.0440645
-0.0117849
-0.00270744
0.0578263
-0.0331528
0.0164324
-0.00100256
-0.0589146
0.0397277
-0.0164481
-0.0130131
0.0580905
-0.0400802
-0.00685256
0.00548443
-0.061443
0.0343391
-0.00384707
-0.0291633
0.053935
-0.0330595
0.00212671
0.00719947
-0.061127
0.0316966
-0.0121631
-0.0179406
0.0553755
-0.0394066
-0.00154687
0.0260854
-0.0550026
0.0329919
-0.000531014
-0.00691984
0.0577434
-0.0357641
0.00378992
