1.90987
0.0474971
0.0227227
-0.0517125
0.0270385
0.0186243
-0.0402462
0.0401318
-0.028443
-0.0369769
0.0396863
-0.0391684
0.00776395
0.0400491
-0.0264171
0.0394583
-0.0238005
-0.0359458
0.0363599
-0.0405155
0.0124064
0.0483755
-0.0253757
0.0371215
-0.0271269
-0.0326505
0.0194843
-0.0476295
0.0296707
0.0186554
-0.0200338
0.0535619
-0.0317383
-0.00750028
0.0134066
-0.0540907
0.0343442
0.0153601
-0.0124432
0.0579505
-0.0314119
-0.00650028
0.0130802
-0.0544275
0.0343442
0.0040855
-0.0121997
0.058992
-0.0304326
-0.000184219
0.0237331
-0.0517125
0.0349971
0.00144302
-0.0145468
0.057992
-0.0314326
-0.000521008
0.0237331
-0.0517125
0.031681
0.0110337
-0.0141271
0.0572873
-0.0290958
0.00346863
0.000878183
-0.0548887
0.0344064
-0.0158419
-0.00471267
0.0541475
-0.029873
0.0121422
-0.000406777
-0.0522669
0.0414064
-0.00552588
-0.0258732
0.0499713
-0.0308005
-0.0170806
0.0298936
-0.0479456
0.025681
0.0169715
-0.0220234
0.0532148
-0.0320647
-0.0204381
-0.00161409
-0.0571425
0.0350178
0.00872798
-0.00917893
0.0593288
-0.0330854
0.00377432
0.0184688
-0.0537643
0.0340178
0.000432655
-0.0218421
0.0569402
-0.0300854
-0.0177645
0.0209455
-0.0533238
0.0260074
0.0179715
-0.0296452
0.0518261
-0.0300543
-0.0147956
0.0282719
-0.051956
0.0293131
0.0080544
-0.0257592
0.0555516
-0.0294015
-0.0174381
0.0385257
-0.0452306
0.0276603
0.0189818
-0.0150545
0.0559194
-0.0310751
-0.00650028
