2.3624
0.0502182
-0.00478437
-0.0528622
0.0512205
-0.00597604
-0.0313856
0.0540807
-0.0345771
-0.0100126
0.029801
-0.0514787
0.0284847
0.0138374
-0.0192508
0.0617024
-0.0278827
-0.0139712
0.0198114
-0.0578362
0.0264744
0.0174799
-0.0218726
0.053376
-0.0322403
-0.00734942
-0.001686
-0.0560435
0.0425055
-0.0126289
-0.00887787
0.0595833
-0.032976
0.0192101
-0.011774
-0.0548933
0.0455884
-0.0156393
0.00238635
0.0517181
-0.0347429
0.0278733
-0.0100693
-0.0462819
0.0463242
-0.0249553
0.00531379
0.0570756
-0.0304165
0.0262412
-0.00180511
-0.0478622
0.0416299
-0.0256289
0.00199774
0.0520756
-0.0327636
0.024578
-0.00446832
-0.0541783
0.043578
-0.0206185
-0.0019608
0.0513709
-0.0324165
0.0268941
-0.0163854
-0.0423441
0.0384175
-0.0359864
0.0158837
0.0432518
-0.0362145
0.0345677
-0.02066
-0.0443856
0.0457231
-0.0306289
-0.00897117
0.0466973
-0.0457014
0.00491481
0.0113451
-0.0579813
0.0338422
-0.0136703
-0.0105204
0.060889
-0.0342817
0.0118941
-0.0274061
-0.0486913
0.0513242
-0.0279138
0.00627233
0.0468217
-0.0351523
0.0322205
-0.0176807
-0.0553027
0.0399874
-0.0336082
-0.000706938
0.0550652
-0.0407014
0.0132309
-0.0124787
-0.0631679
0.0402101
-0.0212817
-0.012909
0.0565937
-0.0316703
0.0179044
-0.00582584
-0.0591472
0.0369044
-0.0299346
-0.0069919
0.0566662
-0.0346911
0.0215469
0.0101223
-0.0547275
0.0375469
-0.0216289
0.0040081
0.0524124
-0.0334269
0.0262309
