-0.904879
0.0508193
-0.00533179
0.0622641
-0.0396527
0.00155419
0.0351658
-0.0531761
0.0337459
0.0148446
-0.0262643
0.0553211
-0.0289377
-0.0229535
0.0223574
-0.0541657
0.0317459
0.0148343
-0.0219483
0.0586682
-0.0242848
-0.0156271
0.0277046
-0.0561346
0.0274091
0.00552858
0.00120195
0.0625284
-0.0333159
0.0082174
0.00436273
-0.0580777
0.0404713
-0.0146631
-0.00560638
0.0628963
-0.0343263
0.00689098
-0.00426939
-0.0554871
0.0378702
-0.0236631
-1.57314e-05
0.0553367
-0.0364092
0.0181967
-0.00618646
-0.058855
0.033891
-0.0256838
-0.00930069
0.0559274
-0.0337149
0.0201863
-0.00782894
-0.0529068
0.0409117
-0.0279791
-0.00933179
0.0602538
-0.0366735
0.00987024
-0.00523829
-0.0555078
0.0372174
-0.0289791
0.00558528
0.0447875
-0.0312176
0.0371967
-0.020347
-0.0454198
0.0393833
-0.0356838
0.011207
0.0461658
-0.0408497
0.0261863
0.00148712
-0.0452228
0.0489013
-0.0110206
-0.0188395
0.0591294
-0.0323056
0.00622776
0.00799484
-0.0603627
0.042093
-0.00667345
0.0213003
0.0557875
-0.0447564
0.0204816
-0.0144403
-0.052969
0.0409428
-0.0349584
0.000901341
0.0550517
-0.0354403
0.0308184
-0.00576674
-0.0569068
0.0455335
-0.0169895
-0.00330069
0.0632538
-0.0363263
0.0135127
0.00938346
-0.0564041
0.0348391
-0.0229999
-0.00697427
0.0589274
-0.0327045
0.0228391
-0.00250252
-0.0595078
0.0405127
-0.0206527
-0.0159224
0.0608444
-0.0333159
0.0108702
-0.00954398
-0.05057
0.0415853
-0.0293056
