1.30719
0.0499292
0.0418012
-0.0447685
0.00446954
0.0470604
-0.0422193
0.0191327
-0.0135457
-0.0550018
0.0488063
-0.0177063
-0.0136599
0.0594645
-0.0320742
0.0151327
-0.00096542
-0.0532349
0.0394799
-0.0243902
-0.0146807
0.055822
-0.0347581
0.0161224
-0.0036079
-0.04895
0.0318996
-0.0384006
0.00481669
0.0434075
-0.0326286
0.0407752
-0.0167374
-0.0335355
0.0334334
-0.0457892
0.0127649
0.0418169
-0.0237219
0.0488271
-0.0243488
-0.0286288
0.0341691
-0.0478099
0.0207234
0.0319309
-0.0248256
0.0511949
-0.0280016
-0.0289864
0.0434645
-0.0440949
0.021713
0.0286252
-0.0261831
0.0515317
-0.0266752
-0.0236703
0.0405163
-0.0434731
0.0161016
0.0361951
-0.0264266
0.0471742
-0.0273488
-0.0203542
0.0216407
-0.051924
0.0323659
0.0094543
-0.0147583
0.0600033
-0.031012
-0.0137429
0.0177236
-0.054639
0.0370187
0.0200968
-0.0375717
0.0461949
-0.0117788
-0.0318309
0.0440344
-0.0374109
0.014112
0.0365112
-0.0317219
0.046796
-0.0153902
-0.038178
0.0264334
-0.0501364
0.0170602
0.0372159
-0.0241105
0.0558167
-0.0269601
-0.0266807
0.0424956
-0.0467685
0.0230291
0.0362677
-0.0334266
0.0481327
-0.0130638
-0.0424733
0.0403193
-0.0377374
0.0104592
0.0487547
-0.0385768
0.0337545
-0.0230638
-0.0425252
0.0426665
-0.038727
0.0184073
0.0392055
-0.035038
0.041796
-0.0170742
-0.0428205
0.0525939
-0.0290223
0.0157856
0.0514386
-0.0236494
0.0464695
-0.0210327
-0.0329138
