2.51322
0.049784
-0.00993915
-0.0547528
0.0473921
-0.0105091
-0.0262865
0.0575891
-0.0334365
-0.0091985
0.022983
-0.0560324
0.0289517
0.00934581
-0.0121829
0.0635787
-0.0324054
-0.0105353
0.0173405
-0.0514314
0.0366356
0.0186619
-0.0164367
0.0602005
-0.0287526
-0.00288245
-0.00814647
-0.0533123
0.0423714
-0.0141723
-0.00176842
0.0567964
-0.0318873
0.0236978
-0.0116127
-0.0524367
0.0460865
-0.0184883
0.00284296
0.0515426
-0.0342759
0.0233818
-0.0162656
-0.0491518
0.0388326
-0.0314987
0.00742325
0.0519415
-0.0303278
0.0323818
-0.00527594
-0.0510792
0.0384543
-0.0301515
0.00211755
0.0472576
-0.0313381
0.0310554
-0.00793915
-0.0494367
0.0457704
-0.022478
0.00447508
0.0519001
-0.0289806
0.0343714
-0.0201826
-0.0379394
0.0326513
-0.0432137
0.0176667
0.0344649
-0.0291879
0.0411072
-0.027478
-0.0370016
0.0442938
-0.0391619
8.6457e-05
0.0383094
-0.0493174
0.0176875
0.00792609
-0.0555869
0.0343714
-0.0221723
-0.00313631
0.0587964
-0.0371826
0.0193403
-0.0228977
-0.0564989
0.0447704
-0.0274572
0.00211755
0.048584
-0.0333174
0.029045
-0.0122552
-0.0547735
0.0374543
-0.032478
-0.00486171
0.0548379
-0.0412034
0.00938178
-0.00771638
-0.0596595
0.0373714
-0.0191723
-0.0213591
0.0516824
-0.0351723
0.0163611
-0.00601171
-0.0616595
0.0320554
-0.0288251
-0.0104731
0.0544493
-0.0368666
0.0153714
0.00856857
-0.0578926
0.0379932
-0.0161619
-0.00145236
0.0488482
-0.037592
0.0210346
