2.66403
0.0499605
-0.0154061
-0.0447742
0.0552413
-0.0239967
-0.0209815
0.0554693
-0.0347222
0.00452622
0.0115783
-0.055401
0.0360961
-0.00445792
-0.0141835
0.0600807
-0.0326807
0.00385264
0.00428293
-0.0571161
0.032464
-0.00681545
-0.0174996
0.0570703
-0.0300382
0.0108423
-0.0208776
-0.0513648
0.0458837
-0.0243646
-0.00073801
0.0493191
-0.0315305
0.0321376
-0.0197532
-0.0497638
0.0426091
-0.0293854
0.00952622
0.0431067
-0.0302974
0.0365055
-0.0220693
-0.041826
0.0440081
-0.0383646
0.00648475
0.0447699
-0.030287
0.0355055
-0.0131211
-0.0450695
0.0353242
-0.0380693
0.0118112
0.044801
-0.0293077
0.0385055
-0.0121108
-0.0477224
0.0452516
-0.0296911
0.00718943
0.048402
-0.0252766
0.0421583
-0.0217014
-0.0342146
0.0337957
-0.0437843
0.0207593
0.0309461
-0.0321057
0.043863
-0.0290071
-0.0336033
0.0464278
-0.0390589
0.00251585
0.0384331
-0.0515409
0.0191065
0.00274411
-0.0538726
0.0391583
-0.0247014
-0.00339086
0.0539409
-0.039774
0.0211065
-0.0284165
-0.0408571
0.053977
-0.0313335
0.0157904
0.0454953
-0.0279917
0.046148
-0.0173646
-0.0441421
0.042661
-0.0377014
0.00748475
0.049086
-0.0388776
0.0248112
-0.014489
-0.0530177
0.0475262
-0.0250071
-0.0136862
0.0512154
-0.0268258
0.031148
-0.0111419
-0.0543337
0.0378941
-0.0320382
0.00221016
0.0526766
-0.0338465
0.029464
0.00344878
-0.0495772
0.039863
-0.0283646
0.00985264
0.0467596
-0.0319295
0.0388008
