0.100539
0.0492541
0.0314455
0.012166
-0.0401968
0.0495802
-0.0166578
-0.0391088
0.0294818
-0.0450671
0.00753875
0.0454871
-0.0381915
0.0311812
-0.0173832
-0.0480363
0.0400103
-0.036321
0.00721232
0.0424975
-0.0348962
0.0315491
-0.010435
-0.0406787
0.037715
-0.042321
0.0250879
0.0234198
-0.0357875
0.0492331
-0.0282588
-0.0226218
0.0250156
-0.0491708
0.0360879
0.0204924
-0.0292072
0.0542849
-0.0295852
-0.012684
0.0224457
-0.0538755
0.0311087
0.00752351
-0.0273005
0.0553367
-0.0322588
-0.014684
0.0171296
-0.0555698
0.0294558
0.0171245
-0.0205854
0.0560103
-0.0342484
-0.0163576
0.0148032
-0.0545905
0.0317926
0.0177981
-0.0311968
0.0539377
-0.0312381
-0.0170104
0.0207617
-0.0479066
0.0354662
-0.000424664
-0.0111192
0.0604715
-0.0303106
0.00624342
0.00732655
-0.0580413
0.0358133
-0.00275109
-0.0094767
0.0671243
-0.0269531
-0.00867365
0.0566166
-0.0396889
0.0204766
0.0379587
-0.0227149
0.051917
-0.0219531
-0.02357
0.045544
-0.0423625
0.0363833
0.000616799
-0.0313627
0.0593263
-0.0319013
-0.00673585
0.0128861
-0.0559688
0.0367822
0.00589139
-0.0216891
0.0570518
-0.0312795
-0.0150001
0.0363524
-0.0520982
0.0247615
0.0184406
-0.0295232
0.0529481
-0.0279324
-0.0262643
0.0170259
-0.055518
0.0277719
0.0197774
-0.0172486
0.0563574
-0.0292795
-0.0169793
0.0303627
-0.0511397
0.0224662
0.0316737
-0.0171346
0.0559688
-0.0282588
-0.0140001
0.017456
-0.0545698
