-0.452428
0.0509888
0.00391126
0.0491653
-0.0444097
0.0215434
0.0171084
-0.0549952
0.037533
-0.00966354
-0.0177778
0.0595072
-0.0355702
-0.00171049
0.00932081
-0.0563009
0.0401651
-0.00233711
-0.0130938
0.0552119
-0.0415806
-0.00870013
0.0132586
-0.0595652
0.0348076
-0.00865317
0.0094139
0.056072
-0.0390211
0.0222066
-0.00709362
-0.0462337
0.0416781
-0.0355806
0.0158698
0.0499115
-0.0354926
0.0305848
-0.0223267
-0.0413891
0.0404554
-0.0382957
0.0112377
0.040585
-0.0381973
0.0375537
-0.0216117
-0.0467156
0.0371082
-0.0422853
0.00358483
0.0475021
-0.0298294
0.0385745
-0.0166428
-0.0393788
0.0374761
-0.0432957
0.00424804
0.051155
-0.036104
0.0292273
-0.0160211
-0.0456534
0.0380771
-0.0382853
0.0221755
0.0383519
-0.0263217
0.0509424
-0.0268759
-0.0295343
0.0332948
-0.0496946
0.0208283
0.0343726
-0.0309952
0.0429631
-0.0143267
-0.0367052
0.0593724
-0.021907
-0.00827004
0.0553259
-0.0306946
0.0272273
-0.00807289
-0.0558658
0.0459216
-0.0258967
0.0298387
0.0377302
-0.0392802
0.0438905
-0.0295391
-0.0371768
0.0345694
-0.0519796
0.0184708
0.0396783
-0.0329434
0.0479009
-0.0218967
-0.0417674
0.0457818
-0.0402542
0.0105434
0.0485539
-0.0364822
0.0345537
-0.0106843
-0.0459591
0.0350771
-0.0439381
0.010533
0.0475643
-0.0291973
0.0425745
-0.0186117
-0.045042
0.0407611
-0.0406013
-0.00105765
0.0531031
-0.0271143
0.0359113
-0.0236221
-0.0410835
0.0354968
-0.0466324
