3.51861
0.0473032
-0.0335082
-0.000871206
0.0280046
-0.0536948
0.0216676
0.0185694
-0.0207001
0.0525174
-0.0254667
-0.0300318
0.0423568
-0.0425186
0.0163308
0.0328026
-0.0265446
0.0454449
-0.029446
-0.0340421
0.0353776
-0.0448864
0.0153412
0.032129
-0.0205757
0.0498024
-0.0300988
-0.0121665
0.0329009
-0.0479797
0.0319526
0.00505136
-0.0135499
0.0556314
-0.0301507
0.00410806
0.0184243
-0.0544513
0.0343101
-0.00754966
-0.0119903
0.0543672
-0.0354978
0.00475054
0.0121394
-0.0548399
0.0340044
-0.00856002
-0.00801104
0.0583776
-0.0324978
-0.000207995
0.0110979
-0.0485238
0.0386883
-0.00688645
-0.00568462
0.0547455
-0.0375082
-0.000228727
0.0210564
-0.0530938
0.0306572
-0.00724397
-0.00633747
0.0547351
-0.0325289
0.0180459
-0.00932689
-0.0514047
0.0321495
-0.0318553
-0.00715617
0.0488388
-0.0326119
0.0174241
-0.00570515
-0.0540161
0.0400666
-0.0132025
-0.0402131
0.0505174
-0.0294564
-0.0177883
0.0142792
-0.0504202
0.0306676
-0.00028543
-0.0324773
0.0541703
-0.0304253
0.00474018
0.0217611
-0.0574202
0.0309629
-0.0122025
-0.0133478
0.0527144
-0.039161
-0.0019023
0.006129
-0.0571871
0.0336676
-0.00524397
-0.0328556
0.0528646
-0.0350885
-0.0155137
0.021616
-0.0540316
0.0223308
0.00365237
-0.0165084
0.0532739
-0.0381092
-0.0171769
0.0083414
-0.0551249
0.0303308
0.0017042
-0.022182
0.0522532
-0.0337932
-0.0211251
0.0112792
-0.0573995
0.0269733
-0.00924397
-0.0182856
0.052989
