4.27273
0.0531777
-0.0401603
0.0386219
-0.00263688
-0.0551241
0.049969
-0.0131964
-0.00118119
0.0656997
-0.0388493
0.00564259
0.0193993
-0.060497
0.037855
-0.00889074
-0.0134143
0.0649225
-0.0368078
0.00563222
0.0157568
-0.0598649
0.0358861
-0.0119011
-0.0114351
0.0563215
-0.0299218
0.0296011
0.00163772
-0.0477769
0.043368
-0.0334918
0.00400011
0.0478967
-0.0300877
0.0409586
-0.00594257
-0.0525023
0.0357462
-0.0428389
0.01457
0.0426946
-0.0361499
0.0422851
-0.0172068
-0.0472899
0.0368292
-0.04387
0.013254
0.0403578
-0.0414659
0.0352851
-0.0215539
-0.0429946
0.0408499
-0.04187
0.0165804
0.0390521
-0.0428131
0.0352851
-0.00895293
-0.0458806
0.0401141
-0.0418389
0.0149068
0.0353993
-0.031896
0.0489794
-0.0304503
-0.0334765
0.0277101
-0.0566265
0.0245078
0.0295133
-0.0256836
0.0543784
-0.0327767
-0.0417822
0.0498706
-0.0421653
-0.0185905
0.0457515
-0.0406369
0.0182954
-0.0110359
-0.0498287
0.0437152
-0.0344918
-0.00694806
0.0544458
-0.0147405
0.0516426
-0.0228078
-0.0493418
0.0331971
-0.0521964
0.0248135
0.0305237
-0.0389479
0.0516219
-0.0267767
-0.0410879
0.045881
-0.0478285
0.00260113
0.0482542
-0.0307613
0.0402954
-0.0175539
-0.0476164
0.0517462
-0.0374503
0.0165597
0.0503371
-0.0347716
0.0412747
-0.0251653
-0.0393936
0.0481971
-0.0438285
0.0119068
0.0483164
-0.0460462
0.0289172
-0.0265436
-0.0529739
0.0348188
-0.0481861
0.0165389
0.0403993
