1.6832
0.0474829
0.0295587
-0.0482494
0.0150819
0.0387971
-0.0443427
0.025429
-0.0198505
-0.0517885
0.0428591
-0.0237883
-0.00740513
0.0545069
-0.0288608
0.023113
-0.00660696
-0.0496848
0.0388384
-0.0237986
0.0015534
0.0641908
-0.0301458
0.0191026
-0.0122598
-0.0473998
0.0252788
-0.0385137
0.0160922
0.0427764
-0.0230889
0.0405016
-0.0264411
-0.0259958
0.0245276
-0.0515759
0.0183772
0.0378386
-0.0194982
0.0495119
-0.0283893
-0.0270269
0.027854
-0.044923
0.025714
0.0256054
-0.018949
0.0548798
-0.0277157
-0.0283533
0.035139
-0.045524
0.0200404
0.0232583
-0.0245915
0.0468798
-0.03041
-0.0230476
0.0391597
-0.043524
0.0173979
0.0335121
-0.0185293
0.0501959
-0.0273996
-0.0170683
0.0212945
-0.0513116
0.0293565
0.00839304
-0.0127988
0.0603099
-0.0270732
-0.0120891
0.011051
-0.0550578
0.0300404
0.0160148
-0.035949
0.0451751
-0.00984009
-0.028861
0.0423514
-0.035809
0.0124394
0.0364499
-0.0267728
0.0404912
-0.018809
-0.0382082
0.0124654
-0.0535966
0.0230197
0.0295847
-0.0169283
0.0548798
-0.0290421
-0.0144362
0.0319369
-0.0482598
0.02603
0.0249526
-0.0269179
0.0505119
-0.0207572
-0.0339336
0.0304239
-0.0448608
0.0150715
0.033165
-0.0334464
0.0404601
-0.025094
-0.0319647
0.0301182
-0.0465344
0.0213668
0.0252583
-0.0312133
0.0431751
-0.027094
-0.0319751
0.043056
-0.038809
0.0187243
0.0368386
-0.0178454
0.0485327
-0.0247572
-0.0233429
