2.81484
0.0511699
-0.023617
-0.042467
0.0566832
-0.0325756
-0.0130215
0.0586055
-0.0323632
0.016222
0.00839841
-0.0557363
0.0404966
-0.0120057
-0.0055707
0.0638905
-0.034301
0.00755877
-0.00259123
-0.0524825
0.0475173
-0.00567923
-0.0124981
0.0571858
-0.0339849
0.0155277
-0.0207725
-0.0490059
0.0476313
-0.0299435
0.0108852
0.0438543
-0.0322337
0.039538
-0.0282802
-0.0395085
0.0457765
-0.0399746
0.0144966
0.036274
-0.0283374
0.0442531
-0.0282802
-0.0308868
0.041533
-0.0443528
0.0211287
0.0376523
-0.0273581
0.0479163
-0.0196378
-0.036467
0.0335019
-0.0493528
0.0167919
0.0363051
-0.024042
0.0515899
-0.0239331
-0.0451303
0.0443982
-0.038301
0.0161598
0.0362844
-0.0253581
0.0485899
-0.0302492
-0.0246122
0.022362
-0.0561404
0.0270976
0.0168078
-0.0242286
0.0510199
-0.0332699
-0.0222961
0.0329941
-0.0514254
0.0131702
0.0263155
-0.056928
0.0288126
-0.00874143
-0.0519437
0.0359785
-0.0363113
0.00655877
0.0454864
-0.0411611
0.032823
-0.038902
-0.0306329
0.0435641
-0.0519849
0.0233929
0.0287456
-0.0221457
0.0556313
-0.0332181
-0.0312754
0.0326055
-0.0537207
0.019108
0.0330098
-0.0370109
0.0415588
-0.0262906
-0.0431406
0.0387765
-0.0449849
0.00253804
0.0428232
-0.021612
0.0445899
-0.0282802
-0.0434878
0.0331443
-0.0519953
0.0111287
0.0382637
-0.0332959
0.0432116
-0.0133424
-0.0463634
0.032735
-0.0443321
0.0178023
0.0316626
-0.027726
0.0522427
