3.82024
0.0525851
-0.041333
0.0115579
0.0213457
-0.0615714
0.030475
0.0105426
-0.0153021
0.0637445
-0.0321982
-0.0196338
0.0380244
-0.0560169
0.0284024
0.0215116
-0.0238513
0.0583351
-0.0341775
-0.0183281
0.0360555
-0.055048
0.0244439
0.0155012
-0.0215559
0.0583662
-0.032535
0.0102107
0.0266514
-0.052245
0.040475
-0.0112915
-0.012183
0.0585632
-0.0342915
0.0112418
0.00939753
-0.0600015
0.0348428
-0.024934
-0.00563378
0.0566668
-0.0376697
0.0202004
0.00183797
-0.0587683
0.0385475
-0.0242708
-0.00330736
0.057014
-0.0419858
0.0128739
-0.000193124
-0.0551155
0.0402315
-0.0255972
-0.0019913
0.0566979
-0.0439858
0.00888431
0.0127136
-0.0550015
0.0418325
-0.0175972
0.00136622
0.0537187
-0.0350584
0.0282004
-0.0180169
-0.0523124
0.0350398
-0.0392915
0.00756825
0.0514959
-0.0314781
0.0335683
-0.0186697
-0.0582917
0.0482626
-0.0239132
-0.0371415
0.0521124
-0.0399029
-0.00572707
0.00664102
-0.0579807
0.0401485
-0.0122915
-0.0244576
0.0604595
-0.0256076
0.0328325
0.0019209
-0.0601362
0.0398843
-0.0332189
0.00457862
0.0547912
-0.0423848
0.0228532
-0.00808947
-0.0585248
0.0475475
-0.0238925
-0.0159291
0.065216
-0.0382293
0.00787394
0.0100607
-0.0596647
0.0434646
-0.00994434
-0.00356122
0.0642678
-0.0382604
0.00888431
-0.00850918
-0.0598098
0.0468532
-0.0145972
-0.00624516
0.0652575
-0.0395765
0.00057862
-0.000276051
-0.0623693
0.0391589
-0.0229132
-0.00165451
0.060014
