3.11646
0.0503196
-0.0329402
-0.0332721
0.0471476
-0.0406864
0.00121484
0.0460907
-0.0308833
0.0302148
-0.00913719
-0.0506244
0.0435827
-0.0283185
0.000929883
0.0503756
-0.0371372
0.026163
-0.0154325
-0.0466969
0.0512667
-0.0170128
0.00166566
0.0536606
-0.028474
0.0338366
-0.0276656
-0.0355364
0.0441165
-0.042676
0.020764
0.0293394
-0.0307642
0.0505516
-0.0282667
-0.0259561
0.0395673
-0.0480646
0.0234169
0.0220648
-0.0251943
0.050961
-0.0359299
-0.0206919
0.0336606
-0.0511268
0.0290697
0.0244224
-0.0218782
0.0566242
-0.027277
-0.029925
0.025272
-0.0501476
0.0307433
0.0240959
-0.0182358
0.0546657
-0.0319506
-0.0319354
0.0395258
-0.0460543
0.0250801
0.021412
-0.0245415
0.0522978
-0.0349299
-0.013723
0.0138161
-0.0569455
0.0334272
-0.000106089
-0.0207488
0.0590543
-0.0316242
-0.00838617
0.0174896
-0.0599144
0.026764
0.0101374
-0.0581217
0.0401423
-0.0206553
-0.040811
0.0311268
-0.0480543
0.0184376
0.0323083
-0.0400181
0.0454894
-0.0338988
-0.0124069
0.0360492
-0.0521372
0.0303961
0.00652602
-0.0187073
0.0577175
-0.0339506
-0.0147022
0.0227539
-0.0585258
0.0300594
0.0144846
-0.0358886
0.0495931
-0.031277
-0.0286193
0.0312616
-0.0517693
0.017448
0.0216866
-0.0238471
0.0536138
-0.0352459
-0.0289872
0.0203342
-0.0565051
0.0293961
0.0234327
-0.0265311
0.0552667
-0.0256138
-0.0352203
0.0189248
-0.0558108
0.0273961
0.00750529
-0.0216762
0.0590128
