0.854603
0.0532145
0.0486165
-0.0286215
-0.0176374
0.0631813
-0.0392744
-0.00111928
0.00663743
-0.0653315
0.040062
0.00759089
-0.0253471
0.0649844
-0.0315386
-0.00741461
0.020513
-0.0585646
0.0363988
0.00226446
-0.0273679
0.0610051
-0.0342225
-0.00974103
0.0148602
-0.0576061
0.0380828
-0.0176319
-0.0116063
0.0648549
-0.0336319
0.0221346
-0.00679773
-0.0476114
0.0439429
-0.0352744
-0.00375139
0.0583368
-0.0327459
0.0308185
-0.016378
-0.0490311
0.0443108
-0.0389376
0.000870353
0.0534094
-0.0328081
0.032176
-0.0160516
-0.0486943
0.0496165
-0.0276215
0.00790145
0.0547565
-0.0334713
0.0344921
-0.0206733
-0.0484093
0.049974
-0.0282951
-0.00403635
0.0593057
-0.0300723
0.0328185
-0.0203469
-0.0421036
0.0364248
-0.046663
0.0194299
0.0379742
-0.0263729
0.0532175
-0.0249168
-0.0375337
0.038487
-0.0480101
0.0181035
0.0505649
-0.0401967
0.0387978
0.0247929
-0.0424351
0.0471968
-0.0143262
-0.000300581
0.0576321
-0.0383677
0.0247978
0.00814007
-0.053803
0.0338911
-0.042264
-0.0064457
0.0543576
-0.0334402
0.0348082
-0.0199998
-0.0490725
0.045658
-0.0369479
0.00121751
0.0517462
-0.0434298
0.0284506
-0.00145058
-0.0615181
0.040176
-0.0252951
-0.0123109
0.0572435
-0.0433158
0.0114817
-0.0128288
-0.0625492
0.0415128
-0.0262847
0.00226934
0.0543783
-0.0420723
0.0194921
-0.00649204
-0.0598652
0.0458289
-0.0163055
0.000341898
0.0612954
-0.0337044
0.0264817
-0.0144091
-0.0539792
