4.12189
0.053422
-0.0449077
0.0290557
0.00708194
-0.0592083
0.0473718
-0.00276257
-0.00594936
0.0694082
-0.0393118
-0.00553493
0.0234445
-0.0642756
0.0336153
-0.000467244
-0.0198457
0.0619884
-0.0409646
-0.00455566
0.0271078
-0.0556331
0.0393096
-0.00144651
-0.0162136
0.0610299
-0.0320372
0.0233821
0.0100405
-0.0502187
0.0447708
-0.0309957
-0.00283026
0.0522891
-0.0322134
0.0350765
-0.00616155
-0.0540166
0.0405065
-0.0347004
0.00778113
0.0497191
-0.0355916
0.0393925
-0.0114361
-0.0510892
0.0385687
-0.0427004
0.00840287
0.048087
-0.0458973
0.0290454
-0.0184465
-0.0491307
0.0405895
-0.0393843
0.0094236
0.047087
-0.0415916
0.0280868
-0.00421338
-0.0523223
0.0434858
-0.0336796
0.0134132
0.0414756
-0.0340217
0.0464132
-0.0263325
-0.0382862
0.0281232
-0.0554672
0.0186671
0.0359057
-0.0337679
0.0457915
-0.0227107
-0.0481929
0.0502423
-0.0383325
-0.027737
0.0501232
-0.042089
0.00976039
-0.0066331
-0.0582601
0.0407708
-0.0283636
-0.0120841
0.0618175
-0.0198248
0.0420765
-0.00380403
-0.0526902
0.0385273
-0.0420164
0.0127086
0.0444756
-0.0422963
0.0350661
-0.0170994
-0.0524467
0.0481905
-0.0346693
-0.00980952
0.0605325
-0.0351097
0.0227397
-0.00158127
-0.0582601
0.0467397
-0.0220164
0.00485369
0.0589523
-0.0384776
0.0234029
-0.0151719
-0.0500788
0.0498433
-0.0290164
-0.00347274
0.0592372
-0.0434258
0.0134029
-0.00925485
-0.0599544
0.0364651
-0.0353636
0.00678113
0.0493823
