-1.35753
0.0528969
-0.0310882
0.0608547
-0.0273418
-0.0360001
0.0506734
-0.040404
0.0206681
0.0527927
-0.0379688
0.03572
-0.0121501
-0.0514353
0.0385387
-0.0433833
0.00571997
0.049373
-0.0356217
0.0340671
-0.0118341
-0.0514249
0.0375387
-0.0390776
0.01272
0.0417824
-0.0167979
0.0587925
-0.020689
-0.0260105
0.0318289
-0.0564973
0.0269324
0.0187047
-0.0196995
0.0628755
-0.0286682
-0.0287152
0.0175751
-0.0566113
0.0319635
0.00876693
-0.0237617
0.060233
-0.0336682
-0.0151453
0.0186891
-0.0573264
0.0359635
0.0101141
-0.0303938
0.0581915
-0.0343211
-0.0178085
0.0196683
-0.0602953
0.0339427
0.00613481
-0.0350674
0.0561812
-0.028689
-0.0240623
0.0195958
-0.0552849
0.0339635
-0.00117088
-0.0172125
0.0596631
-0.0383625
-0.000564987
0.00255961
-0.057513
0.0413625
-0.0074662
-0.0106323
0.0613988
-0.0420361
-0.00820747
0.0296994
-0.0539585
0.0240257
0.0206322
-0.0359016
0.0491293
-0.0286993
-0.0257152
0.02986
-0.0595077
0.0242692
0.028969
0.005259
0.0706527
-0.0343211
-0.0125028
0.0124145
-0.0600414
0.0432692
-0.00376153
-0.0219069
0.0682744
-0.0349739
-0.00787068
0.0230673
-0.0626321
0.0326059
0.0210519
-0.0186995
0.0658651
-0.0293107
-0.0197774
0.0392072
-0.0515077
0.034922
0.0170934
-0.0240467
0.0618651
-0.0339739
-0.0108499
0.0286787
-0.0589274
0.0345956
0.0167566
-0.0346581
0.0591293
-0.0293107
-0.0211038
0.0186373
-0.0576321
0.0356163
0.00580839
