3.82024
0.0531978
-0.0421928
0.0139727
0.0254651
-0.0621048
0.0338897
0.0136725
-0.0151826
0.0645168
-0.0340684
-0.0238511
0.0367863
-0.0588871
0.0258379
0.0206206
-0.026395
0.058097
-0.0367109
-0.0228822
0.0427759
-0.0525503
0.0252058
0.0199367
-0.0247318
0.0574442
-0.036058
0.00498302
0.0287294
-0.0567473
0.0375529
-0.0141617
-0.0127578
0.060009
-0.0341721
0.0153302
0.0125273
-0.0625349
0.037584
-0.0198145
-0.00516718
0.0597552
-0.0381928
0.0179727
0.00558953
-0.0589546
0.0402991
-0.0178353
-0.00315681
0.0587655
-0.0441721
0.0066566
0.00121128
-0.0576282
0.0409727
-0.023141
-0.00120864
0.0591334
-0.0458456
0.00764624
0.0171387
-0.0538613
0.0402783
-0.0178249
-0.000840755
0.0501645
-0.0386125
0.0306151
-0.0158871
-0.0512034
0.0384753
-0.0388249
0.0046877
0.0505946
-0.0330218
0.0310141
-0.0179078
-0.0591619
0.0476981
-0.0261202
-0.0406956
0.0518743
-0.0411099
-0.0102708
0.0116983
-0.0561566
0.0415737
-0.00751921
-0.0243174
0.0652007
-0.0277731
0.0232887
0.0125895
-0.0592499
0.0389519
-0.0291099
-0.00291332
0.0525117
-0.0449078
0.0186255
-0.00501148
-0.0607007
0.0416566
-0.024141
-0.0207786
0.0619676
-0.0414363
0.0026566
0.0111387
-0.0605245
0.0392473
-0.00852957
-0.00110498
0.0670401
-0.0368042
0.00734055
-0.00376799
-0.0573328
0.0456359
-0.0154881
-0.0107786
0.0633458
-0.0444363
-0.00564909
-0.0011877
-0.065566
0.0369208
-0.0228042
-0.00386149
0.0604391
