4.27273
0.0532172
-0.0421704
0.0436635
-0.00885944
-0.0541446
0.0503889
-0.0204605
0.00611434
0.0694771
-0.0417972
0.00965316
0.0131871
-0.0598544
0.0369485
-0.0174916
-0.00645558
0.0640574
-0.0401237
0.00866353
0.0111871
-0.0552222
0.0422956
-0.018134
-0.00945558
0.0537621
-0.0275952
0.0359899
-0.00922732
-0.0471653
0.040819
-0.0394605
0.00966353
0.043358
-0.0310979
0.0436843
-0.0121859
-0.0501861
0.0331869
-0.0451548
0.0219174
0.0361664
-0.0328647
0.047705
-0.0247765
-0.0410048
0.0346377
-0.0505123
0.0215702
0.0371664
-0.0398233
0.0433371
-0.0251133
-0.0370255
0.0346688
-0.0501962
0.0235702
0.0338607
-0.0398544
0.0423578
-0.0194916
-0.044269
0.0352491
-0.0458387
0.0235806
0.0262286
-0.0243259
0.0580936
-0.0303879
-0.0228235
0.0159072
-0.0610253
0.027907
0.0192908
-0.0247249
0.0594511
-0.028735
-0.0344141
0.043332
-0.0445123
-0.00757997
0.0412336
-0.0370149
0.0276946
-0.0185745
-0.0472068
0.0408397
-0.0441133
-0.00296859
0.0512336
-0.00977143
0.0590521
-0.0240615
-0.036383
0.0283839
-0.0578802
0.0268552
0.023954
-0.0382948
0.0556843
-0.0267143
-0.0364037
0.0416584
-0.0494916
0.0132749
0.049042
-0.0304139
0.0446739
-0.020134
-0.0446161
0.0495133
-0.0407558
0.0225702
0.0461249
-0.0327922
0.0433578
-0.0317558
-0.038067
0.0449641
-0.0454812
0.019591
0.0451042
-0.04373
0.036306
-0.0264605
-0.0469737
0.0316066
-0.0478594
0.024907
0.032871
