1.75888
0.0518488
0.0179049
-0.0629188
0.0327389
0.0271123
-0.0414215
0.0435472
-0.0315975
-0.0455201
0.0424177
-0.0419861
0.00850574
0.0455059
-0.0236132
0.0475472
-0.022955
-0.0391625
0.0338167
-0.0516804
0.00813786
0.0445267
-0.029266
0.0432001
-0.0252918
-0.0325408
0.0176251
-0.0558152
0.0264228
0.0211019
-0.0212195
0.0593037
-0.0299032
-0.00805381
0.0132003
-0.0572867
0.0351068
0.0115216
-0.0120278
0.0630706
-0.0339136
-0.00641133
0.0125578
-0.0589603
0.0367596
0.00656306
-0.0150589
0.0630706
-0.0325871
-0.00507454
0.0248324
-0.0562142
0.033086
0.00356306
-0.0180589
0.061397
-0.0329239
-0.00109527
0.023537
-0.0598877
0.0314124
0.0138377
-0.0159863
0.0583866
-0.0322711
0.00355757
0.0122936
-0.0520329
0.039485
-0.012354
-0.00956153
0.0558893
-0.0419861
0.00253684
-0.00859242
-0.0634733
0.0590446
0.00836103
-0.0267221
0.0583659
-0.0243022
-0.0172766
0.0376354
-0.0454369
0.0291068
0.0201123
-0.0232195
0.0586301
-0.0299032
-0.0259605
-0.0137997
-0.0597479
0.0444435
0.00128847
-0.0114682
0.0667753
-0.0325871
0.00818969
0.0136614
-0.0580121
0.0394435
-0.000395473
-0.0181004
0.0640706
-0.0349032
-0.0163699
0.0171277
-0.0602142
0.0324021
0.010532
-0.0339241
0.0582622
-0.0328721
-0.011401
0.0191588
-0.0612142
0.0340549
0.0035838
-0.0227117
0.0626923
-0.03124
-0.0103802
0.0387183
-0.0497841
0.0387078
0.019532
-0.014976
0.0617027
-0.03324
-0.0044217
