-0.150808
0.0495889
0.0216275
0.0344775
-0.0421546
0.0363529
0.000368727
-0.0504034
0.0357726
-0.0238851
-0.00679733
0.0554307
-0.0358851
0.0123736
0.0022236
-0.054963
0.0386793
-0.0198437
-0.00613412
0.0584204
-0.0318851
0.0137208
0.00686608
-0.0506158
0.0390264
-0.0215069
0.0177311
0.0463427
-0.0377142
0.0343321
-0.0182012
-0.0412636
0.0412234
-0.035854
0.0186586
0.0470474
-0.0347453
0.0337
-0.0222012
-0.0406211
0.033612
-0.0435483
0.0196275
0.0344671
-0.0345225
0.0453632
-0.0214758
-0.0383258
0.0316535
-0.0462323
0.0133218
0.044037
-0.0254707
0.0440575
-0.0221597
-0.0359994
0.0293478
-0.0499059
0.00965856
0.0413634
-0.034766
0.0363632
-0.021854
-0.0383051
0.0303167
-0.0425898
0.0292699
0.0252443
-0.0233516
0.0544565
-0.0300975
-0.0234709
0.0228504
-0.0523463
0.0269435
0.0202547
-0.0280252
0.0524462
-0.0178333
-0.0303362
0.0605498
-0.0291183
8.86415e-05
0.0528712
-0.0269992
0.0370161
-0.0132219
-0.0428853
0.0471612
-0.0371183
0.0265756
0.0285604
-0.0455433
0.0423321
-0.0274447
-0.0333983
0.0283996
-0.049937
0.026586
0.038835
-0.0315329
0.0480368
-0.0254447
-0.0426729
0.0472234
-0.0364862
0.015985
0.0496899
-0.0363774
0.0359953
-0.00956908
-0.0445175
0.0328762
-0.0415276
0.0143218
0.041721
-0.0288075
0.0450368
-0.0198229
-0.0426211
0.0395706
-0.0408437
0.00470002
0.0502701
-0.0287038
0.0350368
-0.0225276
-0.0383051
0.0309799
-0.0442427
