-0.754056
0.0504808
-0.00640864
0.058892
-0.0417296
0.00116128
0.0294672
-0.0569265
0.0323529
0.0121253
-0.0263412
0.0589178
-0.0302995
-0.0213775
0.0183428
-0.0552633
0.0310369
0.0157574
-0.021994
0.0572753
-0.0270042
-0.0163672
0.0276485
-0.0512218
0.0350162
0.00782998
-0.0018438
0.0574723
-0.0380456
0.00714055
0.00629624
-0.0521546
0.040783
-0.0160664
0.00262246
0.0622391
-0.0364135
0.00484522
-0.00500945
-0.0522271
0.0391613
-0.0200767
0.00293851
0.0549542
-0.0378021
0.0148141
-0.00991616
-0.0576054
0.0381613
-0.0230664
-0.00504075
0.0588816
-0.0334342
0.0211198
-0.00821148
-0.0542997
0.0355395
-0.0307296
-0.00906149
0.0595344
-0.0387296
0.00747733
-0.00431514
-0.0509111
0.0395084
-0.0283721
0.0108349
0.0470889
-0.0296208
0.0384773
-0.0237192
-0.0468334
0.0360111
-0.0377607
0.00617164
0.045405
-0.0249784
0.0315499
0.000747053
-0.0466054
0.0491613
-0.0100767
-0.016906
0.0604101
-0.0330249
0.00616128
0.0066123
-0.0574499
0.0417312
-0.00807673
0.0129489
0.0599749
-0.0427607
0.0124462
-0.0155483
-0.055994
0.0391924
-0.0330249
-0.00246047
0.058607
-0.0381078
0.0210991
-0.00289543
-0.0605639
0.0437623
-0.0123928
-0.00697856
0.0621562
-0.0383617
0.00646697
0.0162444
-0.0537349
0.0347623
-0.0174135
-0.00798893
0.0628194
-0.0327192
0.0184462
0.00504238
-0.0571753
0.0417623
-0.0137296
-0.0205796
0.0580733
-0.0370145
0.00514055
-0.00498872
-0.0555536
0.0391405
-0.0227192
