-0.904879
0.0513396
-0.0143001
0.0618658
-0.0386314
-0.0057509
0.0374306
-0.0518076
0.0340625
0.0184981
-0.0269062
0.0579538
-0.0252635
-0.0262586
0.0233166
-0.0574605
0.0297154
0.021467
-0.0242222
0.0569641
-0.0252739
-0.0252586
0.0282958
-0.0551029
0.0297154
0.00820276
-0.00509277
0.0647932
-0.0312842
0.006218
0.00998508
-0.0537196
0.0441247
-0.0179578
-0.00100476
0.0642751
-0.03302
0.00922837
-0.00326879
-0.0561497
0.0358708
-0.0279889
-0.0040255
0.0553166
-0.0393879
0.0181662
-0.00816513
-0.0572222
0.0365652
-0.0266728
-0.0103105
0.0562544
-0.0337143
0.0218397
-0.00848118
-0.0539166
0.0405755
-0.0289785
-0.00801513
0.0582751
-0.0416728
0.0118294
-0.00355374
-0.0571704
0.0388605
-0.0299578
0.00556515
0.0491042
-0.0335123
0.0374926
-0.0180096
-0.0483985
0.0406792
-0.0343361
0.008218
0.0517778
-0.0388076
0.0238501
0.0031302
-0.0488544
0.0475341
-0.00803037
-0.0231342
0.0587517
-0.0346107
0.00420763
0.00500581
-0.0627092
0.0434097
-0.00599927
0.0130056
0.058042
-0.039735
0.0158501
-0.00951228
-0.053243
0.0445548
-0.0282842
-0.00139338
0.0606534
-0.0337247
0.0241662
-0.000838704
-0.0565176
0.0468294
-0.00900964
-0.00690111
0.0615393
-0.0356521
0.0105237
0.0203011
-0.0536574
0.0381247
-0.0126832
-0.00592184
0.0645393
-0.0313257
0.0201662
0.00908873
-0.0574243
0.0421351
-0.00902
-0.0198285
0.059446
-0.0332946
0.00853406
-0.001932
-0.05316
0.0405341
-0.0223257
