-1.20658
0.0490306
-0.0204244
0.0594097
-0.0316159
-0.023295
0.0425859
-0.0424035
0.0274459
0.0376741
-0.0300409
0.041591
-0.0206885
-0.0404452
0.0288087
-0.0460667
0.0181402
0.0369487
-0.0343259
0.0352439
-0.0270149
-0.0441291
0.0380833
-0.0416781
0.0184666
0.0306534
-0.00983886
0.0553579
-0.0312791
-0.0179893
0.0260471
-0.0495175
0.0321091
0.00553431
-0.0120669
0.0581144
-0.0366159
-0.0130411
0.00951866
-0.0536523
0.037793
-0.00439313
-0.013813
0.0568191
-0.0382998
-0.0070722
0.00658085
-0.0599994
0.0341195
-0.00208744
-0.0194244
0.0577569
-0.0326263
-0.00406183
0.0105705
-0.0576523
0.0324666
-0.00774028
-0.0231084
0.0584097
-0.029963
-0.0103468
0.0141611
-0.0532844
0.034793
-0.00871955
-0.00621203
0.0555652
-0.0360252
0.0115392
-0.00456935
-0.0525228
0.0388967
-0.0173724
-0.00361102
0.0599227
-0.0340252
0.0029278
0.0218865
-0.0466419
0.0325185
0.0104721
-0.0282586
0.0506636
-0.0312895
-0.0149996
0.0227518
-0.0532015
0.0307723
0.0158089
0.00791236
0.0628709
-0.0386263
-0.000776872
0.00596947
-0.0540616
0.0394874
-0.0146781
-0.016212
0.0621455
-0.0316366
0.00457028
0.0159384
-0.0543259
0.0397827
0.00988147
-0.0137094
0.0633993
-0.033248
-0.0103883
0.033415
-0.05016
0.0344148
0.00854468
-0.0147094
0.0610729
-0.0349216
-0.000776872
0.0205601
-0.0559372
0.0341091
0.0068711
-0.0263208
0.0580004
-0.0302584
-0.00705147
0.011213
-0.0519994
0.0388034
-0.00240349
