0.854603
0.0494388
0.0450413
-0.0299636
-0.0129484
0.060259
-0.0359636
-0.000378445
0.0033368
-0.0613368
0.0358236
0.00591201
-0.023311
0.058062
-0.0322278
-0.00934735
0.0158756
-0.0568963
0.0338029
0.0052488
-0.0176788
0.0637459
-0.025575
-0.00598983
0.0135596
-0.0502849
0.0371811
-0.0183004
-0.0115597
0.0569222
-0.0343211
0.017549
-0.0068134
-0.0449016
0.0436527
-0.0226475
-0.00262194
0.0593212
-0.0303626
0.0235594
-0.0157408
-0.046311
0.0403677
-0.031974
0.00196871
0.0527512
-0.0271295
0.0299272
-0.0173833
-0.0489845
0.0476527
-0.0266061
0.00794798
0.0514663
-0.0311398
0.0289169
-0.0200362
-0.0423732
0.0497045
-0.02629
-0.00596909
0.050689
-0.0277719
0.0289169
-0.019373
-0.0373939
0.039461
-0.0373315
0.0215179
0.0379896
-0.0253368
0.0459583
-0.0289221
-0.039824
0.0318703
-0.044373
0.0244868
0.0486321
-0.038202
0.0332226
0.0154819
-0.0427772
0.0462537
-0.0136475
-0.00489653
0.0519844
-0.0320569
0.0219065
0.00248192
-0.0524612
0.0210102
-0.0456579
0.00389615
0.0451709
-0.0285388
0.0372537
-0.0246372
-0.0361297
0.0414921
-0.0423108
0.0105386
0.0409067
-0.0382124
0.0322329
-0.00774084
-0.0535648
0.0346527
-0.0296579
-0.000663404
0.0494041
-0.0390776
0.0195594
-0.0230569
-0.0519949
0.0376941
-0.0333108
0.0102537
0.0465181
-0.0391502
0.0232433
-0.0184041
-0.0519638
0.0453055
-0.02429
0.00531586
0.0554144
-0.0281087
0.0309065
-0.0216786
-0.0463732
