-0.452428
0.0509461
0.0071887
0.0491474
-0.0461219
0.0221576
0.018733
-0.048065
0.0418519
-0.0100286
-0.0158371
0.0604789
-0.0352824
-0.00307553
0.00760862
-0.0576763
0.0401161
-0.00237573
-0.0114796
0.05651
-0.0436089
-0.0114123
0.0161889
-0.0546038
0.0367793
-0.00802857
0.00738565
0.0553495
-0.0397229
0.020168
-0.00482654
-0.0416091
0.0456395
-0.0299664
0.0138726
0.0488418
-0.0398369
0.0258623
-0.0243757
-0.0480702
0.0383753
-0.0399871
0.0125048
0.0448728
-0.0362255
0.0335359
-0.0240078
-0.0477542
0.036396
-0.0406711
0.00886228
0.048821
-0.0292152
0.0388726
-0.0196711
-0.043091
0.0367535
-0.0413446
0.00620943
0.0507899
-0.0374794
0.0285151
-0.0236918
-0.0457542
0.0330903
-0.0426918
0.0221265
0.0283651
-0.02578
0.0522716
-0.0305778
-0.0292672
0.0292873
-0.0511011
0.0237793
0.0293755
-0.0290961
0.0459452
-0.0156918
-0.0324485
0.0590385
-0.024956
-0.00335012
0.0573184
-0.0280908
0.0305255
-0.0114172
-0.0509666
0.0485877
-0.0285985
0.0291161
0.039018
-0.0416349
0.0408415
-0.0252824
-0.0348578
0.03751
-0.0466918
0.0201161
0.042619
-0.0303085
0.0475359
-0.0179664
-0.0424381
0.0487017
-0.0289871
0.0162094
0.0581371
-0.0321426
0.036168
-0.00341719
-0.0456194
0.0360074
-0.0369975
0.0165048
0.0574946
-0.0251944
0.0428623
-0.0133446
-0.0460391
0.0433442
-0.0333135
-6.51625e-05
0.0580231
-0.0251219
0.0345359
-0.0183654
-0.0364381
0.036795
-0.043355
