4.12189
0.0488576
-0.0393041
0.0304469
0.00308451
-0.0499415
0.043478
-0.0101279
-0.00596753
0.0614626
-0.0363921
-0.00381733
0.0211103
-0.053672
0.0347008
0.00115707
-0.0125167
0.0567268
-0.0383714
-0.0064909
0.0144678
-0.0567031
0.0327111
0.00147312
-0.0105167
0.0580636
-0.0274232
0.0187941
3.2676e-05
-0.0492679
0.0401619
-0.0270657
0.00286662
0.0453434
-0.0296202
0.0331412
-0.0115061
-0.0480659
0.035592
-0.0350968
0.00914121
0.0447424
-0.0333041
0.0311412
-0.0168222
-0.0457809
0.0366231
-0.0351072
0.009478
0.0454056
-0.0395994
0.0257837
-0.0118637
-0.0427498
0.0379495
-0.0331072
0.0121412
0.0457528
-0.0372834
0.024478
-0.00127301
-0.0426566
0.0395609
-0.0327393
0.00648836
0.0387528
-0.0310192
0.0381412
-0.0230864
-0.0355685
0.0320947
-0.0438222
0.018079
0.0358668
-0.0264492
0.042193
-0.0287289
-0.0455582
0.0469599
-0.0324025
-0.0240194
0.0438201
-0.040475
0.007478
-0.00699842
-0.0499519
0.0424884
-0.0234025
-0.0143561
0.0544833
-0.013558
0.0438044
-0.0164232
-0.0478017
0.0333071
-0.0440864
0.0157215
0.0358668
-0.0370606
0.0407837
-0.0174232
-0.0421696
0.0449599
-0.0377185
-0.0044909
0.0542709
-0.0308637
0.0244676
-0.00889476
-0.0493509
0.0468355
-0.0270346
0.00583552
0.0506802
-0.0339051
0.0287837
-0.0188118
-0.0474545
0.0449081
-0.0307289
0.00417231
0.0533227
-0.0421694
0.0184262
-0.0122212
-0.0526877
0.0352138
-0.0364025
0.0111101
0.0464264
