-0.301617
0.0494359
0.0159222
0.0420053
-0.0421345
0.0299533
0.00790697
-0.0487304
0.0403316
-0.017264
-0.0114715
0.0609586
-0.0352121
0.0059844
0.00279294
-0.0566579
0.0405854
-0.0139064
-0.0104715
0.0593057
-0.0302536
0.00967871
0.00511936
-0.0589636
0.034259
-0.0228961
0.0113627
0.0482281
-0.0357459
0.0322797
-0.0149583
-0.0396321
0.0385078
-0.0389168
0.0199118
0.0456789
-0.0338288
0.0389637
-0.0179168
-0.0366839
0.0385492
-0.0422536
0.014259
0.0333732
-0.0362278
0.0416372
-0.0192329
-0.0350414
0.0352539
-0.0452743
0.00927973
0.0389742
-0.0275438
0.0433316
-0.0222225
-0.0337357
0.0312954
-0.0473054
0.014259
0.041995
-0.036492
0.0386165
-0.0222225
-0.0363886
0.0326011
-0.0452951
0.0232175
0.0185183
-0.0274247
0.0517305
-0.0295075
-0.0205337
0.0267877
-0.0513884
0.0315232
0.022223
-0.0380361
0.0476683
-0.0215386
-0.0300932
0.0598446
-0.0298546
0.00367871
0.0521763
-0.0300619
0.0316372
-0.0146422
-0.0422745
0.0480984
-0.0358443
0.0291761
0.0238759
-0.0416682
0.0492901
-0.0261499
-0.026829
0.0260726
-0.0520308
0.0238807
0.0314562
-0.0296475
0.0486787
-0.0248546
-0.0377461
0.042886
-0.0389168
0.0192486
0.0433525
-0.0321863
0.0396476
-0.0156008
-0.0399792
0.0295596
-0.0469479
0.0162383
0.0406893
-0.0272278
0.0473212
-0.0198754
-0.0380414
0.0375596
-0.0402743
0.00632119
0.043912
-0.0278184
0.038658
-0.0288754
-0.0311243
0.0320001
-0.0496422
