0.552969
0.0506986
0.0429197
-0.00494006
-0.0279817
0.0617902
-0.027826
-0.022189
0.0188162
-0.0567484
0.024215
0.027148
-0.0329972
0.0490026
-0.0294892
-0.0301579
0.0323551
-0.045339
0.0288782
0.0275055
-0.0369868
0.0446658
-0.0255307
-0.0301165
0.0276919
-0.0516655
0.0331528
0.00368169
-0.0255931
0.0587902
-0.0328157
-0.00431343
0.0189717
-0.0498624
0.0428782
0.00303921
-0.0226242
0.0581581
-0.034826
0.00131868
0.00608576
-0.0592718
0.0388886
-0.0085929
-0.0157382
0.0595778
-0.0365203
0.00231868
0.00509612
-0.0572925
0.0415622
-0.00128721
-0.00839108
0.0609353
-0.0322146
0.00666583
0.000800797
-0.0546811
0.0435933
-0.001624
-0.0236449
0.0611477
-0.0334789
0.00131868
0.000780065
-0.0526811
0.041614
-0.0195514
0.00109592
0.0534484
-0.030023
0.0266451
-0.00439087
-0.0537848
0.041329
-0.023225
-0.00588335
0.0636815
-0.0385411
0.0109404
0.0492671
-0.0450437
0.0328782
0.014262
-0.012562
0.0595053
-0.0328364
-0.00562949
0.0279095
-0.0547588
0.0305311
-0.0271939
-0.00757766
0.0626919
-0.0299297
0.0249404
-0.0136655
-0.0495516
0.0486969
-0.0245307
0.00338088
0.0611116
-0.0332976
0.0216244
0.00985263
-0.0559868
0.0415829
-0.00925611
-0.00877969
0.0639457
-0.0348571
0.00630831
-0.00582095
-0.0563962
0.0446036
-0.0122354
0.00213738
0.0570805
-0.0396033
0.014614
0.00716868
-0.0556604
0.045899
-0.00126648
0.000220307
0.0656504
-0.0322146
0.0199301
-0.00174839
-0.0514376
