4.12189
0.0471452
-0.0357746
0.0293961
0.00163476
-0.0487073
0.0417329
-0.0135569
-0.00475407
0.0610543
-0.0348419
0.000416868
0.0157331
-0.0561425
0.0329557
-0.00426158
-0.00966077
0.0576656
-0.0335051
-0.00455203
0.013702
-0.0551425
0.0313028
-0.00394553
-0.00633435
0.0550335
-0.0275673
0.0193858
-0.00205955
-0.0490441
0.0370904
-0.0278522
0.00311118
0.0422616
-0.0267539
0.0344065
-0.0135984
-0.0504949
0.0298469
-0.0385465
0.00903862
0.0393445
-0.0304585
0.0357329
-0.0175673
-0.0448939
0.0318988
-0.0402201
0.0126811
0.0380492
-0.0381114
0.0313754
-0.0162512
-0.0385778
0.0359195
-0.0355673
0.0166915
0.0364067
-0.0354793
0.0333961
-0.00762947
-0.0408317
0.033878
-0.0368833
0.0163443
0.0314378
-0.0255726
0.0444376
-0.0225154
-0.0257126
0.0208004
-0.0523341
0.0156604
0.0238161
-0.0276244
0.0461112
-0.0142201
-0.0296297
0.0426242
-0.0372098
-0.013837
0.0441372
-0.0326502
0.0164169
-0.012702
-0.0481167
0.0391215
-0.0308419
-0.00818415
0.0498108
-0.00510101
0.0534272
-0.0191476
-0.0376504
0.0313185
-0.0472305
0.0212717
0.0261943
-0.0302876
0.0490801
-0.0221476
-0.0333551
0.0386553
-0.0415569
0.00770183
0.046303
-0.024101
0.0370801
-0.0149144
-0.0422203
0.0458366
-0.0321579
0.0179972
0.0450492
-0.0284585
0.0364065
-0.0255258
-0.0356711
0.0412874
-0.0368833
0.0163443
0.0473549
-0.0360596
0.0290386
-0.0189144
-0.0415778
0.0342459
-0.0405465
0.0203028
0.036785
