2.66403
0.0498908
-0.0185608
-0.0446232
0.0501177
-0.0261929
-0.0164937
0.0569986
-0.0315711
0.00837154
0.0087811
-0.0539339
0.0406047
-0.00360223
-0.00705325
0.0626307
-0.0345089
0.0026876
-0.000524592
-0.059965
0.0376047
-0.00328618
-0.013675
0.0575996
-0.0312032
0.0106772
-0.0200427
-0.0508563
0.0460555
-0.0241929
0.00672906
0.0465634
-0.0300841
0.0379829
-0.0251929
-0.0426854
0.0428638
-0.0378768
0.016615
0.0403717
-0.0288614
0.0453404
-0.0235089
-0.0367165
0.0385996
-0.0402551
0.0199415
0.0417189
-0.0242189
0.0450451
-0.0162343
-0.0402967
0.0365478
-0.0399079
0.017615
0.0407085
-0.0281982
0.0423612
-0.0198872
-0.0472864
0.045128
-0.0348457
0.013299
0.0386878
-0.0255453
0.045698
-0.0255089
-0.0267787
0.0293976
-0.0483276
0.0255736
0.0188848
-0.0280687
0.0517498
-0.0331307
-0.0275041
0.0383768
-0.0439598
0.0133093
0.0303925
-0.0527992
0.026615
-0.00666443
-0.0531309
0.0354026
-0.0295608
0.00472906
0.0505323
-0.0409909
0.0266047
-0.0321929
-0.0437165
0.0468535
-0.0401722
0.00995183
0.0353614
-0.0321982
0.0403508
-0.0268561
-0.046675
0.035211
-0.0455504
0.00298292
0.0419417
-0.041737
0.0216669
-0.0213069
-0.0542138
0.0410762
-0.0311929
-0.00822947
0.0467965
-0.0273795
0.0290244
-0.0242654
-0.0552449
0.033128
-0.0395504
-0.000965246
0.0468691
-0.0357059
0.0253301
-0.00868516
-0.0531309
0.0320866
-0.0358872
0.0116565
0.0393303
-0.0305039
0.036698
