-1.05571
0.0494519
-0.0162346
0.0577758
-0.0383431
-0.0120947
0.0403199
-0.0491514
0.0267187
0.0276827
-0.0314935
0.0478742
-0.0240167
-0.0335713
0.0295012
-0.0497939
0.0204026
0.0289677
-0.0314624
0.0415581
-0.0320167
-0.0382553
0.0357862
-0.0467524
0.0207291
0.0200195
-0.00633292
0.05804
-0.0366488
-0.0130947
0.0220764
-0.0522758
0.0343923
-0.00245711
-0.0115195
0.0604287
-0.0363327
-0.00777866
0.00918008
-0.0533898
0.0351073
-0.0117628
-0.0102553
0.0564909
-0.0390374
0.00117988
0.00825265
-0.0554209
0.0387602
-0.0100789
-0.0175506
0.0607447
-0.0330063
0.00219024
0.00957907
-0.056737
0.0364234
-0.0100892
-0.0231827
0.0550608
-0.0336902
-0.00808435
0.0101594
-0.0530427
0.036097
-0.0144053
-0.0046439
0.0535634
-0.03511
0.0174856
-0.00391829
-0.0509236
0.0398638
-0.0210685
-0.00235894
0.0565841
-0.0380892
0.00916951
0.0212319
-0.0457266
0.0338224
0.00412317
-0.0270272
0.0526411
-0.0296799
-0.00641077
0.0224339
-0.0536126
0.0320659
0.00913354
0.0293665
0.0573821
-0.0421307
0.0211073
-0.0085193
-0.053965
0.0421902
-0.0273535
0.00255813
0.059636
-0.0334571
0.0257913
0.00243923
-0.0509028
0.0484752
-0.00640528
0.000703253
0.0648587
-0.0333742
0.0151384
0.0229366
-0.0483898
0.0394441
-0.0117421
-0.000317479
0.0645323
-0.0330478
0.0194545
0.0110299
-0.0514831
0.0454441
-0.00706849
-0.0122346
0.0637654
-0.0286902
0.0121695
0.00168273
-0.0508614
0.0404959
-0.0203845
