4.42363
0.0478329
-0.0331001
0.0438893
-0.0107477
-0.0437168
0.0489515
-0.0243487
0.00393076
0.0606511
-0.0337581
0.0158582
0.00736105
-0.0567737
0.0348167
-0.0180534
-0.00662879
0.0542417
-0.0327581
0.0115525
0.00301389
-0.054468
0.0378271
-0.014727
-0.00461843
0.0525889
-0.023157
0.032195
-0.0157684
-0.0447272
0.0390033
-0.0360327
0.0151535
0.032247
-0.0240898
0.0465836
-0.0200327
-0.0417997
0.0297702
-0.0457477
0.0181121
0.0299621
-0.0284369
0.0422572
-0.0256959
-0.0345355
0.0324956
-0.0447684
0.0204488
0.0326253
-0.0373747
0.0385318
-0.0230327
-0.0308723
0.0351692
-0.0454213
0.0204385
0.0309724
-0.0370587
0.0372157
-0.0160845
-0.036779
0.0334334
-0.0410845
0.0204592
0.0243299
-0.0241727
0.0486147
-0.0263383
-0.0209552
0.0186822
-0.0555457
0.0217753
0.0187082
-0.0262142
0.0506147
-0.0256648
-0.0289138
0.0418324
-0.0404109
-0.0034164
0.0393972
-0.03424
0.0225629
-0.0141778
-0.0397064
0.0413401
-0.0366855
-0.000110706
0.044734
-0.00138509
0.0536458
-0.0283176
-0.0302609
0.0199464
-0.054841
0.024081
0.0124336
-0.0302556
0.0526043
-0.0306233
-0.0273024
0.0315889
-0.0521156
0.0104696
0.0318999
-0.0250794
0.0445836
-0.0226959
-0.0368412
0.0420862
-0.0397062
0.0187856
0.0326149
-0.0323955
0.0408893
-0.0296648
-0.0315873
0.0365163
-0.0487373
0.0114592
0.0299206
-0.0449965
0.0298478
-0.0273798
-0.0385148
0.0258324
-0.050442
0.0174385
0.0239932
