3.66943
0.0505416
-0.0413615
-0.00482813
0.0287627
-0.0555895
0.0250578
0.0226747
-0.0205948
0.055918
-0.0270039
-0.033284
0.040115
-0.0487397
0.0193635
0.0322757
-0.0284704
0.0478558
-0.0343096
-0.0346623
0.0384725
-0.044118
0.0223946
0.0302861
-0.020859
0.0568765
-0.0319521
-0.0068074
0.0274156
-0.0502838
0.0370371
-0.00179154
-0.0115379
0.0587574
-0.0356983
0.00448792
0.0178767
-0.0576932
0.0363739
-0.00743402
-0.0109161
0.0584517
-0.0360454
0.00615113
0.00661252
-0.0584497
0.038405
-0.0130765
-0.0102944
0.0561564
-0.0413822
-0.0008385
0.00458142
-0.0541336
0.0384361
-0.0134237
-0.00664155
0.0578404
-0.0400558
-0.00215456
0.0194881
-0.053346
0.0380475
-0.00842366
-0.00827366
0.0535036
-0.0347708
0.0164672
-0.00791594
-0.0519627
0.0352133
-0.0320661
0.00153975
0.0582912
-0.0311594
0.0228143
-0.00822163
-0.0596052
0.0404672
-0.0170765
-0.0461285
0.0505812
-0.03532
-0.0207348
0.0143741
-0.0572942
0.0323635
0.00481984
-0.0300456
0.0592444
-0.0249936
0.0214361
0.0173276
-0.0570922
0.0407211
-0.0190247
-0.0040509
0.0552393
-0.040434
0.0111304
0.000348292
-0.0548694
0.0444361
-0.014719
-0.0229161
0.0603792
-0.0369936
-0.00382813
0.0145089
-0.0557035
0.0380475
0.00285094
-0.0052011
0.0640942
-0.0353407
-0.000828134
-0.00305069
-0.0591647
0.042405
-0.00841329
-0.0139161
0.0607574
-0.0396672
-0.0104706
0.00418244
-0.0600714
0.0383739
-0.014719
-0.00766228
0.06083
