-1.56996
0.0483193
-0.0274743
0.0537639
-0.0228627
-0.0330702
0.0505515
-0.0332202
0.0153027
0.0499558
-0.0360804
0.0279867
-0.00602855
-0.0491479
0.03608
-0.0328938
0.00635458
0.0478936
-0.0347332
0.0240074
-0.0160078
-0.0518629
0.0387432
-0.0318834
0.0103338
0.0386397
-0.0185727
0.0470593
-0.0238731
-0.0330702
0.0313184
-0.0449767
0.0249038
0.0182046
-0.0197903
0.0551214
-0.0265155
-0.0261324
0.0171267
-0.0544068
0.025567
0.0119093
-0.0218318
0.052479
-0.0315155
-0.020521
0.0208314
-0.0530804
0.030883
0.0129404
-0.0291375
0.0497743
-0.0311788
-0.0191946
0.0221682
-0.050754
0.0299038
0.01193
-0.0317903
0.0517432
-0.0255155
-0.0264588
0.0267381
-0.0467021
0.029567
0.00728751
-0.0182308
0.0545204
-0.0335155
-0.00461433
0.0113444
-0.0542151
0.039567
0.00468649
-0.015293
0.0575515
-0.0401477
-0.0179304
0.0341475
-0.0480285
0.0116499
0.023733
-0.0352773
0.0387017
-0.0252306
-0.0307438
0.036308
-0.0456088
0.0155981
0.0347227
0.00126149
0.0618365
-0.0318109
-0.0218682
0.0161889
-0.0541115
0.0355359
0.00501291
-0.0235779
0.0598054
-0.0314741
-0.0139097
0.0295154
-0.0527125
0.0252302
0.0304792
-0.0203603
0.0524168
-0.0235259
-0.0247853
0.0436552
-0.0415985
0.024567
0.0241735
-0.0247178
0.0517432
-0.0294948
-0.0211842
0.0337588
-0.0496607
0.0232302
0.0251631
-0.0346556
0.0437017
-0.0261995
-0.0241324
0.0237692
-0.0513757
0.0302095
0.0155932
