-1.50923
0.0500264
-0.0310675
0.0544143
-0.023803
-0.0377049
0.0522122
-0.0328341
0.015321
0.052974
-0.0393471
0.0283106
-0.00597924
-0.0517825
0.0384143
-0.0291916
0.00739352
0.0538911
-0.0376424
0.0203417
-0.016316
-0.0558136
0.0407303
-0.0291709
0.0113624
0.0482901
-0.0191347
0.0463832
-0.0234973
-0.0340416
0.0369791
-0.0452331
0.0278909
0.0245699
-0.017741
0.0558132
-0.028803
-0.0287774
0.0197978
-0.0520311
0.027922
0.0129482
-0.0251193
0.0548029
-0.0354351
-0.0241868
0.0178704
-0.0583782
0.0308805
0.0126529
-0.0337618
0.050435
-0.0324559
-0.0185236
0.02586
-0.0540207
0.0355334
0.0166632
-0.0294353
0.0541086
-0.0281294
-0.0267878
0.0221346
-0.0533471
0.0295645
0.00302076
-0.0155908
0.059233
-0.0384455
-0.00363758
0.00543519
-0.0602177
0.0346059
-0.00261135
-0.0172955
0.0599065
-0.0331398
-0.00624896
0.0378911
-0.0456839
0.0176681
0.0221399
-0.0372695
0.0400567
-0.0278445
-0.0290831
0.0340413
-0.0502538
0.0182588
0.0321295
-0.00504672
0.0605075
-0.0321087
-0.0248292
0.0208393
-0.0550311
0.0322173
0.00834718
-0.0281607
0.0571293
-0.0304455
-0.0201764
0.0314817
-0.0552953
0.021238
0.0318238
-0.0239638
0.0514143
-0.0248134
-0.0284199
0.0496319
-0.0411813
0.024238
0.0281917
-0.0236685
0.0540878
-0.0320983
-0.0238396
0.0367667
-0.0466217
0.0279116
0.0265492
-0.0396063
0.0466785
-0.0301087
-0.0294614
0.0254403
-0.0506632
0.0318909
0.0166321
