3.41808
0.152881
-0.0788842
-0.0408842
0.143116
-0.150884
0.0641158
0.0661158
-0.140884
0.127116
-0.0298842
-0.0808842
0.156116
-0.138884
0.0331158
0.0851158
-0.148884
0.123116
-0.0228842
-0.0898842
0.155116
-0.100884
-0.0168842
0.135116
-0.157884
0.0641158
0.0611158
-0.137884
0.140116
-0.0608842
-0.0568842
0.150116
-0.140884
0.0461158
0.0741158
-0.141884
0.132116
-0.0358842
-0.0778842
0.152116
-0.139884
0.0121158
0.106116
-0.150884
0.102116
-0.0118842
-0.0958842
0.145116
-0.126884
-0.00288421
0.123116
-0.154884
0.100116
-0.0128842
-0.106884
0.151116
-0.127884
0.0111158
0.133116
-0.140884
0.110116
0.0171158
-0.106884
0.146116
-0.113884
-0.0118842
0.139116
-0.148884
0.0791158
0.0341158
-0.126884
0.145116
-0.0978842
-0.00988421
0.140116
-0.150884
0.0671158
0.0461158
-0.123884
0.140116
-0.0778842
-0.0428842
0.143116
-0.146884
0.0781158
0.0381158
-0.113884
0.141116
-0.0978842
-0.0228842
0.129116
-0.152884
0.0721158
0.0501158
-0.128884
0.128116
-0.0558842
-0.0618842
0.149116
-0.140884
0.0411158
0.0701158
-0.142884
0.129116
-0.0498842
-0.0738842
0.149116
-0.127884
0.0321158
0.0831158
-0.138884
0.126116
-0.0298842
-0.0718842
0.147116
-0.129884
0.00811579
0.103116
-0.149884
0.114116
-0.00188421
-0.0798842
0.149116
-0.128884
0.0211158
0.111116
-0.153884
0.107116
-0.00388421
-0.0458842
