1.73368
0.14723
0.152516
-0.121484
0.0135158
0.117516
-0.144484
0.101516
-0.00348421
-0.103484
0.144516
-0.0884842
-0.0344842
0.135516
-0.146484
0.0845158
0.0225158
-0.109484
0.143516
-0.0854842
-0.0474842
0.149516
-0.132484
0.0335158
0.0955158
-0.142484
0.104516
0.00751579
-0.0934842
0.148516
-0.117484
0.00151579
0.117516
-0.151484
0.0955158
0.00851579
-0.104484
0.148516
-0.0944842
-0.0164842
0.122516
-0.140484
0.0635158
0.0455158
-0.124484
0.134516
-0.0684842
-0.0294842
0.137516
-0.139484
0.0535158
0.0745158
-0.125484
0.135516
-0.0614842
-0.0404842
0.141516
-0.148484
0.0455158
0.0645158
-0.128484
0.128516
-0.0634842
-0.0524842
0.145516
-0.133484
0.0285158
0.0925158
-0.134484
0.118516
-0.0394842
-0.0614842
0.142516
-0.139484
0.0365158
0.0795158
-0.136484
0.116516
-0.0444842
-0.0714842
0.146516
-0.124484
0.0235158
0.0825158
-0.130484
0.117516
-0.0574842
-0.0514842
0.146516
-0.129484
0.0445158
0.0745158
-0.135484
0.113516
-0.0314842
-0.0914842
0.151516
-0.108484
0.00751579
0.113516
-0.139484
0.105516
0.00651579
-0.0934842
0.146516
-0.103484
-0.00448421
0.122516
-0.137484
0.0905158
-0.000484211
-0.0964842
0.142516
-0.0964842
-0.0114842
0.125516
-0.144484
0.0755158
0.0495158
-0.109484
0.138516
-0.0894842
-0.0164842
0.132516
-0.146484
0.0615158
0.0455158
-0.120484
0.143516
-0.130484
