2.81484
0.142792
0.0278211
-0.107179
0.146821
-0.0901789
-0.0161789
0.128821
-0.145179
0.0708211
0.0618211
-0.129179
0.125821
-0.0631789
-0.0381789
0.133821
-0.144179
0.0658211
0.0628211
-0.129179
0.120821
-0.0161789
-0.0771789
0.148821
-0.115179
-0.00117895
0.119821
-0.145179
0.0888211
0.0268211
-0.103179
0.138821
-0.0811789
-0.0301789
0.128821
-0.145179
0.0718211
0.0508211
-0.120179
0.129821
-0.0791789
-0.0601789
0.139821
-0.133179
0.0338211
0.0738211
-0.131179
0.123821
-0.0491789
-0.0731789
0.144821
-0.122179
0.0298211
0.0768211
-0.136179
0.118821
-0.0521789
-0.0691789
0.138821
-0.129179
0.0218211
0.0888211
-0.130179
0.116821
-0.0341789
-0.0741789
0.144821
-0.110179
0.0148211
0.104821
-0.134179
0.108821
-0.0281789
-0.0751789
0.141821
-0.117179
0.00582105
0.0998211
-0.134179
0.0988211
-0.00417895
-0.0941789
0.138821
-0.114179
0.0238211
0.0948211
-0.128179
0.114821
-0.0291789
-0.0681789
0.136821
-0.126179
0.0158211
0.102821
-0.139179
0.0888211
0.00882105
-0.101179
0.138821
-0.0921789
-0.0131789
0.112821
-0.138179
0.0848211
0.0188211
-0.109179
0.138821
-0.0861789
-0.0181789
0.120821
-0.140179
0.0768211
0.0298211
-0.108179
0.130821
-0.0841789
-0.0331789
0.138821
-0.130179
0.0688211
0.0628211
-0.113179
0.135821
-0.0711789
-0.0321789
0.130821
-0.133179
0.0588211
0.0658211
-0.0871789
