2.3624
0.155392
0.106168
-0.151832
0.125168
-0.0128316
-0.0858316
0.157168
-0.132832
0.00516842
0.134168
-0.153832
0.0911684
0.0191684
-0.102832
0.156168
-0.121832
-0.00183158
0.134168
-0.154832
0.0791684
0.0661684
-0.135832
0.135168
-0.0508316
-0.0788316
0.156168
-0.129832
0.0141684
0.114168
-0.150832
0.114168
-0.00383158
-0.102832
0.158168
-0.117832
0.00916842
0.127168
-0.153832
0.100168
0.00416842
-0.120832
0.148168
-0.0958316
-0.0358316
0.141168
-0.153832
0.0811684
0.0331684
-0.130832
0.149168
-0.0658316
-0.0408316
0.136168
-0.150832
0.0721684
0.0361684
-0.124832
0.152168
-0.0638316
-0.0328316
0.150168
-0.155832
0.0611684
0.0601684
-0.129832
0.136168
-0.0428316
-0.0608316
0.152168
-0.143832
0.0571684
0.0671684
-0.125832
0.133168
-0.0608316
-0.0678316
0.144168
-0.146832
0.0401684
0.0881684
-0.142832
0.128168
-0.0508316
-0.0608316
0.148168
-0.144832
0.0581684
0.0661684
-0.131832
0.138168
-0.0678316
-0.0658316
0.148168
-0.140832
0.0221684
0.100168
-0.149832
0.118168
-0.0108316
-0.0898316
0.155168
-0.122832
0.00816842
0.107168
-0.145832
0.104168
0.00416842
-0.102832
0.149168
-0.123832
0.00316842
0.119168
-0.150832
0.0971684
0.00916842
-0.111832
0.150168
-0.0938316
-0.00683158
0.139168
-0.155832
0.0991684
0.0221684
-0.102832
0.140168
-0.0948316
-0.0218316
0.143168
-0.150832
