0.251348
0.141828
0.0497684
0.0617684
-0.125232
0.125768
-0.0622316
-0.0582316
0.142768
-0.136232
0.0127684
0.0947684
-0.144232
0.109768
-0.0322316
-0.0712316
0.139768
-0.128232
0.0197684
0.102768
-0.143232
0.0777684
0.0227684
-0.118232
0.135768
-0.0702316
-0.0482316
0.137768
-0.141232
0.0437684
0.0587684
-0.136232
0.120768
-0.0412316
-0.0602316
0.135768
-0.135232
0.0257684
0.0837684
-0.141232
0.118768
-0.0112316
-0.0802316
0.138768
-0.120232
0.0127684
0.104768
-0.140232
0.0997684
0.00876842
-0.0962316
0.141768
-0.109232
0.0117684
0.108768
-0.140232
0.104768
-0.0132316
-0.0952316
0.148768
-0.109232
-0.00323158
0.104768
-0.144232
0.0927684
0.00876842
-0.102232
0.138768
-0.0972316
-0.0202316
0.115768
-0.142232
0.0917684
0.000768421
-0.102232
0.134768
-0.0912316
-0.0162316
0.113768
-0.141232
0.0787684
0.0267684
-0.107232
0.136768
-0.105232
-0.00323158
0.104768
-0.143232
0.0907684
0.00276842
-0.0892316
0.137768
-0.0942316
-0.0162316
0.119768
-0.137232
0.0677684
0.0447684
-0.114232
0.131768
-0.0772316
-0.0312316
0.128768
-0.141232
0.0627684
0.0597684
-0.123232
0.116768
-0.0662316
-0.0492316
0.122768
-0.137232
0.0447684
0.0597684
-0.129232
0.118768
-0.0482316
-0.0632316
0.134768
-0.127232
0.0207684
0.0687684
-0.131232
0.112768
-0.0512316
-0.0712316
0.138768
-0.127232
0.0227684
0.0257684
