-0.804329
0.15515
-0.0954
0.1566
-0.1374
0.0076
0.1096
-0.1604
0.1056
0.0036
-0.1234
0.1506
-0.0894
-0.0244
0.1236
-0.1614
0.0906
0.0136
-0.1244
0.1496
-0.0754
-0.0624
0.1526
-0.1444
0.0226
0.1046
-0.1564
0.1026
-0.0074
-0.1014
0.1496
-0.1204
-0.0124
0.1256
-0.1544
0.0986
0.0136
-0.1144
0.1446
-0.1064
-0.0264
0.1426
-0.1544
0.0686
0.0556
-0.1324
0.1396
-0.0814
-0.0494
0.1486
-0.1474
0.0426
0.0656
-0.1364
0.1336
-0.0724
-0.0444
0.1386
-0.1544
0.0526
0.0726
-0.1404
0.1346
-0.0564
-0.0684
0.1486
-0.1354
0.0216
0.1006
-0.1504
0.1176
-0.0384
-0.0764
0.1486
-0.1344
0.0206
0.1096
-0.1554
0.1086
-0.0184
-0.0974
0.1496
-0.1214
0.0186
0.0996
-0.1454
0.1226
-0.0424
-0.0744
0.1506
-0.1344
0.0286
0.1046
-0.1504
0.1066
0.0016
-0.1094
0.1456
-0.1154
-0.0204
0.1226
-0.1554
0.0826
0.0196
-0.1154
0.1416
-0.0954
-0.0364
0.1306
-0.1524
0.0886
0.0256
-0.1214
0.1376
-0.0924
-0.0374
0.1446
-0.1534
0.0546
0.0436
-0.1404
0.1326
-0.0864
-0.0464
0.1366
-0.1384
0.0556
0.0676
-0.1454
0.1576
