-1.106
0.152851
-0.123853
0.146147
-0.108853
-0.0328526
0.132147
-0.153853
0.0731474
0.0491474
-0.139853
0.130147
-0.0538526
-0.0598526
0.148147
-0.147853
0.0471474
0.0601474
-0.144853
0.125147
-0.0378526
-0.0938526
0.152147
-0.123853
-0.0108526
0.129147
-0.152853
0.0691474
0.0331474
-0.124853
0.147147
-0.0868526
-0.0448526
0.140147
-0.146853
0.0631474
0.0531474
-0.136853
0.135147
-0.0688526
-0.0548526
0.148147
-0.144853
0.0331474
0.0901474
-0.151853
0.115147
-0.0528526
-0.0748526
0.146147
-0.135853
0.00914737
0.0961474
-0.143853
0.113147
-0.0328526
-0.0778526
0.149147
-0.123853
0.0341474
0.116147
-0.145853
0.108147
-0.0198526
-0.0998526
0.148147
-0.110853
-0.00585263
0.119147
-0.154853
0.0971474
-0.00885263
-0.0868526
0.155147
-0.113853
-0.00485263
0.121147
-0.153853
0.0951474
0.0121474
-0.108853
0.144147
-0.103853
-0.00885263
0.117147
-0.149853
0.105147
-0.0108526
-0.0958526
0.148147
-0.124853
0.00214737
0.121147
-0.148853
0.0891474
0.0301474
-0.120853
0.144147
-0.0928526
-0.0408526
0.137147
-0.149853
0.0531474
0.0531474
-0.123853
0.133147
-0.0748526
-0.0548526
0.149147
-0.145853
0.0631474
0.0511474
-0.134853
0.125147
-0.0688526
-0.0518526
0.152147
-0.139853
0.0271474
0.0681474
-0.142853
0.126147
-0.0568526
-0.0638526
0.145147
-0.127853
0.0271474
0.0921474
-0.151853
0.156147
