0.552969
0.143589
0.0856421
0.0166421
-0.0993579
0.137642
-0.100358
-0.0293579
0.128642
-0.147358
0.0496421
0.0626421
-0.135358
0.130642
-0.0783579
-0.0413579
0.133642
-0.141358
0.0506421
0.0696421
-0.134358
0.107642
-0.0183579
-0.0933579
0.146642
-0.101358
-0.0193579
0.127642
-0.148358
0.0816421
0.0286421
-0.115358
0.135642
-0.0823579
-0.0283579
0.128642
-0.143358
0.0616421
0.0486421
-0.121358
0.134642
-0.0513579
-0.0593579
0.137642
-0.134358
0.0416421
0.0816421
-0.129358
0.123642
-0.0333579
-0.0663579
0.145642
-0.130358
0.0406421
0.0826421
-0.137358
0.123642
-0.0503579
-0.0763579
0.144642
-0.125358
0.0216421
0.0786421
-0.143358
0.113642
-0.0273579
-0.0793579
0.142642
-0.119358
0.0186421
0.104642
-0.132358
0.114642
-0.0373579
-0.0803579
0.142642
-0.117358
0.0136421
0.0956421
-0.145358
0.0976421
-0.00535789
-0.0873579
0.142642
-0.121358
0.0186421
0.0846421
-0.140358
0.109642
-0.0273579
-0.0733579
0.141642
-0.114358
0.0106421
0.0966421
-0.137358
0.0916421
0.0186421
-0.0933579
0.140642
-0.0973579
-0.00135789
0.122642
-0.149358
0.0826421
0.0306421
-0.110358
0.132642
-0.0943579
-0.0213579
0.117642
-0.141358
0.0716421
0.0286421
-0.112358
0.132642
-0.0743579
-0.0423579
0.133642
-0.142358
0.0496421
0.0496421
-0.117358
0.126642
-0.0783579
-0.0443579
0.134642
-0.140358
0.0566421
-0.0113579
