2.51322
0.161132
0.0891579
-0.144842
0.148158
-0.0388421
-0.0708421
0.162158
-0.150842
0.0261579
0.124158
-0.158842
0.114158
-0.0108421
-0.0908421
0.164158
-0.136842
0.0191579
0.119158
-0.158842
0.0981579
0.0461579
-0.128842
0.148158
-0.0778421
-0.0618421
0.158158
-0.144842
0.0411579
0.0931579
-0.146842
0.129158
-0.0308421
-0.0848421
0.166158
-0.139842
0.0271579
0.115158
-0.156842
0.121158
-0.0218421
-0.111842
0.164158
-0.118842
-0.0138421
0.128158
-0.159842
0.104158
0.0191579
-0.120842
0.159158
-0.0938421
-0.0208421
0.131158
-0.161842
0.0941579
0.0131579
-0.118842
0.160158
-0.101842
-0.0198421
0.140158
-0.159842
0.0801579
0.0311579
-0.126842
0.152158
-0.0698421
-0.0368421
0.148158
-0.156842
0.0851579
0.0341579
-0.125842
0.150158
-0.0778421
-0.0478421
0.149158
-0.154842
0.0691579
0.0671579
-0.138842
0.146158
-0.0768421
-0.0368421
0.141158
-0.159842
0.0831579
0.0341579
-0.126842
0.154158
-0.0938421
-0.0488421
0.147158
-0.152842
0.0531579
0.0791579
-0.149842
0.139158
-0.0318421
-0.0688421
0.151158
-0.138842
0.0371579
0.0861579
-0.151842
0.130158
-0.0178421
-0.0788421
0.158158
-0.146842
0.0361579
0.101158
-0.153842
0.123158
-0.0198421
-0.101842
0.153158
-0.120842
0.0191579
0.120158
-0.156842
0.117158
-0.00684211
-0.0958421
0.152158
-0.118842
0.00415789
0.134158
-0.149842
