2.46295
0.161018
0.0970737
-0.152926
0.139074
-0.0329263
-0.0799263
0.163074
-0.141926
0.0200737
0.129074
-0.159926
0.106074
0.00207368
-0.0979263
0.162074
-0.128926
0.0130737
0.125074
-0.162926
0.0870737
0.0560737
-0.137926
0.147074
-0.0669263
-0.0679263
0.162074
-0.145926
0.0370737
0.101074
-0.149926
0.128074
-0.0159263
-0.0929263
0.161074
-0.135926
0.0220737
0.119074
-0.158926
0.114074
-0.0149263
-0.118926
0.158074
-0.106926
-0.0229263
0.133074
-0.157926
0.103074
0.0240737
-0.123926
0.158074
-0.0849263
-0.0249263
0.132074
-0.159926
0.0900737
0.0200737
-0.124926
0.157074
-0.0949263
-0.0259263
0.147074
-0.157926
0.0800737
0.0470737
-0.127926
0.149074
-0.0599263
-0.0479263
0.155074
-0.151926
0.0680737
0.0500737
-0.126926
0.145074
-0.0659263
-0.0589263
0.152074
-0.151926
0.0540737
0.0770737
-0.143926
0.139074
-0.0709263
-0.0489263
0.149074
-0.156926
0.0730737
0.0510737
-0.132926
0.149074
-0.0819263
-0.0559263
0.150074
-0.151926
0.0370737
0.0910737
-0.150926
0.134074
-0.0259263
-0.0759263
0.154074
-0.136926
0.0320737
0.0940737
-0.153926
0.129074
-0.00792632
-0.0869263
0.157074
-0.137926
0.0250737
0.110074
-0.150926
0.119074
-0.0109263
-0.107926
0.163074
-0.116926
0.0110737
0.130074
-0.155926
0.114074
0.00707368
-0.0959263
0.153074
-0.111926
-0.00992632
0.135074
-0.150926
