1.70846
0.147336
0.155158
-0.136842
0.0431579
0.0921579
-0.136842
0.116158
-0.0388421
-0.0808421
0.155158
-0.114842
-0.00784211
0.115158
-0.142842
0.108158
-0.00984211
-0.0898421
0.150158
-0.107842
-0.0238421
0.136158
-0.138842
0.0591579
0.0681579
-0.134842
0.121158
-0.0288421
-0.0748421
0.151158
-0.131842
0.0251579
0.101158
-0.143842
0.116158
-0.0228421
-0.0848421
0.150158
-0.117842
0.00615789
0.112158
-0.143842
0.0861579
0.0171579
-0.107842
0.146158
-0.0908421
-0.00584211
0.128158
-0.142842
0.0831579
0.0441579
-0.115842
0.141158
-0.0918421
-0.0148421
0.127158
-0.150842
0.0681579
0.0251579
-0.117842
0.141158
-0.0868421
-0.0278421
0.134158
-0.140842
0.0651579
0.0611579
-0.122842
0.132158
-0.0658421
-0.0328421
0.134158
-0.140842
0.0591579
0.0551579
-0.127842
0.127158
-0.0648421
-0.0478421
0.142158
-0.134842
0.0421579
0.0601579
-0.124842
0.133158
-0.0798421
-0.0318421
0.134158
-0.137842
0.0661579
0.0451579
-0.128842
0.128158
-0.0588421
-0.0648421
0.140158
-0.122842
0.0291579
0.0951579
-0.133842
0.121158
-0.0198421
-0.0728421
0.150158
-0.115842
0.0131579
0.108158
-0.136842
0.107158
-0.0218421
-0.0808421
0.149158
-0.113842
-0.000842105
0.111158
-0.138842
0.0941579
0.0191579
-0.0948421
0.151158
-0.108842
0.000157895
0.113158
-0.143842
0.0791579
0.0191579
-0.109842
0.153158
-0.141842
