0.100539
0.150323
0.0248632
0.0878632
-0.142137
0.118863
-0.0401368
-0.0801368
0.157863
-0.128137
-0.00813684
0.116863
-0.155137
0.0988632
-0.00613684
-0.0961368
0.154863
-0.124137
-0.00613684
0.125863
-0.154137
0.0648632
0.0468632
-0.135137
0.132863
-0.0511368
-0.0731368
0.152863
-0.139137
0.0258632
0.0868632
-0.145137
0.114863
-0.0191368
-0.0871368
0.149863
-0.127137
0.00986316
0.106863
-0.148137
0.108863
0.0228632
-0.110137
0.143863
-0.104137
-0.0181368
0.127863
-0.151137
0.0848632
0.0378632
-0.120137
0.138863
-0.0901368
-0.0151368
0.131863
-0.151137
0.0858632
0.0168632
-0.126137
0.141863
-0.0911368
-0.0341368
0.137863
-0.151137
0.0578632
0.0518632
-0.135137
0.131863
-0.0571368
-0.0581368
0.146863
-0.144137
0.0568632
0.0528632
-0.141137
0.123863
-0.0461368
-0.0671368
0.147863
-0.137137
0.0228632
0.0858632
-0.143137
0.125863
-0.0631368
-0.0521368
0.141863
-0.145137
0.0538632
0.0608632
-0.131137
0.129863
-0.0421368
-0.0651368
0.140863
-0.127137
0.0218632
0.0978632
-0.144137
0.105863
-0.0181368
-0.0741368
0.151863
-0.128137
0.00986316
0.111863
-0.151137
0.0968632
-0.00613684
-0.0951368
0.148863
-0.117137
-0.00313684
0.112863
-0.147137
0.0918632
0.0208632
-0.109137
0.142863
-0.103137
-0.0311368
0.120863
-0.150137
0.0808632
0.0158632
-0.118137
0.143863
-0.0881368
-0.0341368
0.0898632
