0.251348
0.147147
0.0503474
0.0593474
-0.128653
0.124347
-0.0616526
-0.0566526
0.145347
-0.137653
0.0223474
0.0973474
-0.150653
0.109347
-0.0356526
-0.0746526
0.147347
-0.130653
0.0153474
0.102347
-0.152653
0.0833474
0.0253474
-0.118653
0.140347
-0.0746526
-0.0506526
0.141347
-0.147653
0.0453474
0.0663474
-0.139653
0.127347
-0.0446526
-0.0606526
0.142347
-0.140653
0.0263474
0.0903474
-0.144653
0.120347
-0.00765263
-0.0886526
0.142347
-0.126653
0.00934737
0.109347
-0.140653
0.106347
0.0123474
-0.0986526
0.144347
-0.114653
0.00734737
0.111347
-0.150653
0.0993474
-0.00265263
-0.0976526
0.157347
-0.101653
-0.00465263
0.110347
-0.152653
0.0913474
0.0253474
-0.112653
0.137347
-0.0926526
-0.0276526
0.133347
-0.146653
0.0863474
0.0223474
-0.113653
0.133347
-0.0906526
-0.0346526
0.125347
-0.145653
0.0603474
0.0553474
-0.125653
0.134347
-0.0946526
-0.0236526
0.121347
-0.147653
0.0853474
0.0233474
-0.111653
0.141347
-0.0846526
-0.0376526
0.130347
-0.146653
0.0523474
0.0733474
-0.126653
0.122347
-0.0536526
-0.0506526
0.145347
-0.140653
0.0383474
0.0913474
-0.136653
0.109347
-0.0376526
-0.0716526
0.137347
-0.131653
0.0283474
0.0903474
-0.135653
0.112347
-0.0136526
-0.0796526
0.145347
-0.119653
0.00834737
0.100347
-0.142653
0.103347
-0.0196526
-0.0956526
0.145347
-0.117653
0.00134737
0.0543474
