-1.56996
0.14966
-0.148063
0.113937
-0.0370632
-0.0900632
0.152937
-0.125063
0.00993684
0.109937
-0.152063
0.0829368
0.0269368
-0.111063
0.148937
-0.116063
-0.0100632
0.124937
-0.148063
0.0819368
0.0469368
-0.132063
0.133937
-0.0570632
-0.0730632
0.150937
-0.129063
0.00793684
0.103937
-0.149063
0.112937
-0.0140632
-0.0980632
0.144937
-0.123063
0.00393684
0.111937
-0.148063
0.0879368
0.00793684
-0.102063
0.140937
-0.0960632
-0.0280632
0.139937
-0.154063
0.0649368
0.0239368
-0.117063
0.132937
-0.0840632
-0.0520632
0.138937
-0.149063
0.0549368
0.0419368
-0.121063
0.133937
-0.0820632
-0.0340632
0.147937
-0.143063
0.0519368
0.0509368
-0.129063
0.129937
-0.0520632
-0.0590632
0.146937
-0.139063
0.0409368
0.0679368
-0.126063
0.138937
-0.0540632
-0.0600632
0.141937
-0.141063
0.0369368
0.0829368
-0.140063
0.113937
-0.0490632
-0.0580632
0.142937
-0.139063
0.0509368
0.0599368
-0.131063
0.126937
-0.0740632
-0.0510632
0.149937
-0.130063
0.0299368
0.0949368
-0.144063
0.107937
-0.0270632
-0.0920632
0.148937
-0.132063
-0.00506316
0.104937
-0.146063
0.0969368
-0.00606316
-0.100063
0.149937
-0.116063
0.00993684
0.106937
-0.141063
0.0899368
0.00893684
-0.105063
0.145937
-0.103063
-0.0260632
0.121937
-0.150063
0.0879368
0.0119368
-0.105063
0.146937
-0.0860632
-0.0270632
0.133937
-0.149063
0.127937
