-0.452428
0.149631
-0.0438
0.1392
-0.1518
0.0562
0.0442
-0.1358
0.1372
-0.0618
-0.0728
0.1492
-0.1438
0.0312
0.0742
-0.1428
0.1272
-0.0508
-0.0738
0.1492
-0.1288
-0.0098
0.1202
-0.1548
0.0802
0.0402
-0.1238
0.1332
-0.0788
-0.0398
0.1382
-0.1468
0.0492
0.0622
-0.1348
0.1302
-0.0638
-0.0708
0.1472
-0.1418
0.0392
0.1022
-0.1438
0.1132
-0.0298
-0.0828
0.1452
-0.1368
0.0152
0.1072
-0.1468
0.0932
-0.0178
-0.0778
0.1512
-0.1278
0.0202
0.0952
-0.1388
0.1172
0.0032
-0.0968
0.1452
-0.1228
-0.0018
0.1142
-0.1428
0.0792
0.0122
-0.1138
0.1422
-0.1098
0.0052
0.1162
-0.1498
0.0862
0.0202
-0.1108
0.1422
-0.0978
-0.0248
0.1292
-0.1518
0.0832
0.0082
-0.1038
0.1502
-0.1138
-0.0058
0.1162
-0.1518
0.0972
0.0212
-0.1148
0.1392
-0.0798
-0.0338
0.1372
-0.1428
0.0542
0.0522
-0.1228
0.1342
-0.0768
-0.0418
0.1382
-0.1438
0.0492
0.0582
-0.1318
0.1362
-0.0628
-0.0508
0.1372
-0.1408
0.0452
0.0832
-0.1358
0.1122
-0.0498
-0.0738
0.1422
-0.1408
0.0372
0.0712
-0.1408
0.1182
-0.0338
-0.0808
0.1352
