2.81484
0.153424
0.0432842
-0.125716
0.152284
-0.0917158
-0.0287158
0.142284
-0.153716
0.0632842
0.0792842
-0.139716
0.131284
-0.0547158
-0.0527158
0.153284
-0.147716
0.0562842
0.0772842
-0.146716
0.120284
-0.00671579
-0.0957158
0.155284
-0.112716
-0.0137158
0.139284
-0.153716
0.0752842
0.0432842
-0.123716
0.144284
-0.0827158
-0.0427158
0.144284
-0.153716
0.0632842
0.0682842
-0.132716
0.136284
-0.0697158
-0.0727158
0.152284
-0.140716
0.0252842
0.0922842
-0.146716
0.129284
-0.0487158
-0.0837158
0.155284
-0.123716
0.0222842
0.0862842
-0.146716
0.118284
-0.0407158
-0.0737158
0.163284
-0.115716
0.0312842
0.106284
-0.151716
0.111284
-0.0127158
-0.0847158
0.156284
-0.108716
0.000284211
0.127284
-0.153716
0.107284
-0.00771579
-0.0857158
0.149284
-0.114716
-0.0187158
0.118284
-0.150716
0.0922842
0.0232842
-0.109716
0.148284
-0.110716
0.00228421
0.113284
-0.145716
0.108284
-0.00871579
-0.0917158
0.153284
-0.124716
-0.00571579
0.122284
-0.143716
0.0802842
0.0302842
-0.118716
0.147284
-0.0847158
-0.0297158
0.133284
-0.147716
0.0762842
0.0382842
-0.127716
0.141284
-0.0657158
-0.0427158
0.142284
-0.147716
0.0682842
0.0552842
-0.126716
0.140284
-0.0677158
-0.0587158
0.149284
-0.136716
0.0562842
0.0852842
-0.133716
0.137284
-0.0607158
-0.0517158
0.143284
-0.142716
0.0442842
0.0842842
-0.106716
