3.51861
0.145841
-0.0867474
-0.0307474
0.130253
-0.143747
0.0752526
0.0482526
-0.127747
0.131253
-0.0477474
-0.0667474
0.147253
-0.133747
0.0452526
0.0662526
-0.129747
0.125253
-0.0407474
-0.0727474
0.145253
-0.109747
-0.00274737
0.124253
-0.152747
0.0752526
0.0402526
-0.129747
0.142253
-0.0747474
-0.0377474
0.135253
-0.140747
0.0502526
0.0572526
-0.126747
0.132253
-0.0507474
-0.0597474
0.144253
-0.136747
0.0252526
0.0882526
-0.139747
0.114253
-0.0287474
-0.0837474
0.138253
-0.127747
0.0102526
0.0992526
-0.148747
0.107253
-0.0247474
-0.0917474
0.143253
-0.127747
0.0182526
0.103253
-0.144747
0.104253
-0.00574737
-0.0827474
0.151253
-0.118747
0.0112526
0.116253
-0.143747
0.0982526
0.00525263
-0.0947474
0.146253
-0.131747
0.0182526
0.111253
-0.147747
0.0952526
0.00125263
-0.0957474
0.139253
-0.106747
-0.00474737
0.116253
-0.144747
0.105253
-0.00674737
-0.0857474
0.144253
-0.115747
0.0112526
0.102253
-0.143747
0.0972526
0.00625263
-0.0937474
0.134253
-0.0967474
-0.0247474
0.120253
-0.149747
0.0722526
0.0262526
-0.116747
0.132253
-0.0877474
-0.0367474
0.134253
-0.140747
0.0632526
0.0472526
-0.112747
0.132253
-0.0767474
-0.0397474
0.136253
-0.135747
0.0412526
0.0752526
-0.133747
0.127253
-0.0337474
-0.0527474
0.137253
-0.134747
0.0432526
0.0792526
-0.136747
0.117253
-0.0457474
-0.0107474
