2.91538
0.148403
0.0204737
-0.104526
0.152474
-0.100526
-0.0145263
0.128474
-0.146526
0.0734737
0.0604737
-0.125526
0.136474
-0.0705263
-0.0425263
0.139474
-0.144526
0.0644737
0.0634737
-0.133526
0.125474
-0.0215263
-0.0855263
0.149474
-0.119526
0.000473684
0.128474
-0.141526
0.0874737
0.0244737
-0.109526
0.142474
-0.0855263
-0.0255263
0.136474
-0.148526
0.0694737
0.0494737
-0.125526
0.138474
-0.0785263
-0.0575263
0.155474
-0.137526
0.0384737
0.0714737
-0.137526
0.130474
-0.0555263
-0.0695263
0.146474
-0.127526
0.0324737
0.0754737
-0.140526
0.122474
-0.0525263
-0.0695263
0.147474
-0.136526
0.0294737
0.0934737
-0.131526
0.118474
-0.0335263
-0.0725263
0.153474
-0.118526
0.0164737
0.101474
-0.144526
0.117474
-0.0395263
-0.0675263
0.147474
-0.122526
0.0104737
0.0954737
-0.141526
0.108474
-0.0115263
-0.0885263
0.144474
-0.124526
0.0264737
0.0884737
-0.135526
0.122474
-0.0375263
-0.0695263
0.151474
-0.129526
0.0184737
0.0984737
-0.144526
0.0884737
0.00247368
-0.103526
0.145474
-0.105526
-0.00952632
0.115474
-0.146526
0.0894737
0.0174737
-0.112526
0.147474
-0.0885263
-0.0205263
0.127474
-0.143526
0.0824737
0.0324737
-0.110526
0.143474
-0.0885263
-0.0435263
0.138474
-0.140526
0.0744737
0.0624737
-0.120526
0.143474
-0.0745263
-0.0355263
0.136474
-0.142526
0.0604737
0.0654737
-0.0955263
