-0.754056
0.155111
-0.121274
0.152726
-0.116274
-0.0202737
0.127726
-0.162274
0.0777263
0.0387263
-0.141274
0.136726
-0.0642737
-0.0522737
0.143726
-0.158274
0.0657263
0.0527263
-0.141274
0.137726
-0.0392737
-0.0922737
0.156726
-0.128274
-0.00327368
0.127726
-0.156274
0.0797263
0.0297263
-0.123274
0.146726
-0.0922737
-0.0392737
0.142726
-0.155274
0.0757263
0.0457263
-0.134274
0.139726
-0.0782737
-0.0422737
0.151726
-0.146274
0.0377263
0.0867263
-0.148274
0.122726
-0.0542737
-0.0702737
0.148726
-0.136274
0.0157263
0.0947263
-0.147274
0.119726
-0.0382737
-0.0672737
0.145726
-0.143274
0.0267263
0.0957263
-0.153274
0.123726
-0.0312737
-0.0832737
0.150726
-0.128274
0.00472632
0.109726
-0.153274
0.111726
-0.0272737
-0.0802737
0.147726
-0.126274
0.0167263
0.105726
-0.154274
0.109726
-0.0132737
-0.101274
0.149726
-0.123274
0.0147263
0.0987263
-0.153274
0.118726
-0.0362737
-0.0822737
0.150726
-0.135274
0.0247263
0.102726
-0.149274
0.104726
0.0127263
-0.105274
0.146726
-0.112274
-0.0192737
0.126726
-0.155274
0.0747263
0.0237263
-0.111274
0.148726
-0.0942737
-0.0312737
0.130726
-0.151274
0.0857263
0.0267263
-0.120274
0.138726
-0.0822737
-0.0392737
0.143726
-0.150274
0.0517263
0.0477263
-0.139274
0.138726
-0.0842737
-0.0452737
0.140726
-0.143274
0.0497263
0.0697263
-0.145274
0.158726
