-0.150808
0.15223
-0.0100105
0.120989
-0.157011
0.0959895
0.00198947
-0.109011
0.156989
-0.0970105
-0.0380105
0.141989
-0.154011
0.0729895
0.0299895
-0.124011
0.148989
-0.0970105
-0.0380105
0.139989
-0.153011
0.0319895
0.0869895
-0.145011
0.112989
-0.00901053
-0.106011
0.150989
-0.119011
-0.00601053
0.116989
-0.156011
0.0889895
0.0199895
-0.110011
0.144989
-0.106011
-0.0310105
0.133989
-0.152011
0.0759895
0.0639895
-0.134011
0.138989
-0.0680105
-0.0490105
0.146989
-0.149011
0.0509895
0.0769895
-0.137011
0.125989
-0.0600105
-0.0510105
0.148989
-0.152011
0.0529895
0.0589895
-0.141011
0.127989
-0.0500105
-0.0680105
0.153989
-0.144011
0.0369895
0.0789895
-0.147011
0.116989
-0.0300105
-0.0750105
0.149989
-0.142011
0.0419895
0.0679895
-0.144011
0.120989
-0.0360105
-0.0770105
0.142989
-0.143011
0.0179895
0.0959895
-0.141011
0.120989
-0.0470105
-0.0660105
0.142989
-0.144011
0.0409895
0.0769895
-0.134011
0.123989
-0.0340105
-0.0760105
0.148989
-0.121011
0.0119895
0.108989
-0.153011
0.0979895
-0.00901053
-0.0910105
0.150989
-0.120011
0.00398947
0.120989
-0.152011
0.0889895
0.00798947
-0.103011
0.149989
-0.110011
-0.0110105
0.117989
-0.153011
0.0879895
0.0339895
-0.119011
0.139989
-0.103011
-0.0350105
0.123989
-0.149011
0.0819895
0.0279895
-0.119011
0.142989
-0.0850105
-0.0410105
0.0969895
