0.100539
0.142341
0.0292105
0.0812105
-0.134789
0.119211
-0.0377895
-0.0717895
0.143211
-0.126789
0.000210526
0.107211
-0.146789
0.0982105
-0.0117895
-0.0867895
0.141211
-0.118789
-0.00178947
0.113211
-0.146789
0.0652105
0.0442105
-0.128789
0.131211
-0.0457895
-0.0667895
0.142211
-0.134789
0.0352105
0.0752105
-0.137789
0.111211
-0.0217895
-0.0787895
0.146211
-0.124789
0.0102105
0.103211
-0.144789
0.104211
0.0132105
-0.0997895
0.140211
-0.101789
-0.00578947
0.116211
-0.141789
0.0862105
0.0302105
-0.114789
0.129211
-0.0907895
-0.0117895
0.122211
-0.146789
0.0852105
0.0142105
-0.115789
0.141211
-0.0847895
-0.0217895
0.119211
-0.143789
0.0702105
0.0352105
-0.116789
0.127211
-0.0767895
-0.0387895
0.134211
-0.141789
0.0792105
0.0272105
-0.122789
0.127211
-0.0697895
-0.0387895
0.131211
-0.137789
0.0472105
0.0532105
-0.123789
0.128211
-0.0837895
-0.0287895
0.124211
-0.144789
0.0672105
0.0332105
-0.109789
0.131211
-0.0697895
-0.0487895
0.130211
-0.129789
0.0382105
0.0762105
-0.134789
0.109211
-0.0387895
-0.0567895
0.139211
-0.130789
0.0322105
0.0892105
-0.136789
0.103211
-0.0257895
-0.0767895
0.134211
-0.122789
0.0142105
0.0902105
-0.138789
0.101211
-0.00178947
-0.0957895
0.134211
-0.114789
-0.00878947
0.100211
-0.143789
0.0902105
-0.00578947
-0.0937895
0.139211
-0.107789
-0.0137895
0.0662105
