1.25688
0.152075
0.153453
-0.109547
-0.000547368
0.136453
-0.156547
0.0934526
0.0234526
-0.121547
0.143453
-0.0795474
-0.0525474
0.145453
-0.155547
0.0774526
0.0394526
-0.124547
0.141453
-0.0695474
-0.0675474
0.156453
-0.135547
0.0224526
0.109453
-0.149547
0.100453
0.0234526
-0.107547
0.148453
-0.110547
-0.0165474
0.141453
-0.153547
0.0794526
0.0304526
-0.119547
0.137453
-0.0805474
-0.0345474
0.138453
-0.143547
0.0484526
0.0684526
-0.139547
0.133453
-0.0515474
-0.0485474
0.147453
-0.137547
0.0354526
0.0944526
-0.139547
0.127453
-0.0425474
-0.0605474
0.147453
-0.141547
0.0394526
0.0894526
-0.135547
0.117453
-0.0465474
-0.0765474
0.149453
-0.134547
0.0214526
0.112453
-0.146547
0.108453
-0.0125474
-0.0765474
0.152453
-0.132547
0.0224526
0.102453
-0.148547
0.106453
-0.0145474
-0.0905474
0.153453
-0.114547
0.00945263
0.101453
-0.143547
0.112453
-0.0365474
-0.0695474
0.151453
-0.129547
0.0294526
0.0944526
-0.148547
0.106453
-0.0105474
-0.102547
0.149453
-0.100547
-0.00754737
0.128453
-0.147547
0.0964526
0.0254526
-0.107547
0.149453
-0.0925474
-0.0225474
0.131453
-0.149547
0.0824526
0.0194526
-0.109547
0.143453
-0.0855474
-0.0235474
0.135453
-0.149547
0.0654526
0.0594526
-0.119547
0.132453
-0.0825474
-0.0315474
0.135453
-0.147547
0.0504526
0.0574526
-0.133547
0.142453
-0.129547
