4.07161
0.152047
-0.142705
0.0412947
0.0732947
-0.147705
0.124295
-0.0397053
-0.0707053
0.151295
-0.123705
0.00829474
0.122295
-0.151705
0.111295
-0.0167053
-0.0917053
0.148295
-0.121705
-0.00270526
0.134295
-0.149705
0.0742947
0.0562947
-0.133705
0.129295
-0.0447053
-0.0777053
0.154295
-0.136705
0.0312947
0.0932947
-0.150705
0.113295
-0.0277053
-0.0877053
0.155295
-0.125705
0.00829474
0.108295
-0.153705
0.0862947
0.00529474
-0.104705
0.156295
-0.108705
-0.0127053
0.118295
-0.152705
0.0822947
0.0252947
-0.121705
0.142295
-0.104705
-0.0297053
0.127295
-0.158705
0.0822947
0.0242947
-0.121705
0.147295
-0.0987053
-0.0177053
0.132295
-0.153705
0.0792947
0.0492947
-0.126705
0.145295
-0.0777053
-0.0317053
0.132295
-0.153705
0.0832947
0.0332947
-0.122705
0.142295
-0.0807053
-0.0347053
0.137295
-0.147705
0.0612947
0.0492947
-0.124705
0.143295
-0.0887053
-0.0227053
0.125295
-0.150705
0.0772947
0.0282947
-0.115705
0.140295
-0.0707053
-0.0397053
0.140295
-0.145705
0.0382947
0.0722947
-0.142705
0.127295
-0.0607053
-0.0747053
0.146295
-0.145705
0.0342947
0.0892947
-0.150705
0.118295
-0.0317053
-0.0677053
0.146295
-0.130705
0.0312947
0.0892947
-0.142705
0.107295
-0.0117053
-0.0977053
0.145295
-0.120705
0.0222947
0.0972947
-0.146705
0.114295
0.00129474
-0.0957053
0.153295
-0.128705
0.0662947
