-1.38271
0.149012
-0.152053
0.0899474
0.00394737
-0.114053
0.153947
-0.103053
-0.0170526
0.134947
-0.150053
0.0569474
0.0629474
-0.126053
0.142947
-0.0860526
-0.0320526
0.138947
-0.142053
0.0569474
0.0699474
-0.146053
0.118947
-0.0260526
-0.0940526
0.151947
-0.111053
-0.0200526
0.124947
-0.152053
0.0849474
0.0189474
-0.116053
0.142947
-0.0990526
-0.0260526
0.136947
-0.148053
0.0659474
0.0439474
-0.119053
0.127947
-0.0690526
-0.0560526
0.152947
-0.142053
0.0369474
0.0609474
-0.133053
0.116947
-0.0490526
-0.0790526
0.150947
-0.141053
0.0299474
0.0759474
-0.132053
0.123947
-0.0490526
-0.0590526
0.154947
-0.129053
0.0259474
0.0909474
-0.141053
0.106947
-0.00705263
-0.0940526
0.149947
-0.117053
-0.00305263
0.101947
-0.147053
0.105947
-5.26316e-05
-0.100053
0.144947
-0.111053
-0.00905263
0.121947
-0.144053
0.0859474
0.00794737
-0.101053
0.147947
-0.118053
0.00894737
0.0989474
-0.146053
0.0989474
-0.0190526
-0.0910526
0.146947
-0.106053
-0.00605263
0.125947
-0.149053
0.0739474
0.0239474
-0.121053
0.136947
-0.0990526
-0.0390526
0.129947
-0.145053
0.0549474
0.0419474
-0.125053
0.139947
-0.0780526
-0.0310526
0.132947
-0.143053
0.0569474
0.0489474
-0.126053
0.131947
-0.0580526
-0.0540526
0.138947
-0.139053
0.0519474
0.0559474
-0.130053
0.133947
-0.0480526
-0.0610526
0.146947
-0.145053
0.0939474
