0.754056
0.148804
0.132653
-0.0623474
-0.0503474
0.150653
-0.146347
0.0416526
0.0776526
-0.144347
0.109653
-0.0173474
-0.0943474
0.153653
-0.129347
0.0286526
0.0976526
-0.142347
0.107653
-0.00334737
-0.106347
0.143653
-0.0913474
-0.0243474
0.138653
-0.144347
0.0506526
0.0786526
-0.139347
0.124653
-0.0573474
-0.0673474
0.149653
-0.136347
0.0316526
0.0856526
-0.142347
0.112653
-0.0163474
-0.0813474
0.155653
-0.109347
0.00165263
0.115653
-0.148347
0.0976526
0.0136526
-0.0903474
0.150653
-0.100347
-0.0123474
0.126653
-0.149347
0.0986526
0.0156526
-0.107347
0.147653
-0.115347
-0.0213474
0.120653
-0.150347
0.0846526
0.0186526
-0.110347
0.146653
-0.0963474
-0.0273474
0.136653
-0.146347
0.0746526
0.0356526
-0.103347
0.146653
-0.107347
-0.0253474
0.126653
-0.144347
0.0736526
0.0286526
-0.118347
0.137653
-0.0823474
-0.0343474
0.127653
-0.144347
0.0826526
0.0146526
-0.103347
0.147653
-0.100347
-0.0113474
0.120653
-0.142347
0.0766526
0.0346526
-0.121347
0.138653
-0.0603474
-0.0403474
0.139653
-0.142347
0.0606526
0.0696526
-0.132347
0.128653
-0.0473474
-0.0633474
0.142653
-0.138347
0.0506526
0.0646526
-0.133347
0.127653
-0.0423474
-0.0643474
0.146653
-0.125347
0.0256526
0.101653
-0.138347
0.109653
-0.0413474
-0.0703474
0.146653
-0.130347
0.0186526
0.0946526
-0.146347
0.111653
-0.0953474
