-1.40791
0.159892
-0.145305
0.140695
-0.0833053
-0.0663053
0.152695
-0.150305
0.0476947
0.0936947
-0.156305
0.120695
-0.00730526
-0.0913053
0.155695
-0.143305
0.0246947
0.0986947
-0.162305
0.114695
0.00369474
-0.126305
0.150695
-0.0983053
-0.0403053
0.153695
-0.157305
0.0446947
0.0736947
-0.149305
0.138695
-0.0573053
-0.0703053
0.156695
-0.149305
0.0406947
0.0896947
-0.157305
0.124695
-0.0343053
-0.0753053
0.154695
-0.128305
0.0116947
0.119695
-0.162305
0.101695
-0.0253053
-0.105305
0.153695
-0.127305
-0.0153053
0.124695
-0.166305
0.0986947
-0.00230526
-0.100305
0.155695
-0.130305
-0.000305263
0.124695
-0.160305
0.107695
0.00469474
-0.109305
0.152695
-0.109305
-0.0213053
0.129695
-0.159305
0.0966947
0.000694737
-0.0963053
0.148695
-0.119305
-0.00630526
0.128695
-0.161305
0.102695
0.0206947
-0.119305
0.146695
-0.110305
-0.0103053
0.120695
-0.159305
0.109695
-0.00530526
-0.101305
0.149695
-0.129305
0.00569474
0.125695
-0.159305
0.0936947
0.0356947
-0.121305
0.145695
-0.100305
-0.0383053
0.139695
-0.162305
0.0626947
0.0476947
-0.132305
0.139695
-0.0833053
-0.0513053
0.147695
-0.156305
0.0756947
0.0536947
-0.134305
0.134695
-0.0693053
-0.0553053
0.153695
-0.149305
0.0356947
0.0706947
-0.146305
0.130695
-0.0673053
-0.0633053
0.150695
-0.141305
0.0366947
0.0876947
-0.151305
0.162695
