0.251348
0.147209
0.0470421
0.0670421
-0.133958
0.121042
-0.0539579
-0.0659579
0.147042
-0.134958
0.0160421
0.102042
-0.151958
0.107042
-0.0249579
-0.0819579
0.143042
-0.128958
0.00704211
0.114042
-0.150958
0.0790421
0.0250421
-0.124958
0.141042
-0.0669579
-0.0569579
0.146042
-0.147958
0.0350421
0.0730421
-0.144958
0.121042
-0.0369579
-0.0659579
0.143042
-0.140958
0.0250421
0.0920421
-0.144958
0.117042
0.00404211
-0.0989579
0.140042
-0.115958
0.00604211
0.112042
-0.149958
0.101042
0.0150421
-0.103958
0.139042
-0.106958
-0.00495789
0.127042
-0.149958
0.100042
0.00604211
-0.103958
0.154042
-0.0959579
-0.0109579
0.115042
-0.152958
0.0840421
0.0300421
-0.111958
0.137042
-0.0859579
-0.0409579
0.132042
-0.146958
0.0870421
0.0250421
-0.112958
0.134042
-0.0819579
-0.0309579
0.131042
-0.145958
0.0600421
0.0580421
-0.125958
0.132042
-0.0899579
-0.0269579
0.125042
-0.152958
0.0800421
0.0290421
-0.112958
0.136042
-0.0749579
-0.0369579
0.129042
-0.139958
0.0450421
0.0750421
-0.125958
0.121042
-0.0569579
-0.0499579
0.147042
-0.130958
0.0410421
0.0900421
-0.139958
0.106042
-0.0359579
-0.0759579
0.141042
-0.130958
0.0270421
0.0900421
-0.133958
0.109042
-0.0159579
-0.0889579
0.143042
-0.121958
0.00204211
0.102042
-0.143958
0.100042
-0.0159579
-0.100958
0.148042
-0.111958
-0.00195789
0.0590421
