0.251348
0.142127
0.0536526
0.0546526
-0.122347
0.126653
-0.0693474
-0.0553474
0.140653
-0.133347
0.0216526
0.0916526
-0.139347
0.109653
-0.0373474
-0.0693474
0.139653
-0.129347
0.0156526
0.0986526
-0.146347
0.0836526
0.0236526
-0.109347
0.139653
-0.0753474
-0.0493474
0.134653
-0.144347
0.0476526
0.0566526
-0.131347
0.121653
-0.0493474
-0.0573474
0.140653
-0.132347
0.0316526
0.0836526
-0.138347
0.115653
-0.0103474
-0.0893474
0.138653
-0.116347
0.00965263
0.104653
-0.144347
0.100653
0.00765263
-0.0943474
0.142653
-0.110347
0.0116526
0.110653
-0.143347
0.105653
-0.00934737
-0.0993474
0.145653
-0.106347
-0.00434737
0.111653
-0.149347
0.0856526
0.0126526
-0.107347
0.135653
-0.0893474
-0.0143474
0.124653
-0.139347
0.0946526
0.00265263
-0.108347
0.130653
-0.0923474
-0.0193474
0.119653
-0.145347
0.0636526
0.0346526
-0.110347
0.132653
-0.0933474
-0.00934737
0.110653
-0.145347
0.0876526
0.0106526
-0.0953474
0.143653
-0.0863474
-0.0243474
0.118653
-0.136347
0.0536526
0.0536526
-0.116347
0.124653
-0.0633474
-0.0383474
0.137653
-0.137347
0.0536526
0.0716526
-0.130347
0.114653
-0.0533474
-0.0603474
0.129653
-0.135347
0.0346526
0.0736526
-0.130347
0.114653
-0.0313474
-0.0753474
0.137653
-0.125347
0.00865263
0.0866526
-0.135347
0.106653
-0.0273474
-0.0833474
0.140653
-0.120347
0.00765263
0.0376526
