-0.804329
0.143923
-0.0920526
0.143947
-0.136053
0.00994737
0.0969474
-0.142053
0.102947
0.00594737
-0.113053
0.134947
-0.0960526
-0.0160526
0.119947
-0.153053
0.0869474
0.0119474
-0.111053
0.136947
-0.0810526
-0.0570526
0.140947
-0.137053
0.0269474
0.0919474
-0.142053
0.0969474
-0.0110526
-0.0850526
0.141947
-0.116053
-0.00405263
0.114947
-0.142053
0.0929474
-0.00205263
-0.107053
0.134947
-0.104053
-0.00905263
0.131947
-0.146053
0.0709474
0.0399474
-0.114053
0.129947
-0.0910526
-0.0330526
0.132947
-0.142053
0.0489474
0.0479474
-0.119053
0.130947
-0.0780526
-0.0320526
0.126947
-0.145053
0.0629474
0.0549474
-0.122053
0.129947
-0.0770526
-0.0450526
0.132947
-0.135053
0.0379474
0.0719474
-0.129053
0.125947
-0.0660526
-0.0380526
0.130947
-0.137053
0.0419474
0.0669474
-0.131053
0.120947
-0.0460526
-0.0630526
0.135947
-0.135053
0.0399474
0.0579474
-0.124053
0.128947
-0.0700526
-0.0450526
0.129947
-0.139053
0.0549474
0.0669474
-0.131053
0.119947
-0.0330526
-0.0670526
0.134947
-0.126053
0.0169474
0.0929474
-0.138053
0.100947
-0.0200526
-0.0810526
0.139947
-0.122053
0.00494737
0.101947
-0.144053
0.103947
-0.0180526
-0.0900526
0.135947
-0.112053
0.00394737
0.114947
-0.147053
0.0789474
0.00694737
-0.103053
0.140947
-0.110053
-0.00705263
0.101947
-0.135053
0.0869474
0.0189474
-0.109053
0.143947
