4.27273
0.154152
-0.146063
0.0649368
0.0499368
-0.136063
0.144937
-0.0680632
-0.0600632
0.154937
-0.134063
0.0239368
0.100937
-0.151063
0.129937
-0.0520632
-0.0760632
0.150937
-0.137063
0.0149368
0.116937
-0.151063
0.0889368
0.0269368
-0.129063
0.143937
-0.0710632
-0.0550632
0.152937
-0.147063
0.0529368
0.0729368
-0.142063
0.125937
-0.0610632
-0.0690632
0.155937
-0.141063
0.0279368
0.0839368
-0.143063
0.108937
-0.0270632
-0.0860632
0.161937
-0.127063
0.000936842
0.101937
-0.152063
0.0959368
-0.00206316
-0.109063
0.157937
-0.130063
-0.00406316
0.113937
-0.153063
0.105937
-0.00406316
-0.0960632
0.163937
-0.119063
-0.00306316
0.113937
-0.155063
0.0929368
0.0229368
-0.112063
0.152937
-0.105063
-0.0190632
0.121937
-0.152063
0.100937
0.0169368
-0.106063
0.148937
-0.105063
-0.0210632
0.129937
-0.155063
0.0819368
0.0289368
-0.115063
0.148937
-0.109063
-0.00906316
0.118937
-0.152063
0.0939368
0.00493684
-0.0990632
0.146937
-0.0940632
-0.0230632
0.134937
-0.150063
0.0619368
0.0469368
-0.134063
0.132937
-0.0850632
-0.0580632
0.141937
-0.147063
0.0499368
0.0639368
-0.137063
0.134937
-0.0650632
-0.0470632
0.143937
-0.141063
0.0419368
0.0729368
-0.142063
0.124937
-0.0460632
-0.0790632
0.149937
-0.135063
0.0369368
0.0779368
-0.147063
0.124937
-0.0300632
-0.0860632
0.154937
-0.142063
0.0809368
