-0.552969
0.143469
-0.0613474
0.138653
-0.145347
0.0406526
0.0636526
-0.132347
0.121653
-0.0393474
-0.0903474
0.142653
-0.124347
0.0176526
0.0916526
-0.138347
0.111653
-0.0283474
-0.0893474
0.142653
-0.109347
-0.0233474
0.124653
-0.144347
0.0626526
0.0566526
-0.129347
0.121653
-0.0563474
-0.0533474
0.140653
-0.135347
0.0306526
0.0856526
-0.140347
0.114653
-0.0353474
-0.0773474
0.140653
-0.128347
0.0196526
0.107653
-0.139347
0.0916526
-0.000347368
-0.0923474
0.136653
-0.117347
-0.00434737
0.117653
-0.148347
0.0746526
0.0186526
-0.0973474
0.137653
-0.111347
-0.000347368
0.107653
-0.148347
0.0896526
0.0236526
-0.108347
0.136653
-0.100347
-0.0203474
0.118653
-0.142347
0.0696526
0.0386526
-0.116347
0.133653
-0.0893474
-0.0123474
0.114653
-0.143347
0.0686526
0.0416526
-0.116347
0.131653
-0.0773474
-0.0413474
0.127653
-0.140347
0.0686526
0.0296526
-0.107347
0.140653
-0.0993474
-0.0203474
0.115653
-0.145347
0.0776526
0.0376526
-0.117347
0.131653
-0.0673474
-0.0453474
0.133653
-0.138347
0.0416526
0.0676526
-0.125347
0.116653
-0.0503474
-0.0573474
0.133653
-0.134347
0.0286526
0.0716526
-0.134347
0.120653
-0.0513474
-0.0603474
0.133653
-0.121347
0.0326526
0.0936526
-0.144347
0.0956526
-0.0363474
-0.0873474
0.138653
-0.134347
0.0236526
0.0836526
-0.137347
0.0976526
-0.0123474
-0.0933474
0.136653
