3.97106
0.149112
-0.132326
0.0206737
0.0926737
-0.152326
0.114674
-0.0133263
-0.0893263
0.147674
-0.110326
-0.0113263
0.128674
-0.153326
0.0956737
0.00967368
-0.0993263
0.151674
-0.103326
-0.0173263
0.134674
-0.143326
0.0526737
0.0736737
-0.142326
0.114674
-0.0283263
-0.0923263
0.152674
-0.129326
0.0186737
0.102674
-0.151326
0.105674
-0.00732632
-0.0963263
0.148674
-0.108326
-0.00232632
0.120674
-0.147326
0.0736737
0.0306737
-0.113326
0.146674
-0.0933263
-0.0303263
0.126674
-0.147326
0.0646737
0.0446737
-0.133326
0.138674
-0.0893263
-0.0383263
0.132674
-0.154326
0.0686737
0.0436737
-0.124326
0.142674
-0.0753263
-0.0333263
0.137674
-0.147326
0.0616737
0.0676737
-0.137326
0.132674
-0.0643263
-0.0453263
0.134674
-0.148326
0.0726737
0.0506737
-0.130326
0.129674
-0.0713263
-0.0463263
0.139674
-0.143326
0.0526737
0.0626737
-0.132326
0.133674
-0.0743263
-0.0323263
0.131674
-0.144326
0.0656737
0.0406737
-0.123326
0.127674
-0.0593263
-0.0493263
0.143674
-0.137326
0.0326737
0.0736737
-0.146326
0.116674
-0.0463263
-0.0803263
0.146674
-0.132326
0.0196737
0.0896737
-0.144326
0.113674
-0.0243263
-0.0683263
0.146674
-0.127326
0.0176737
0.0996737
-0.143326
0.0976737
0.00567368
-0.103326
0.143674
-0.105326
0.00567368
0.103674
-0.148326
0.106674
0.0126737
-0.102326
0.149674
-0.110326
0.0526737
