-1.43313
0.158485
-0.156158
0.110842
-0.0201579
-0.107158
0.157842
-0.123158
-0.00415789
0.123842
-0.161158
0.0778421
0.0458421
-0.128158
0.153842
-0.113158
-0.0181579
0.133842
-0.162158
0.0828421
0.0588421
-0.149158
0.132842
-0.0471579
-0.0761579
0.157842
-0.132158
0.000842105
0.114842
-0.158158
0.110842
-0.00115789
-0.113158
0.152842
-0.122158
0.00184211
0.124842
-0.158158
0.0888421
0.0158421
-0.114158
0.146842
-0.0911579
-0.0271579
0.146842
-0.160158
0.0668421
0.0328421
-0.132158
0.141842
-0.0821579
-0.0551579
0.146842
-0.159158
0.0578421
0.0528421
-0.134158
0.138842
-0.0851579
-0.0441579
0.149842
-0.151158
0.0658421
0.0598421
-0.136158
0.140842
-0.0551579
-0.0601579
0.153842
-0.150158
0.0558421
0.0538421
-0.138158
0.142842
-0.0701579
-0.0451579
0.145842
-0.150158
0.0548421
0.0708421
-0.148158
0.135842
-0.0631579
-0.0521579
0.144842
-0.151158
0.0718421
0.0418421
-0.136158
0.141842
-0.0861579
-0.0401579
0.145842
-0.150158
0.0508421
0.0838421
-0.148158
0.121842
-0.0441579
-0.0881579
0.156842
-0.143158
0.0158421
0.0948421
-0.152158
0.112842
-0.0181579
-0.0921579
0.158842
-0.129158
0.0208421
0.100842
-0.161158
0.108842
-0.0111579
-0.0991579
0.159842
-0.111158
-0.0141579
0.120842
-0.160158
0.106842
-0.00215789
-0.107158
0.153842
-0.108158
-0.0131579
0.129842
-0.167158
0.141842
