-1.40791
0.158876
-0.148263
0.137737
-0.0732632
-0.0732632
0.153737
-0.152263
0.0397368
0.0907368
-0.158263
0.120737
-0.0112632
-0.0892632
0.155737
-0.147263
0.0247368
0.101737
-0.158263
0.111737
0.00773684
-0.125263
0.154737
-0.100263
-0.0332632
0.148737
-0.159263
0.0467368
0.0777368
-0.147263
0.137737
-0.0522632
-0.0762632
0.149737
-0.149263
0.0437368
0.0897368
-0.152263
0.117737
-0.0322632
-0.0782632
0.153737
-0.125263
0.00773684
0.126737
-0.161263
0.107737
-0.0222632
-0.100263
0.152737
-0.122263
-0.0122632
0.125737
-0.160263
0.0977368
0.000736842
-0.0992632
0.148737
-0.129263
-0.00226316
0.127737
-0.158263
0.102737
0.0137368
-0.113263
0.146737
-0.0942632
-0.0312632
0.135737
-0.157263
0.0807368
0.0317368
-0.122263
0.143737
-0.0922632
-0.0292632
0.146737
-0.158263
0.0637368
0.0547368
-0.139263
0.139737
-0.0842632
-0.0382632
0.136737
-0.156263
0.0887368
0.0217368
-0.121263
0.152737
-0.103263
-0.0212632
0.140737
-0.155263
0.0677368
0.0677368
-0.146263
0.128737
-0.0662632
-0.0672632
0.147737
-0.152263
0.0367368
0.0827368
-0.143263
0.123737
-0.0472632
-0.0822632
0.151737
-0.143263
0.0467368
0.0837368
-0.143263
0.123737
-0.0292632
-0.0792632
0.159737
-0.135263
0.00573684
0.0977368
-0.158263
0.118737
-0.0272632
-0.0862632
0.155737
-0.116263
0.00873684
0.109737
-0.162263
0.153737
