-0.402157
0.163155
-0.0485158
0.148484
-0.166516
0.0664842
0.0464842
-0.142516
0.149484
-0.0735158
-0.0785158
0.157484
-0.151516
0.0384842
0.0764842
-0.153516
0.139484
-0.0605158
-0.0825158
0.159484
-0.135516
-0.00351579
0.127484
-0.163516
0.0914842
0.0404842
-0.138516
0.146484
-0.0895158
-0.0475158
0.149484
-0.160516
0.0574842
0.0754842
-0.148516
0.146484
-0.0665158
-0.0725158
0.161484
-0.156516
0.0464842
0.110484
-0.157516
0.119484
-0.0195158
-0.0935158
0.163484
-0.146516
0.0174842
0.121484
-0.163516
0.105484
-0.00951579
-0.0915158
0.164484
-0.136516
0.0174842
0.105484
-0.168516
0.106484
-0.00551579
-0.108516
0.159484
-0.128516
0.00448421
0.121484
-0.164516
0.0964842
0.0144842
-0.111516
0.164484
-0.128516
0.00848421
0.108484
-0.158516
0.106484
0.0104842
-0.112516
0.155484
-0.116516
-0.0165158
0.131484
-0.163516
0.100484
0.00148421
-0.109516
0.156484
-0.134516
0.00548421
0.113484
-0.161516
0.113484
0.0124842
-0.117516
0.155484
-0.0985158
-0.0265158
0.143484
-0.166516
0.0684842
0.0424842
-0.125516
0.148484
-0.0875158
-0.0365158
0.148484
-0.163516
0.0594842
0.0554842
-0.144516
0.149484
-0.0845158
-0.0515158
0.145484
-0.149516
0.0564842
0.0824842
-0.148516
0.131484
-0.0605158
-0.0745158
0.149484
-0.155516
0.0494842
0.0794842
-0.149516
0.130484
-0.0465158
-0.0885158
0.141484
