2.81484
0.16334
0.0370105
-0.126989
0.163011
-0.101989
-0.0259895
0.149011
-0.165989
0.0800105
0.0750105
-0.146989
0.146011
-0.0719895
-0.0469895
0.156011
-0.159989
0.0650105
0.0730105
-0.152989
0.139011
-0.0149895
-0.0949895
0.166011
-0.127989
-0.00898947
0.139011
-0.165989
0.0920105
0.0350105
-0.121989
0.157011
-0.0959895
-0.0309895
0.145011
-0.163989
0.0840105
0.0570105
-0.134989
0.153011
-0.0879895
-0.0609895
0.160011
-0.154989
0.0380105
0.0870105
-0.152989
0.143011
-0.0599895
-0.0789895
0.160011
-0.140989
0.0380105
0.0800105
-0.147989
0.141011
-0.0679895
-0.0699895
0.162011
-0.146989
0.0430105
0.0930105
-0.150989
0.135011
-0.0419895
-0.0779895
0.167011
-0.127989
0.0270105
0.106011
-0.153989
0.133011
-0.0389895
-0.0739895
0.161011
-0.137989
0.0180105
0.107011
-0.152989
0.124011
-0.00998947
-0.0989895
0.160011
-0.138989
0.0320105
0.0980105
-0.145989
0.135011
-0.0399895
-0.0789895
0.159011
-0.146989
0.0240105
0.105011
-0.155989
0.109011
-0.00198947
-0.113989
0.160011
-0.117989
-0.00198947
0.119011
-0.160989
0.106011
0.00101053
-0.115989
0.162011
-0.108989
-0.00898947
0.127011
-0.155989
0.101011
0.0170105
-0.120989
0.161011
-0.105989
-0.0259895
0.144011
-0.162989
0.0880105
0.0480105
-0.123989
0.161011
-0.0959895
-0.0209895
0.141011
-0.158989
0.0810105
0.0460105
-0.0929895
