1.57163
0.148399
0.154611
-0.132389
0.0326105
0.101611
-0.141389
0.120611
-0.0243895
-0.0903895
0.151611
-0.111389
-0.0173895
0.126611
-0.147389
0.100611
0.000610526
-0.105389
0.148611
-0.100389
-0.0263895
0.142611
-0.141389
0.0466105
0.0776105
-0.135389
0.121611
-0.0233895
-0.0793895
0.148611
-0.131389
0.0206105
0.102611
-0.147389
0.107611
-0.0163895
-0.0843895
0.152611
-0.111389
0.00661053
0.109611
-0.138389
0.0886105
0.0226105
-0.114389
0.147611
-0.0873895
-0.00838947
0.126611
-0.143389
0.0696105
0.0516105
-0.120389
0.142611
-0.0853895
-0.0253895
0.125611
-0.150389
0.0656105
0.0366105
-0.118389
0.138611
-0.0883895
-0.0243895
0.136611
-0.140389
0.0546105
0.0656105
-0.122389
0.139611
-0.0753895
-0.0253895
0.127611
-0.145389
0.0676105
0.0426105
-0.125389
0.134611
-0.0793895
-0.0443895
0.140611
-0.138389
0.0596105
0.0476105
-0.122389
0.143611
-0.0883895
-0.0223895
0.135611
-0.142389
0.0816105
0.0406105
-0.124389
0.127611
-0.0663895
-0.0593895
0.143611
-0.130389
0.0416105
0.0876105
-0.134389
0.128611
-0.0353895
-0.0713895
0.148611
-0.121389
0.0246105
0.102611
-0.134389
0.112611
-0.0333895
-0.0733895
0.147611
-0.118389
0.0156105
0.102611
-0.143389
0.101611
0.0116105
-0.0853895
0.147611
-0.110389
0.00761053
0.108611
-0.142389
0.0866105
0.0136105
-0.105389
0.152611
-0.145389
