0.854603
0.146528
0.117484
-0.0305158
-0.0775158
0.148484
-0.132516
0.0204842
0.101484
-0.147516
0.0894842
0.00948421
-0.113516
0.148484
-0.112516
0.00548421
0.112484
-0.148516
0.0904842
0.0204842
-0.120516
0.127484
-0.0665158
-0.0555158
0.149484
-0.126516
0.0234842
0.101484
-0.145516
0.111484
-0.0225158
-0.0925158
0.145484
-0.119516
0.00548421
0.103484
-0.147516
0.0964842
0.00748421
-0.0965158
0.148484
-0.0915158
-0.0185158
0.123484
-0.152516
0.0764842
0.0384842
-0.109516
0.141484
-0.0785158
-0.0275158
0.136484
-0.147516
0.0774842
0.0404842
-0.117516
0.141484
-0.0875158
-0.0345158
0.138484
-0.143516
0.0634842
0.0374842
-0.125516
0.138484
-0.0685158
-0.0515158
0.137484
-0.139516
0.0494842
0.0744842
-0.124516
0.138484
-0.0645158
-0.0525158
0.137484
-0.136516
0.0414842
0.0714842
-0.137516
0.120484
-0.0375158
-0.0655158
0.137484
-0.137516
0.0514842
0.0554842
-0.120516
0.136484
-0.0675158
-0.0445158
0.135484
-0.136516
0.0364842
0.0794842
-0.140516
0.114484
-0.0235158
-0.0765158
0.139484
-0.128516
0.0264842
0.107484
-0.140516
0.107484
-0.00151579
-0.0965158
0.138484
-0.121516
0.00248421
0.0994842
-0.143516
0.104484
-0.000515789
-0.0905158
0.143484
-0.102516
-0.0115158
0.119484
-0.147516
0.0744842
0.0114842
-0.102516
0.136484
-0.103516
-0.0225158
0.132484
-0.143516
0.0754842
-0.0425158
