-1.106
0.150342
-0.125211
0.142789
-0.104211
-0.0422105
0.131789
-0.147211
0.0677895
0.0627895
-0.139211
0.125789
-0.0512105
-0.0672105
0.146789
-0.146211
0.0507895
0.0697895
-0.142211
0.119789
-0.0252105
-0.103211
0.152789
-0.116211
-0.0152105
0.132789
-0.152211
0.0597895
0.0447895
-0.124211
0.142789
-0.0782105
-0.0542105
0.144789
-0.147211
0.0527895
0.0617895
-0.137211
0.128789
-0.0632105
-0.0592105
0.143789
-0.136211
0.0257895
0.0947895
-0.147211
0.111789
-0.0452105
-0.0772105
0.150789
-0.136211
0.00478947
0.103789
-0.146211
0.111789
-0.0262105
-0.0812105
0.145789
-0.116211
0.0227895
0.121789
-0.145211
0.103789
-0.0112105
-0.102211
0.147789
-0.0942105
-0.0232105
0.127789
-0.151211
0.0727895
0.0237895
-0.109211
0.144789
-0.0882105
-0.0252105
0.136789
-0.146211
0.0607895
0.0537895
-0.131211
0.132789
-0.0792105
-0.0352105
0.135789
-0.146211
0.0787895
0.0187895
-0.109211
0.141789
-0.0982105
-0.0182105
0.127789
-0.145211
0.0617895
0.0527895
-0.133211
0.119789
-0.0672105
-0.0612105
0.143789
-0.146211
0.0317895
0.0747895
-0.133211
0.117789
-0.0452105
-0.0712105
0.149789
-0.137211
0.0337895
0.0797895
-0.135211
0.113789
-0.0332105
-0.0802105
0.149789
-0.125211
0.00378947
0.0937895
-0.144211
0.109789
-0.0282105
-0.0802105
0.149789
-0.111211
0.00578947
0.105789
-0.153211
0.139789
