2.66403
0.155573
0.0712421
-0.133758
0.147242
-0.0587579
-0.0547579
0.153242
-0.146758
0.0372421
0.105242
-0.149758
0.115242
-0.0277579
-0.0767579
0.158242
-0.139758
0.0372421
0.107242
-0.154758
0.104242
0.0282421
-0.116758
0.148242
-0.0867579
-0.0467579
0.150242
-0.145758
0.0552421
0.0682421
-0.134758
0.132242
-0.0507579
-0.0687579
0.153242
-0.144758
0.0392421
0.0922421
-0.143758
0.123242
-0.0407579
-0.0907579
0.157242
-0.124758
0.00324211
0.114242
-0.155758
0.117242
-0.00675789
-0.101758
0.155242
-0.107758
-0.00775789
0.111242
-0.158758
0.102242
-0.00875789
-0.0947579
0.165242
-0.0987579
0.00424211
0.127242
-0.158758
0.0882421
0.0242421
-0.112758
0.154242
-0.0767579
-0.0327579
0.135242
-0.152758
0.0812421
0.0382421
-0.112758
0.147242
-0.0847579
-0.0497579
0.138242
-0.151758
0.0612421
0.0682421
-0.132758
0.140242
-0.0797579
-0.0407579
0.138242
-0.151758
0.0832421
0.0382421
-0.120758
0.148242
-0.0907579
-0.0427579
0.145242
-0.151758
0.0502421
0.0712421
-0.141758
0.134242
-0.0407579
-0.0597579
0.150242
-0.137758
0.0422421
0.0802421
-0.141758
0.126242
-0.0237579
-0.0787579
0.154242
-0.140758
0.0322421
0.102242
-0.146758
0.122242
-0.0207579
-0.0967579
0.155242
-0.119758
0.0162421
0.122242
-0.150758
0.113242
-0.0127579
-0.0917579
0.148242
-0.119758
-0.000757895
0.133242
-0.133758
