0.552969
0.148956
0.0965579
0.00355789
-0.100442
0.145558
-0.116442
-0.0134421
0.123558
-0.156442
0.0655579
0.0525579
-0.135442
0.141558
-0.0894421
-0.0304421
0.134558
-0.151442
0.0645579
0.0505579
-0.135442
0.113558
-0.0294421
-0.0814421
0.150558
-0.116442
-0.00744211
0.128558
-0.154442
0.0865579
0.00755789
-0.114442
0.147558
-0.0934421
-0.0194421
0.127558
-0.149442
0.0685579
0.0415579
-0.122442
0.143558
-0.0564421
-0.0504421
0.143558
-0.143442
0.0485579
0.0745579
-0.129442
0.131558
-0.0394421
-0.0614421
0.147558
-0.137442
0.0495579
0.0835579
-0.138442
0.132558
-0.0564421
-0.0744421
0.142558
-0.135442
0.0315579
0.0795579
-0.141442
0.122558
-0.0364421
-0.0834421
0.149558
-0.125442
0.0185579
0.0965579
-0.139442
0.128558
-0.0454421
-0.0774421
0.144558
-0.129442
0.0215579
0.0885579
-0.143442
0.113558
-0.0134421
-0.0794421
0.146558
-0.135442
0.0295579
0.0825579
-0.135442
0.122558
-0.0384421
-0.0644421
0.149558
-0.128442
0.0215579
0.0975579
-0.147442
0.0985579
0.00955789
-0.0924421
0.144558
-0.111442
0.00555789
0.123558
-0.147442
0.0965579
0.0245579
-0.112442
0.139558
-0.103442
-0.0164421
0.117558
-0.147442
0.0825579
0.0285579
-0.111442
0.140558
-0.0834421
-0.0394421
0.136558
-0.147442
0.0595579
0.0385579
-0.113442
0.139558
-0.0854421
-0.0404421
0.134558
-0.148442
0.0595579
-0.0194421
