3.217
0.144476
-0.0290842
-0.0730842
0.144916
-0.128084
0.0289158
0.0909158
-0.142084
0.102916
0.00391579
-0.103084
0.146916
-0.114084
0.00691579
0.109916
-0.140084
0.0999158
0.00891579
-0.0980842
0.141916
-0.0740842
-0.0380842
0.141916
-0.138084
0.0439158
0.0829158
-0.141084
0.120916
-0.0380842
-0.0670842
0.146916
-0.126084
0.0189158
0.0939158
-0.143084
0.113916
-0.0110842
-0.0880842
0.142916
-0.119084
-0.00408421
0.119916
-0.144084
0.0839158
0.0119158
-0.101084
0.143916
-0.101084
-0.0190842
0.125916
-0.145084
0.0809158
0.0179158
-0.111084
0.139916
-0.110084
-0.0140842
0.123916
-0.147084
0.0799158
0.0329158
-0.106084
0.141916
-0.0940842
-0.0160842
0.131916
-0.144084
0.0719158
0.0439158
-0.117084
0.135916
-0.104084
-0.0100842
0.123916
-0.141084
0.0579158
0.0339158
-0.114084
0.133916
-0.0720842
-0.0380842
0.132916
-0.141084
0.0749158
0.0339158
-0.106084
0.137916
-0.0890842
-0.0160842
0.122916
-0.148084
0.0599158
0.0519158
-0.115084
0.123916
-0.0580842
-0.0570842
0.134916
-0.136084
0.0389158
0.0649158
-0.133084
0.120916
-0.0460842
-0.0650842
0.140916
-0.125084
0.0309158
0.0819158
-0.126084
0.121916
-0.0340842
-0.0680842
0.138916
-0.124084
0.0119158
0.104916
-0.140084
0.108916
0.00391579
-0.0820842
0.144916
-0.118084
0.0119158
0.107916
-0.146084
0.0989158
0.00391579
-0.0460842
