-0.100539
0.140815
0.00134737
0.104347
-0.146653
0.0923474
-0.00965263
-0.0986526
0.142347
-0.0986526
-0.0266526
0.125347
-0.149653
0.0693474
0.0223474
-0.112653
0.138347
-0.0896526
-0.0336526
0.134347
-0.136653
0.0303474
0.0813474
-0.140653
0.105347
-0.0126526
-0.0936526
0.133347
-0.111653
-0.000652632
0.104347
-0.139653
0.0883474
0.0143474
-0.0986526
0.134347
-0.102653
-0.0236526
0.124347
-0.144653
0.0793474
0.0573474
-0.120653
0.127347
-0.0746526
-0.0366526
0.130347
-0.143653
0.0613474
0.0643474
-0.128653
0.111347
-0.0586526
-0.0416526
0.131347
-0.139653
0.0623474
0.0473474
-0.126653
0.131347
-0.0576526
-0.0556526
0.133347
-0.136653
0.0413474
0.0743474
-0.131653
0.107347
-0.0386526
-0.0686526
0.138347
-0.126653
0.0503474
0.0623474
-0.129653
0.109347
-0.0336526
-0.0746526
0.137347
-0.120653
0.0163474
0.0893474
-0.135653
0.109347
-0.0386526
-0.0646526
0.133347
-0.130653
0.0363474
0.0733474
-0.131653
0.120347
-0.0326526
-0.0746526
0.137347
-0.109653
0.0113474
0.104347
-0.132653
0.0903474
-0.000652632
-0.0906526
0.134347
-0.104653
-0.00365263
0.112347
-0.137653
0.0773474
0.0133474
-0.101653
0.134347
-0.0986526
-0.0156526
0.115347
-0.139653
0.0713474
0.0343474
-0.114653
0.128347
-0.0916526
-0.0386526
0.120347
-0.143653
0.0663474
0.0333474
-0.115653
0.129347
-0.0776526
-0.0476526
0.0933474
