3.26727
0.144209
-0.0536421
-0.0546421
0.144358
-0.136642
0.0413579
0.0843579
-0.135642
0.113358
-0.00764211
-0.0876421
0.149358
-0.121642
0.0203579
0.0973579
-0.144642
0.107358
-0.00664211
-0.0956421
0.145358
-0.0846421
-0.0236421
0.133358
-0.144642
0.0533579
0.0713579
-0.133642
0.128358
-0.0456421
-0.0576421
0.144358
-0.135642
0.0283579
0.0863579
-0.133642
0.114358
-0.0206421
-0.0776421
0.144358
-0.127642
0.000357895
0.112358
-0.140642
0.0903579
0.00535789
-0.100642
0.141358
-0.113642
-0.0146421
0.120358
-0.141642
0.0883579
-0.00264211
-0.0996421
0.139358
-0.118642
-0.00564211
0.114358
-0.149642
0.0883579
0.0223579
-0.0986421
0.136358
-0.100642
-0.0146421
0.132358
-0.140642
0.0733579
0.0433579
-0.115642
0.133358
-0.0986421
-0.00964211
0.127358
-0.143642
0.0683579
0.0353579
-0.114642
0.133358
-0.0746421
-0.0376421
0.133358
-0.139642
0.0723579
0.0323579
-0.101642
0.138358
-0.0966421
-0.0146421
0.118358
-0.145642
0.0733579
0.0433579
-0.117642
0.123358
-0.0626421
-0.0576421
0.136358
-0.132642
0.0473579
0.0633579
-0.127642
0.128358
-0.0606421
-0.0586421
0.144358
-0.126642
0.0323579
0.0773579
-0.129642
0.120358
-0.0406421
-0.0616421
0.143358
-0.125642
0.0243579
0.0933579
-0.138642
0.110358
-0.00764211
-0.0716421
0.146358
-0.116642
0.0193579
0.102358
-0.138642
0.108358
-0.0106421
-0.0326421
