3.51861
0.159065
-0.0949263
-0.0349263
0.143074
-0.159926
0.0820737
0.0530737
-0.132926
0.143074
-0.0519263
-0.0729263
0.163074
-0.146926
0.0470737
0.0730737
-0.145926
0.137074
-0.0459263
-0.0789263
0.166074
-0.122926
-0.00792632
0.132074
-0.162926
0.0780737
0.0460737
-0.138926
0.150074
-0.0779263
-0.0379263
0.153074
-0.153926
0.0640737
0.0540737
-0.141926
0.144074
-0.0579263
-0.0639263
0.156074
-0.145926
0.0260737
0.0960737
-0.153926
0.123074
-0.0379263
-0.0849263
0.154074
-0.140926
0.00807368
0.107074
-0.159926
0.115074
-0.0249263
-0.0959263
0.159074
-0.139926
0.0260737
0.107074
-0.153926
0.123074
-0.0119263
-0.0939263
0.158074
-0.129926
0.00507368
0.126074
-0.153926
0.106074
0.00407368
-0.104926
0.163074
-0.134926
0.0180737
0.119074
-0.159926
0.0980737
0.00807368
-0.107926
0.158074
-0.113926
-0.0129263
0.128074
-0.150926
0.116074
-0.00892632
-0.0919263
0.162074
-0.125926
0.00807368
0.109074
-0.158926
0.101074
0.00507368
-0.100926
0.154074
-0.111926
-0.0289263
0.135074
-0.154926
0.0810737
0.0220737
-0.130926
0.151074
-0.0909263
-0.0439263
0.143074
-0.150926
0.0720737
0.0460737
-0.117926
0.146074
-0.0869263
-0.0459263
0.148074
-0.147926
0.0470737
0.0710737
-0.139926
0.145074
-0.0579263
-0.0489263
0.148074
-0.145926
0.0570737
0.0830737
-0.145926
0.137074
-0.0609263
-0.00992632
