-0.402157
0.148724
-0.0373684
0.131632
-0.155368
0.0646316
0.0396316
-0.126368
0.139632
-0.0663684
-0.0683684
0.145632
-0.138368
0.0386316
0.0676316
-0.136368
0.125632
-0.0553684
-0.0733684
0.144632
-0.129368
-0.000368421
0.113632
-0.152368
0.0856316
0.0316316
-0.123368
0.129632
-0.0843684
-0.0403684
0.133632
-0.145368
0.0516316
0.0716316
-0.131368
0.130632
-0.0673684
-0.0553684
0.144632
-0.143368
0.0386316
0.0996316
-0.151368
0.109632
-0.0243684
-0.0803684
0.145632
-0.133368
0.0136316
0.107632
-0.148368
0.0926316
-0.00436842
-0.0833684
0.146632
-0.127368
0.0156316
0.105632
-0.143368
0.110632
0.0106316
-0.0993684
0.142632
-0.119368
-0.0113684
0.120632
-0.143368
0.0796316
0.0256316
-0.119368
0.140632
-0.0983684
-0.0113684
0.128632
-0.147368
0.0726316
0.0436316
-0.121368
0.134632
-0.0733684
-0.0433684
0.135632
-0.149368
0.0676316
0.0316316
-0.116368
0.138632
-0.104368
-0.0293684
0.120632
-0.147368
0.0776316
0.0446316
-0.120368
0.133632
-0.0653684
-0.0543684
0.138632
-0.144368
0.0356316
0.0716316
-0.130368
0.116632
-0.0453684
-0.0613684
0.143632
-0.134368
0.0216316
0.0836316
-0.144368
0.120632
-0.0413684
-0.0783684
0.138632
-0.128368
0.0186316
0.106632
-0.146368
0.100632
-0.0203684
-0.101368
0.144632
-0.131368
0.00863158
0.0986316
-0.139368
0.0976316
-0.00136842
-0.102368
0.145632
