0.552969
0.142859
0.0822526
0.0202526
-0.107747
0.140253
-0.100747
-0.0267474
0.126253
-0.145747
0.0452526
0.0612526
-0.133747
0.126253
-0.0717474
-0.0447474
0.134253
-0.140747
0.0452526
0.0702526
-0.139747
0.105253
-0.0127474
-0.0887474
0.149253
-0.100747
-0.0167474
0.127253
-0.151747
0.0752526
0.0212526
-0.114747
0.138253
-0.0787474
-0.0277474
0.129253
-0.146747
0.0572526
0.0552526
-0.118747
0.137253
-0.0497474
-0.0557474
0.135253
-0.137747
0.0412526
0.0782526
-0.127747
0.123253
-0.0337474
-0.0667474
0.142253
-0.129747
0.0392526
0.0842526
-0.135747
0.122253
-0.0487474
-0.0697474
0.146253
-0.127747
0.0282526
0.0782526
-0.138747
0.115253
-0.0287474
-0.0817474
0.145253
-0.115747
0.0172526
0.0982526
-0.133747
0.115253
-0.0367474
-0.0757474
0.136253
-0.117747
0.0142526
0.0962526
-0.139747
0.0992526
-0.00574737
-0.0887474
0.141253
-0.125747
0.0212526
0.0842526
-0.137747
0.113253
-0.0297474
-0.0697474
0.137253
-0.116747
0.0112526
0.0982526
-0.139747
0.0932526
0.0142526
-0.0997474
0.137253
-0.0977474
-0.00174737
0.121253
-0.141747
0.0902526
0.0282526
-0.111747
0.130253
-0.0887474
-0.0167474
0.116253
-0.139747
0.0752526
0.0272526
-0.110747
0.131253
-0.0757474
-0.0337474
0.130253
-0.141747
0.0592526
0.0362526
-0.114747
0.127253
-0.0837474
-0.0447474
0.133253
-0.138747
0.0562526
-0.0157474
