-1.43313
0.151112
-0.153211
0.102789
-0.0162105
-0.105211
0.150789
-0.119211
-0.000210526
0.124789
-0.153211
0.0757895
0.0427895
-0.121211
0.151789
-0.103211
-0.0202105
0.129789
-0.151211
0.0657895
0.0577895
-0.138211
0.129789
-0.0402105
-0.0782105
0.148789
-0.126211
-0.00321053
0.114789
-0.152211
0.100789
0.00178947
-0.109211
0.147789
-0.114211
-0.00921053
0.121789
-0.151211
0.0807895
0.0207895
-0.117211
0.134789
-0.0852105
-0.0452105
0.148789
-0.145211
0.0557895
0.0387895
-0.129211
0.129789
-0.0702105
-0.0662105
0.146789
-0.145211
0.0477895
0.0617895
-0.129211
0.132789
-0.0602105
-0.0392105
0.155789
-0.140211
0.0447895
0.0687895
-0.141211
0.122789
-0.0222105
-0.0862105
0.151789
-0.133211
0.0167895
0.0927895
-0.138211
0.124789
-0.0222105
-0.0852105
0.146789
-0.125211
0.00978947
0.109789
-0.146211
0.0967895
-0.0112105
-0.0902105
0.145789
-0.126211
0.0267895
0.0847895
-0.147211
0.115789
-0.0362105
-0.0832105
0.150789
-0.120211
0.00978947
0.122789
-0.150211
0.0847895
0.00378947
-0.111211
0.147789
-0.112211
-0.0232105
0.125789
-0.153211
0.0767895
0.0297895
-0.120211
0.143789
-0.0922105
-0.0152105
0.123789
-0.147211
0.0717895
0.0277895
-0.124211
0.145789
-0.0742105
-0.0502105
0.137789
-0.142211
0.0627895
0.0387895
-0.124211
0.138789
-0.0632105
-0.0482105
0.136789
-0.152211
0.110789
