-1.40791
0.158062
-0.155
0.129
-0.057
-0.08
0.158
-0.147
0.029
0.106
-0.162
0.109
0.009
-0.104
0.158
-0.134
0.009
0.11
-0.161
0.095
0.025
-0.133
0.149
-0.08
-0.051
0.156
-0.151
0.03
0.09
-0.148
0.136
-0.039
-0.084
0.155
-0.142
0.026
0.1
-0.158
0.113
-0.02
-0.091
0.153
-0.12
-0.004
0.133
-0.161
0.093
0.001
-0.113
0.147
-0.111
-0.031
0.133
-0.16
0.088
0.023
-0.111
0.145
-0.113
-0.02
0.141
-0.158
0.088
0.038
-0.128
0.142
-0.072
-0.054
0.15
-0.152
0.055
0.055
-0.136
0.142
-0.069
-0.055
0.151
-0.148
0.047
0.075
-0.143
0.131
-0.061
-0.059
0.146
-0.152
0.067
0.05
-0.131
0.139
-0.089
-0.039
0.146
-0.145
0.054
0.086
-0.15
0.116
-0.042
-0.083
0.155
-0.146
0.017
0.098
-0.15
0.107
-0.025
-0.102
0.153
-0.131
0.028
0.1
-0.152
0.106
-0.009
-0.096
0.156
-0.114
-0.011
0.12
-0.157
0.101
-0.007
-0.103
0.154
-0.1
-0.01
0.126
-0.164
0.14
