2.81484
0.14556
0.0270421
-0.109958
0.149042
-0.0919579
-0.0169579
0.130042
-0.147958
0.0640421
0.0700421
-0.134958
0.127042
-0.0669579
-0.0419579
0.140042
-0.146958
0.0670421
0.0650421
-0.130958
0.123042
-0.0119579
-0.0839579
0.147042
-0.117958
-0.00595789
0.124042
-0.144958
0.0900421
0.0280421
-0.104958
0.137042
-0.0849579
-0.0279579
0.129042
-0.147958
0.0720421
0.0520421
-0.119958
0.133042
-0.0819579
-0.0529579
0.144042
-0.135958
0.0310421
0.0720421
-0.135958
0.131042
-0.0529579
-0.0659579
0.146042
-0.129958
0.0340421
0.0710421
-0.139958
0.126042
-0.0569579
-0.0619579
0.140042
-0.134958
0.0350421
0.0870421
-0.128958
0.122042
-0.0369579
-0.0699579
0.145042
-0.120958
0.0250421
0.0980421
-0.139958
0.122042
-0.0499579
-0.0559579
0.144042
-0.128958
0.0200421
0.0870421
-0.140958
0.109042
-0.0179579
-0.0809579
0.144042
-0.127958
0.0330421
0.0800421
-0.127958
0.124042
-0.0429579
-0.0639579
0.141042
-0.130958
0.0240421
0.0990421
-0.132958
0.103042
-0.00695789
-0.0919579
0.144042
-0.105958
-0.000957895
0.101042
-0.145958
0.0910421
0.00604211
-0.101958
0.143042
-0.0929579
-0.00495789
0.115042
-0.139958
0.0890421
0.0170421
-0.0999579
0.140042
-0.0919579
-0.0289579
0.133042
-0.137958
0.0830421
0.0410421
-0.106958
0.139042
-0.0869579
-0.0189579
0.130042
-0.143958
0.0690421
0.0470421
-0.0829579
