-1.40791
0.151679
-0.146295
0.127705
-0.0662947
-0.0762947
0.149705
-0.142295
0.0317053
0.0977053
-0.150295
0.102705
-0.00129474
-0.0992947
0.156705
-0.126295
0.0137053
0.107705
-0.153295
0.0977053
0.0197053
-0.125295
0.142705
-0.0852947
-0.0542947
0.142705
-0.144295
0.0337053
0.0837053
-0.142295
0.124705
-0.0372947
-0.0792947
0.146705
-0.137295
0.0257053
0.0967053
-0.149295
0.108705
-0.0252947
-0.0902947
0.149705
-0.118295
-0.00529474
0.132705
-0.153295
0.0877053
-0.00329474
-0.110295
0.140705
-0.105295
-0.0252947
0.127705
-0.151295
0.0827053
0.0127053
-0.107295
0.145705
-0.0942947
0.000705263
0.138705
-0.144295
0.0847053
0.0227053
-0.120295
0.140705
-0.0742947
-0.0422947
0.136705
-0.147295
0.0577053
0.0447053
-0.120295
0.143705
-0.0782947
-0.0492947
0.142705
-0.146295
0.0497053
0.0607053
-0.134295
0.125705
-0.0672947
-0.0452947
0.139705
-0.147295
0.0697053
0.0347053
-0.126295
0.134705
-0.0892947
-0.0342947
0.145705
-0.142295
0.0497053
0.0807053
-0.138295
0.112705
-0.0462947
-0.0822947
0.151705
-0.136295
0.0157053
0.0947053
-0.143295
0.105705
-0.0202947
-0.0872947
0.150705
-0.124295
0.0187053
0.101705
-0.144295
0.0987053
-0.0122947
-0.0932947
0.149705
-0.109295
-0.0202947
0.113705
-0.149295
0.0987053
-0.00829474
-0.103295
0.152705
-0.102295
-0.0182947
0.123705
-0.158295
0.134705
