1.73368
0.149607
0.154474
-0.125526
0.0274737
0.112474
-0.144526
0.105474
-0.00752632
-0.103526
0.150474
-0.0945263
-0.0275263
0.131474
-0.150526
0.0914737
0.0154737
-0.105526
0.148474
-0.0875263
-0.0455263
0.149474
-0.142526
0.0434737
0.0864737
-0.145526
0.111474
-0.00752632
-0.0905263
0.151474
-0.118526
0.00547368
0.120474
-0.148526
0.102474
0.00347368
-0.100526
0.145474
-0.0995263
-0.0115263
0.126474
-0.145526
0.0724737
0.0444737
-0.127526
0.141474
-0.0765263
-0.0255263
0.137474
-0.139526
0.0584737
0.0704737
-0.127526
0.139474
-0.0635263
-0.0385263
0.135474
-0.148526
0.0484737
0.0524737
-0.127526
0.132474
-0.0705263
-0.0485263
0.142474
-0.139526
0.0414737
0.0854737
-0.133526
0.127474
-0.0485263
-0.0525263
0.144474
-0.145526
0.0434737
0.0684737
-0.136526
0.126474
-0.0555263
-0.0625263
0.146474
-0.131526
0.0364737
0.0754737
-0.132526
0.130474
-0.0655263
-0.0445263
0.148474
-0.139526
0.0534737
0.0604737
-0.136526
0.122474
-0.0385263
-0.0845263
0.148474
-0.120526
0.0224737
0.106474
-0.137526
0.113474
0.000473684
-0.0895263
0.151474
-0.110526
0.00147368
0.118474
-0.143526
0.0984737
-0.00852632
-0.0915263
0.146474
-0.106526
-0.0105263
0.124474
-0.149526
0.0804737
0.0344737
-0.108526
0.141474
-0.100526
-0.0125263
0.123474
-0.144526
0.0694737
0.0374737
-0.120526
0.148474
-0.141526
