3.51861
0.150678
-0.0857053
-0.0297053
0.141295
-0.151705
0.0662947
0.0572947
-0.131705
0.133295
-0.0407053
-0.0697053
0.156295
-0.138705
0.0462947
0.0742947
-0.138705
0.128295
-0.0357053
-0.0767053
0.150295
-0.111705
-0.00370526
0.125295
-0.155705
0.0742947
0.0522947
-0.128705
0.143295
-0.0747053
-0.0407053
0.142295
-0.146705
0.0532947
0.0672947
-0.125705
0.134295
-0.0537053
-0.0667053
0.149295
-0.143705
0.0242947
0.0972947
-0.146705
0.112295
-0.0297053
-0.0867053
0.147295
-0.129705
0.0132947
0.104295
-0.145705
0.112295
-0.0277053
-0.0947053
0.149295
-0.130705
0.0172947
0.104295
-0.147705
0.105295
-0.00670526
-0.0897053
0.152295
-0.114705
0.00129474
0.124295
-0.153705
0.0922947
0.0172947
-0.109705
0.145295
-0.118705
0.00129474
0.124295
-0.150705
0.0822947
0.0262947
-0.111705
0.141295
-0.0947053
-0.0257053
0.129295
-0.146705
0.0922947
0.0102947
-0.102705
0.151295
-0.114705
-0.00770526
0.120295
-0.149705
0.0862947
0.0282947
-0.113705
0.135295
-0.0827053
-0.0457053
0.137295
-0.143705
0.0622947
0.0452947
-0.134705
0.137295
-0.0757053
-0.0547053
0.145295
-0.136705
0.0482947
0.0702947
-0.126705
0.132295
-0.0607053
-0.0577053
0.147295
-0.138705
0.0282947
0.0872947
-0.140705
0.123295
-0.0317053
-0.0687053
0.142295
-0.134705
0.0332947
0.0922947
-0.141705
0.122295
-0.0337053
-0.0217053
