-1.38271
0.153523
-0.159263
0.0917368
0.000736842
-0.113263
0.151737
-0.106263
-0.0122632
0.137737
-0.152263
0.0697368
0.0597368
-0.134263
0.145737
-0.0892632
-0.0312632
0.139737
-0.157263
0.0587368
0.0717368
-0.148263
0.122737
-0.0262632
-0.0922632
0.152737
-0.117263
-0.0132632
0.124737
-0.155263
0.0917368
0.0257368
-0.118263
0.142737
-0.105263
-0.0192632
0.131737
-0.153263
0.0717368
0.0377368
-0.119263
0.136737
-0.0742632
-0.0472632
0.150737
-0.152263
0.0477368
0.0497368
-0.137263
0.126737
-0.0602632
-0.0792632
0.149737
-0.148263
0.0387368
0.0707368
-0.139263
0.130737
-0.0682632
-0.0632632
0.154737
-0.142263
0.0447368
0.0767368
-0.140263
0.125737
-0.0352632
-0.0812632
0.151737
-0.131263
0.0367368
0.0767368
-0.139263
0.127737
-0.0482632
-0.0672632
0.143737
-0.140263
0.0347368
0.0887368
-0.145263
0.111737
-0.0322632
-0.0722632
0.146737
-0.140263
0.0437368
0.0747368
-0.141263
0.126737
-0.0502632
-0.0612632
0.150737
-0.133263
0.0267368
0.107737
-0.148263
0.101737
-0.0122632
-0.105263
0.145737
-0.126263
-0.00926316
0.115737
-0.152263
0.0837368
0.00773684
-0.113263
0.152737
-0.109263
0.00173684
0.120737
-0.151263
0.0857368
0.0157368
-0.115263
0.152737
-0.0942632
-0.0362632
0.127737
-0.150263
0.0847368
0.0227368
-0.117263
0.146737
-0.0822632
-0.0342632
0.139737
-0.159263
0.123737
