2.41267
0.15356
0.103947
-0.152053
0.127947
-0.0210526
-0.0790526
0.153947
-0.133053
0.00794737
0.129947
-0.150053
0.0889474
0.0149474
-0.0990526
0.153947
-0.119053
0.000947368
0.133947
-0.152053
0.0789474
0.0669474
-0.131053
0.134947
-0.0530526
-0.0760526
0.153947
-0.131053
0.0239474
0.101947
-0.147053
0.111947
-0.0110526
-0.0940526
0.155947
-0.123053
0.0109474
0.123947
-0.151053
0.100947
-0.00205263
-0.122053
0.153947
-0.0960526
-0.0350526
0.133947
-0.154053
0.0859474
0.0299474
-0.128053
0.141947
-0.0740526
-0.0380526
0.135947
-0.150053
0.0769474
0.0299474
-0.117053
0.157947
-0.0670526
-0.0260526
0.146947
-0.150053
0.0619474
0.0499474
-0.128053
0.139947
-0.0520526
-0.0580526
0.149947
-0.145053
0.0599474
0.0569474
-0.125053
0.132947
-0.0610526
-0.0640526
0.144947
-0.143053
0.0449474
0.0859474
-0.142053
0.131947
-0.0540526
-0.0550526
0.142947
-0.141053
0.0619474
0.0569474
-0.132053
0.138947
-0.0710526
-0.0610526
0.150947
-0.146053
0.0279474
0.0959474
-0.144053
0.113947
-0.0160526
-0.0830526
0.153947
-0.125053
0.0179474
0.0999474
-0.144053
0.110947
0.000947368
-0.0880526
0.147947
-0.126053
0.0149474
0.112947
-0.145053
0.103947
0.000947368
-0.108053
0.148947
-0.0990526
-0.00305263
0.127947
-0.148053
0.101947
0.0159474
-0.102053
0.142947
-0.0990526
-0.0220526
0.140947
-0.148053
