4.42363
0.152611
-0.158084
0.0829158
0.0239158
-0.128084
0.147916
-0.0810842
-0.0350842
0.142916
-0.144084
0.0499158
0.0799158
-0.145084
0.138916
-0.0710842
-0.0520842
0.148916
-0.143084
0.0419158
0.0969158
-0.154084
0.105916
0.00191579
-0.104084
0.149916
-0.0920842
-0.0380842
0.134916
-0.154084
0.0699158
0.0479158
-0.130084
0.137916
-0.0780842
-0.0400842
0.145916
-0.145084
0.0469158
0.0619158
-0.136084
0.115916
-0.0450842
-0.0710842
0.155916
-0.137084
0.0249158
0.0849158
-0.141084
0.114916
-0.0310842
-0.0960842
0.154916
-0.142084
0.0149158
0.0989158
-0.149084
0.116916
-0.0310842
-0.0910842
0.150916
-0.125084
0.0209158
0.103916
-0.146084
0.103916
0.00391579
-0.107084
0.147916
-0.118084
-0.00208421
0.106916
-0.152084
0.109916
-0.00408421
-0.0990842
0.146916
-0.120084
0.000915789
0.116916
-0.151084
0.0899158
0.00691579
-0.0980842
0.150916
-0.126084
0.0159158
0.101916
-0.149084
0.106916
-0.0190842
-0.0890842
0.146916
-0.115084
-0.00108421
0.128916
-0.155084
0.0829158
0.0219158
-0.121084
0.140916
-0.104084
-0.0340842
0.133916
-0.146084
0.0689158
0.0479158
-0.128084
0.139916
-0.0850842
-0.0290842
0.135916
-0.148084
0.0659158
0.0549158
-0.132084
0.134916
-0.0620842
-0.0640842
0.142916
-0.134084
0.0599158
0.0609158
-0.130084
0.132916
-0.0450842
-0.0610842
0.151916
-0.147084
0.103916
