-1.25688
0.150686
-0.127221
0.145779
-0.100221
-0.0462211
0.141779
-0.151221
0.0567789
0.0667789
-0.146221
0.122779
-0.0362211
-0.0722211
0.146779
-0.144221
0.0407789
0.0707789
-0.138221
0.120779
-0.0162211
-0.102221
0.148779
-0.114221
-0.0182211
0.136779
-0.145221
0.0587789
0.0447789
-0.127221
0.134779
-0.0802211
-0.0542211
0.147779
-0.148221
0.0527789
0.0607789
-0.136221
0.127779
-0.0562211
-0.0602211
0.147779
-0.132221
0.0197789
0.0997789
-0.149221
0.106779
-0.0372211
-0.0862211
0.143779
-0.131221
0.00177895
0.107779
-0.147221
0.107779
-0.0252211
-0.0832211
0.146779
-0.117221
0.0207789
0.112779
-0.152221
0.102779
-0.0172211
-0.100221
0.148779
-0.0992211
-0.0142211
0.121779
-0.150221
0.0867789
0.00277895
-0.0962211
0.152779
-0.106221
-0.0102211
0.125779
-0.149221
0.0857789
0.0187789
-0.114221
0.138779
-0.102221
-0.0142211
0.119779
-0.148221
0.100779
-0.00422105
-0.0962211
0.142779
-0.116221
-0.000221053
0.119779
-0.149221
0.0857789
0.0367789
-0.123221
0.133779
-0.0832211
-0.0392211
0.137779
-0.150221
0.0497789
0.0467789
-0.124221
0.132779
-0.0712211
-0.0552211
0.145779
-0.142221
0.0627789
0.0537789
-0.129221
0.124779
-0.0632211
-0.0642211
0.148779
-0.135221
0.0277789
0.0757789
-0.136221
0.128779
-0.0552211
-0.0682211
0.144779
-0.125221
0.0247789
0.0977789
-0.141221
0.151779
