-0.150808
0.139868
-0.00394737
0.108053
-0.140947
0.0880526
0.00505263
-0.100947
0.144053
-0.0959474
-0.0359474
0.129053
-0.142947
0.0660526
0.0300526
-0.112947
0.135053
-0.0869474
-0.0399474
0.128053
-0.136947
0.0280526
0.0800526
-0.139947
0.102053
-0.00594737
-0.0919474
0.136053
-0.106947
-0.00594737
0.109053
-0.143947
0.0800526
0.0230526
-0.103947
0.135053
-0.0939474
-0.0259474
0.123053
-0.142947
0.0650526
0.0590526
-0.124947
0.122053
-0.0629474
-0.0439474
0.137053
-0.137947
0.0480526
0.0780526
-0.127947
0.113053
-0.0489474
-0.0479474
0.137053
-0.130947
0.0490526
0.0590526
-0.133947
0.116053
-0.0399474
-0.0659474
0.126053
-0.136947
0.0310526
0.0770526
-0.131947
0.105053
-0.0199474
-0.0789474
0.140053
-0.123947
0.0380526
0.0790526
-0.137947
0.0980526
-0.0149474
-0.0789474
0.137053
-0.113947
0.0110526
0.100053
-0.138947
0.0980526
-0.0279474
-0.0759474
0.135053
-0.126947
0.0250526
0.0830526
-0.137947
0.110053
-0.0139474
-0.0839474
0.134053
-0.101947
-0.00394737
0.108053
-0.139947
0.0780526
0.00905263
-0.0979474
0.132053
-0.0939474
-0.00894737
0.120053
-0.141947
0.0680526
0.0260526
-0.107947
0.133053
-0.0889474
-0.0309474
0.121053
-0.139947
0.0650526
0.0480526
-0.117947
0.123053
-0.0799474
-0.0439474
0.123053
-0.139947
0.0510526
0.0450526
-0.125947
0.122053
-0.0589474
-0.0549474
0.104053
