3.11646
0.162068
-0.0151789
-0.0951789
0.168821
-0.132179
0.0188211
0.121821
-0.164179
0.104821
0.0248211
-0.125179
0.163821
-0.108179
-0.00917895
0.133821
-0.161179
0.0988211
0.0288211
-0.128179
0.155821
-0.0611789
-0.0541789
0.164821
-0.149179
0.0258211
0.111821
-0.159179
0.118821
-0.00717895
-0.0971789
0.164821
-0.123179
-0.00317895
0.126821
-0.161179
0.105821
0.0238211
-0.119179
0.158821
-0.114179
-0.0391789
0.146821
-0.158179
0.0678211
0.0558211
-0.137179
0.153821
-0.0901789
-0.0521789
0.149821
-0.154179
0.0598211
0.0508211
-0.143179
0.142821
-0.0911789
-0.0401789
0.153821
-0.154179
0.0638211
0.0708211
-0.141179
0.133821
-0.0651789
-0.0641789
0.163821
-0.138179
0.0348211
0.102821
-0.150179
0.129821
-0.0471789
-0.0691789
0.161821
-0.138179
0.0138211
0.112821
-0.157179
0.115821
-0.00917895
-0.103179
0.159821
-0.131179
0.0258211
0.101821
-0.152179
0.133821
-0.0361789
-0.0761789
0.159821
-0.145179
0.0208211
0.113821
-0.158179
0.103821
0.00582105
-0.118179
0.159821
-0.106179
-0.0111789
0.122821
-0.159179
0.0988211
0.0138211
-0.128179
0.161821
-0.0901789
-0.0221789
0.141821
-0.160179
0.0888211
0.0268211
-0.125179
0.153821
-0.0971789
-0.0401789
0.147821
-0.156179
0.0748211
0.0628211
-0.132179
0.147821
-0.0811789
-0.0421789
0.146821
-0.153179
0.0558211
0.0708211
-0.104179
