0.100539
0.149464
0.0253789
0.0893789
-0.144621
0.116379
-0.0366211
-0.0866211
0.153379
-0.125621
-0.00362105
0.118379
-0.155621
0.100379
-0.0106211
-0.0976211
0.150379
-0.117621
-0.0106211
0.125379
-0.147621
0.0573789
0.0573789
-0.135621
0.132379
-0.0516211
-0.0736211
0.152379
-0.138621
0.0173789
0.0943789
-0.150621
0.106379
-0.0146211
-0.0876211
0.148379
-0.128621
0.00437895
0.113379
-0.149621
0.100379
0.0243789
-0.112621
0.146379
-0.0946211
-0.0186211
0.130379
-0.148621
0.0833789
0.0383789
-0.120621
0.140379
-0.0896211
-0.0156211
0.134379
-0.149621
0.0843789
0.0223789
-0.126621
0.136379
-0.0886211
-0.0326211
0.133379
-0.147621
0.0663789
0.0443789
-0.126621
0.132379
-0.0726211
-0.0496211
0.143379
-0.149621
0.0713789
0.0393789
-0.129621
0.132379
-0.0626211
-0.0496211
0.140379
-0.143621
0.0383789
0.0733789
-0.134621
0.129379
-0.0736211
-0.0426211
0.136379
-0.149621
0.0633789
0.0463789
-0.124621
0.132379
-0.0556211
-0.0626211
0.144379
-0.131621
0.0333789
0.0923789
-0.137621
0.112379
-0.0296211
-0.0696211
0.147379
-0.131621
0.0223789
0.103379
-0.144621
0.0993789
-0.0136211
-0.0916211
0.148379
-0.120621
0.00637895
0.101379
-0.144621
0.0993789
0.00537895
-0.104621
0.142379
-0.114621
-0.0136211
0.112379
-0.145621
0.0963789
-0.00162105
-0.103621
0.147379
-0.108621
-0.0166211
0.0763789
