2.96565
0.141763
0.006
-0.091
0.144
-0.103
0.001
0.116
-0.146
0.079
0.048
-0.117
0.133
-0.083
-0.021
0.126
-0.143
0.078
0.044
-0.122
0.131
-0.036
-0.062
0.138
-0.126
0.014
0.105
-0.142
0.1
0.001
-0.094
0.14
-0.103
-0.007
0.117
-0.141
0.087
0.031
-0.112
0.138
-0.097
-0.041
0.135
-0.137
0.058
0.055
-0.121
0.128
-0.07
-0.047
0.133
-0.134
0.048
0.048
-0.124
0.127
-0.078
-0.04
0.134
-0.138
0.052
0.068
-0.124
0.126
-0.061
-0.049
0.141
-0.124
0.042
0.081
-0.13
0.125
-0.074
-0.035
0.136
-0.132
0.036
0.07
-0.125
0.118
-0.049
-0.061
0.14
-0.129
0.054
0.059
-0.122
0.126
-0.064
-0.047
0.133
-0.137
0.04
0.078
-0.13
0.11
-0.026
-0.077
0.139
-0.115
0.012
0.088
-0.141
0.1
-0.014
-0.089
0.144
-0.102
0.008
0.105
-0.137
0.092
-0.004
-0.088
0.141
-0.105
-0.01
0.123
-0.14
0.09
0.026
-0.092
0.144
-0.095
0.001
0.118
-0.14
0.078
0.034
-0.065
