1.57163
0.150341
0.156379
-0.127621
0.0223789
0.109379
-0.144621
0.107379
-0.0136211
-0.102621
0.149379
-0.102621
-0.0246211
0.128379
-0.154621
0.0973789
0.00737895
-0.106621
0.152379
-0.0946211
-0.0366211
0.147379
-0.144621
0.0433789
0.0853789
-0.144621
0.116379
-0.0126211
-0.0906211
0.150379
-0.122621
0.0133789
0.114379
-0.147621
0.110379
-0.00462105
-0.0996211
0.148379
-0.101621
-0.00362105
0.124379
-0.144621
0.0813789
0.0333789
-0.124621
0.143379
-0.0806211
-0.0206211
0.139379
-0.146621
0.0583789
0.0653789
-0.128621
0.144379
-0.0776211
-0.0306211
0.129379
-0.146621
0.0673789
0.0663789
-0.116621
0.139379
-0.0826211
-0.0496211
0.138379
-0.134621
0.0453789
0.0833789
-0.134621
0.122379
-0.0496211
-0.0516211
0.150379
-0.140621
0.0413789
0.0713789
-0.135621
0.122379
-0.0466211
-0.0726211
0.148379
-0.125621
0.0303789
0.0813789
-0.134621
0.129379
-0.0596211
-0.0516211
0.141379
-0.138621
0.0543789
0.0633789
-0.139621
0.121379
-0.0396211
-0.0876211
0.149379
-0.117621
0.0183789
0.110379
-0.140621
0.117379
0.00537895
-0.0936211
0.150379
-0.109621
-0.00162105
0.121379
-0.141621
0.0983789
-0.00862105
-0.0956211
0.151379
-0.103621
0.000378947
0.121379
-0.145621
0.0803789
0.0343789
-0.106621
0.142379
-0.0966211
-0.0136211
0.126379
-0.149621
0.0703789
0.0333789
-0.118621
0.151379
-0.139621
