4.12189
0.154679
-0.1498
0.0542
0.0582
-0.1488
0.1402
-0.0588
-0.0688
0.1582
-0.1328
0.0202
0.1132
-0.1488
0.1252
-0.0408
-0.0778
0.1542
-0.1278
0.0072
0.1172
-0.1568
0.0832
0.0302
-0.1288
0.1442
-0.0678
-0.0668
0.1542
-0.1448
0.0482
0.0812
-0.1488
0.1252
-0.0528
-0.0688
0.1502
-0.1328
0.0252
0.0892
-0.1468
0.1052
-0.0118
-0.0988
0.1582
-0.1288
-0.0048
0.1012
-0.1508
0.0952
0.0002
-0.1138
0.1582
-0.1228
-0.0108
0.1172
-0.1508
0.1052
0.0012
-0.0948
0.1602
-0.1108
-0.0078
0.1182
-0.1548
0.0932
0.0292
-0.1198
0.1512
-0.0978
-0.0198
0.1282
-0.1488
0.1012
0.0212
-0.1138
0.1492
-0.0978
-0.0268
0.1372
-0.1548
0.0742
0.0342
-0.1188
0.1522
-0.1048
-0.0138
0.1212
-0.1538
0.0892
0.0072
-0.1118
0.1472
-0.0948
-0.0318
0.1432
-0.1488
0.0602
0.0502
-0.1368
0.1362
-0.0808
-0.0618
0.1452
-0.1488
0.0442
0.0702
-0.1388
0.1342
-0.0568
-0.0518
0.1432
-0.1378
0.0412
0.0752
-0.1478
0.1272
-0.0368
-0.0858
0.1522
-0.1308
0.0342
0.0822
-0.1418
0.1182
-0.0238
-0.0938
0.1542
-0.1418
0.0752
