-1.43313
0.1537
-0.159937
0.101063
-0.00793684
-0.106937
0.153063
-0.114937
-0.00893684
0.131063
-0.155937
0.0720632
0.0540632
-0.126937
0.151063
-0.0989368
-0.0209368
0.136063
-0.153937
0.0670632
0.0650632
-0.145937
0.125063
-0.0339368
-0.0889368
0.147063
-0.118937
-0.00993684
0.125063
-0.155937
0.0970632
0.0130632
-0.117937
0.146063
-0.108937
-0.0129368
0.127063
-0.156937
0.0770632
0.0340632
-0.118937
0.134063
-0.0739368
-0.0449368
0.154063
-0.154937
0.0500632
0.0510632
-0.136937
0.126063
-0.0619368
-0.0719368
0.151063
-0.151937
0.0430632
0.0670632
-0.133937
0.130063
-0.0679368
-0.0649368
0.151063
-0.140937
0.0470632
0.0750632
-0.140937
0.122063
-0.0369368
-0.0769368
0.155063
-0.135937
0.0390632
0.0770632
-0.134937
0.133063
-0.0519368
-0.0679368
0.149063
-0.143937
0.0300632
0.0860632
-0.147937
0.116063
-0.0339368
-0.0669368
0.150063
-0.140937
0.0480632
0.0660632
-0.135937
0.124063
-0.0579368
-0.0599368
0.152063
-0.132937
0.0310632
0.102063
-0.149937
0.102063
-0.0169368
-0.101937
0.150063
-0.123937
-0.00293684
0.116063
-0.152937
0.0960632
0.00206316
-0.105937
0.152063
-0.115937
0.00706316
0.112063
-0.148937
0.0910632
0.0160632
-0.112937
0.150063
-0.0929368
-0.0329368
0.125063
-0.152937
0.0880632
0.0160632
-0.115937
0.148063
-0.0809368
-0.0319368
0.145063
-0.157937
0.124063
