-1.106
0.146752
-0.122095
0.135905
-0.102095
-0.0380947
0.133905
-0.146095
0.0609053
0.0549053
-0.140095
0.120905
-0.0440947
-0.0630947
0.144905
-0.141095
0.0399053
0.0689053
-0.140095
0.117905
-0.0240947
-0.0980947
0.147905
-0.111095
-0.0170947
0.129905
-0.152095
0.0569053
0.0429053
-0.123095
0.135905
-0.0770947
-0.0500947
0.139905
-0.146095
0.0539053
0.0579053
-0.133095
0.124905
-0.0600947
-0.0550947
0.144905
-0.132095
0.0279053
0.0919053
-0.144095
0.109905
-0.0450947
-0.0720947
0.143905
-0.129095
0.00790526
0.0989053
-0.142095
0.102905
-0.0240947
-0.0730947
0.139905
-0.124095
0.0179053
0.103905
-0.144095
0.105905
-0.0140947
-0.0890947
0.139905
-0.109095
-0.00609474
0.113905
-0.148095
0.0919053
-0.00709474
-0.0840947
0.144905
-0.114095
-9.47368e-05
0.116905
-0.145095
0.0919053
0.0109053
-0.103095
0.134905
-0.103095
-0.0100947
0.113905
-0.141095
0.104905
-0.0160947
-0.0910947
0.139905
-0.119095
0.00890526
0.114905
-0.140095
0.0929053
0.0299053
-0.115095
0.132905
-0.0930947
-0.0400947
0.125905
-0.145095
0.0589053
0.0429053
-0.118095
0.128905
-0.0760947
-0.0450947
0.134905
-0.142095
0.0649053
0.0469053
-0.125095
0.124905
-0.0690947
-0.0510947
0.144905
-0.137095
0.0289053
0.0719053
-0.137095
0.123905
-0.0600947
-0.0560947
0.138905
-0.125095
0.0309053
0.0839053
-0.146095
0.146905
