2.51322
0.149681
0.0813684
-0.142632
0.135368
-0.0346316
-0.0636316
0.153368
-0.138632
0.0213684
0.116368
-0.150632
0.103368
-0.00463158
-0.0856316
0.150368
-0.124632
0.0133684
0.117368
-0.146632
0.0883684
0.0463684
-0.115632
0.144368
-0.0736316
-0.0566316
0.149368
-0.135632
0.0353684
0.0913684
-0.136632
0.118368
-0.0266316
-0.0816316
0.147368
-0.132632
0.0223684
0.108368
-0.143632
0.109368
-0.0126316
-0.106632
0.149368
-0.106632
-0.0126316
0.117368
-0.147632
0.100368
0.0153684
-0.116632
0.147368
-0.0926316
-0.0166316
0.118368
-0.147632
0.0853684
0.0123684
-0.110632
0.145368
-0.102632
-0.0156316
0.128368
-0.143632
0.0813684
0.0253684
-0.108632
0.141368
-0.0776316
-0.0316316
0.138368
-0.146632
0.0853684
0.0173684
-0.106632
0.145368
-0.0856316
-0.0336316
0.132368
-0.151632
0.0673684
0.0443684
-0.121632
0.144368
-0.0836316
-0.0196316
0.129368
-0.143632
0.0873684
0.0253684
-0.109632
0.147368
-0.0976316
-0.0336316
0.137368
-0.147632
0.0563684
0.0593684
-0.131632
0.131368
-0.0516316
-0.0536316
0.140368
-0.139632
0.0453684
0.0663684
-0.136632
0.122368
-0.0356316
-0.0616316
0.148368
-0.136632
0.0473684
0.0743684
-0.135632
0.114368
-0.0296316
-0.0856316
0.149368
-0.123632
0.0273684
0.102368
-0.136632
0.121368
-0.0326316
-0.0736316
0.145368
-0.125632
0.0153684
0.112368
-0.129632
