4.27273
0.152598
-0.152905
0.0690947
0.0460947
-0.135905
0.144095
-0.0719053
-0.0509053
0.150095
-0.139905
0.0350947
0.0970947
-0.148905
0.133095
-0.0499053
-0.0689053
0.150095
-0.136905
0.0280947
0.110095
-0.154905
0.0950947
0.0180947
-0.116905
0.144095
-0.0739053
-0.0469053
0.147095
-0.147905
0.0580947
0.0650947
-0.142905
0.133095
-0.0639053
-0.0579053
0.147095
-0.134905
0.0350947
0.0780947
-0.142905
0.110095
-0.0249053
-0.0869053
0.156095
-0.133905
0.00609474
0.0950947
-0.150905
0.100095
-0.00990526
-0.106905
0.153095
-0.128905
-0.00190526
0.111095
-0.146905
0.102095
-0.000905263
-0.102905
0.155095
-0.116905
0.00309474
0.116095
-0.149905
0.0980947
0.0220947
-0.118905
0.149095
-0.101905
-0.0189053
0.120095
-0.153905
0.0980947
0.0170947
-0.113905
0.145095
-0.103905
-0.0199053
0.130095
-0.149905
0.0770947
0.0270947
-0.113905
0.147095
-0.111905
-0.000905263
0.115095
-0.151905
0.0960947
0.00209474
-0.100905
0.147095
-0.0949053
-0.0229053
0.133095
-0.150905
0.0610947
0.0490947
-0.136905
0.133095
-0.0809053
-0.0499053
0.139095
-0.151905
0.0500947
0.0570947
-0.138905
0.133095
-0.0609053
-0.0409053
0.143095
-0.140905
0.0500947
0.0760947
-0.138905
0.123095
-0.0449053
-0.0799053
0.149095
-0.128905
0.0450947
0.0760947
-0.138905
0.125095
-0.0289053
-0.0769053
0.150095
-0.138905
0.0850947
