3.41808
0.145169
-0.0740211
-0.0380211
0.133979
-0.145021
0.0589789
0.0569789
-0.128021
0.128979
-0.0340211
-0.0720211
0.148979
-0.136021
0.0399789
0.0769789
-0.135021
0.122979
-0.0290211
-0.0780211
0.147979
-0.101021
-0.00102105
0.124979
-0.147021
0.0689789
0.0499789
-0.130021
0.134979
-0.0650211
-0.0420211
0.140979
-0.142021
0.0479789
0.0669789
-0.128021
0.129979
-0.0470211
-0.0680211
0.138979
-0.132021
0.0169789
0.103979
-0.140021
0.105979
-0.0240211
-0.0840211
0.143979
-0.126021
0.00597895
0.107979
-0.147021
0.0999789
-0.0170211
-0.0980211
0.146979
-0.128021
0.00797895
0.107979
-0.145021
0.0989789
-2.10526e-05
-0.0890211
0.142979
-0.111021
0.000978947
0.120979
-0.142021
0.0879789
0.0189789
-0.105021
0.146979
-0.117021
0.00897895
0.115979
-0.140021
0.0869789
0.00997895
-0.106021
0.136979
-0.0940211
-0.0220211
0.123979
-0.143021
0.0969789
-0.00202105
-0.0920211
0.143979
-0.107021
0.00197895
0.105979
-0.144021
0.0819789
0.0139789
-0.107021
0.131979
-0.0840211
-0.0320211
0.130979
-0.139021
0.0609789
0.0379789
-0.127021
0.129979
-0.0750211
-0.0430211
0.140979
-0.133021
0.0489789
0.0589789
-0.119021
0.127979
-0.0560211
-0.0500211
0.143979
-0.135021
0.0329789
0.0839789
-0.134021
0.125979
-0.0230211
-0.0580211
0.146979
-0.129021
0.0399789
0.0869789
-0.133021
0.114979
-0.0360211
-0.0200211
