-1.45839
0.156929
-0.152411
0.126589
-0.0534105
-0.0844105
0.153589
-0.139411
0.0265895
0.104589
-0.159411
0.103589
0.0125895
-0.105411
0.158589
-0.127411
0.00858947
0.110589
-0.155411
0.0995895
0.0255895
-0.132411
0.148589
-0.0794105
-0.0554105
0.148589
-0.151411
0.0295895
0.0945895
-0.152411
0.125589
-0.0284105
-0.0924105
0.155589
-0.136411
0.0235895
0.107589
-0.157411
0.108589
-0.0114105
-0.0914105
0.146589
-0.110411
-0.00841053
0.134589
-0.163411
0.0905895
0.00458947
-0.119411
0.148589
-0.103411
-0.0384105
0.140589
-0.156411
0.0815895
0.0235895
-0.114411
0.142589
-0.109411
-0.0184105
0.136589
-0.157411
0.0795895
0.0375895
-0.119411
0.139589
-0.0784105
-0.0504105
0.143589
-0.156411
0.0685895
0.0355895
-0.123411
0.149589
-0.0874105
-0.0354105
0.145589
-0.157411
0.0615895
0.0515895
-0.135411
0.136589
-0.0754105
-0.0434105
0.139589
-0.155411
0.0805895
0.0345895
-0.126411
0.145589
-0.0974105
-0.0244105
0.140589
-0.151411
0.0595895
0.0725895
-0.138411
0.123589
-0.0634105
-0.0724105
0.148589
-0.149411
0.0295895
0.0835895
-0.143411
0.114589
-0.0354105
-0.0834105
0.151589
-0.142411
0.0365895
0.0915895
-0.147411
0.114589
-0.0274105
-0.0874105
0.158589
-0.127411
-0.00141053
0.103589
-0.155411
0.112589
-0.0174105
-0.0984105
0.149589
-0.116411
0.000589474
0.124589
-0.161411
0.145589
