2.96565
0.162116
0.0167474
-0.112253
0.166747
-0.116253
-0.00525263
0.136747
-0.163253
0.0937474
0.0567474
-0.137253
0.149747
-0.0882526
-0.0332526
0.146747
-0.164253
0.0777474
0.0627474
-0.142253
0.140747
-0.0312526
-0.0792526
0.166747
-0.134253
0.00474737
0.131747
-0.163253
0.101747
0.0227474
-0.116253
0.159747
-0.0992526
-0.0252526
0.140747
-0.163253
0.0877474
0.0447474
-0.132253
0.156747
-0.0902526
-0.0622526
0.152747
-0.152253
0.0487474
0.0737474
-0.145253
0.146747
-0.0622526
-0.0752526
0.157747
-0.142253
0.0447474
0.0757474
-0.151253
0.138747
-0.0672526
-0.0622526
0.160747
-0.149253
0.0447474
0.0907474
-0.147253
0.134747
-0.0392526
-0.0792526
0.161747
-0.132253
0.0187474
0.113747
-0.158253
0.124747
-0.0292526
-0.0812526
0.158747
-0.130253
0.00374737
0.116747
-0.156253
0.111747
0.00174737
-0.107253
0.160747
-0.127253
0.0187474
0.106747
-0.154253
0.123747
-0.0252526
-0.0912526
0.160747
-0.139253
0.00774737
0.120747
-0.152253
0.0947474
0.0177474
-0.126253
0.160747
-0.101253
-0.0242526
0.129747
-0.157253
0.0907474
0.0317474
-0.128253
0.158747
-0.0832526
-0.0302526
0.141747
-0.162253
0.0797474
0.0437474
-0.133253
0.146747
-0.0832526
-0.0512526
0.151747
-0.154253
0.0727474
0.0787474
-0.140253
0.147747
-0.0652526
-0.0522526
0.150747
-0.151253
0.0517474
0.0807474
-0.110253
