-0.452428
0.162028
-0.0492526
0.152747
-0.165253
0.0657474
0.0537474
-0.142253
0.150747
-0.0682526
-0.0842526
0.159747
-0.145253
0.0377474
0.0807474
-0.151253
0.138747
-0.0532526
-0.0842526
0.159747
-0.134253
-0.00825263
0.123747
-0.164253
0.0907474
0.0457474
-0.136253
0.145747
-0.0812526
-0.0502526
0.148747
-0.160253
0.0467474
0.0697474
-0.151253
0.138747
-0.0642526
-0.0682526
0.162747
-0.148253
0.0417474
0.104747
-0.157253
0.122747
-0.0262526
-0.0892526
0.161747
-0.145253
0.0177474
0.121747
-0.157253
0.105747
-0.0122526
-0.0942526
0.160747
-0.136253
0.0157474
0.102747
-0.171253
0.107747
-0.00225263
-0.102253
0.159747
-0.130253
0.00874737
0.113747
-0.160253
0.0977474
0.0147474
-0.112253
0.158747
-0.127253
0.0147474
0.107747
-0.161253
0.105747
0.00174737
-0.111253
0.157747
-0.122253
-0.0152526
0.129747
-0.161253
0.0987474
-0.000252632
-0.106253
0.155747
-0.132253
0.00574737
0.112747
-0.159253
0.116747
0.00674737
-0.118253
0.155747
-0.100253
-0.0262526
0.139747
-0.160253
0.0727474
0.0427474
-0.122253
0.149747
-0.0932526
-0.0292526
0.147747
-0.162253
0.0597474
0.0497474
-0.140253
0.147747
-0.0842526
-0.0482526
0.147747
-0.153253
0.0577474
0.0757474
-0.150253
0.133747
-0.0672526
-0.0742526
0.152747
-0.158253
0.0477474
0.0727474
-0.147253
0.134747
-0.0512526
-0.0802526
0.133747
