0.754056
0.147207
0.114074
-0.0309263
-0.0769263
0.149074
-0.131926
0.0170737
0.102074
-0.147926
0.0920737
0.0160737
-0.119926
0.146074
-0.113926
-0.00192632
0.114074
-0.144926
0.0890737
0.0260737
-0.123926
0.127074
-0.0589263
-0.0599263
0.146074
-0.129926
0.0160737
0.106074
-0.146926
0.106074
-0.0209263
-0.0899263
0.149074
-0.116926
0.00607368
0.107074
-0.150926
0.0930737
0.0100737
-0.104926
0.145074
-0.0849263
-0.0319263
0.126074
-0.152926
0.0760737
0.0360737
-0.111926
0.139074
-0.0679263
-0.0359263
0.143074
-0.145926
0.0730737
0.0430737
-0.122926
0.144074
-0.0849263
-0.0369263
0.149074
-0.137926
0.0590737
0.0430737
-0.131926
0.134074
-0.0519263
-0.0589263
0.145074
-0.132926
0.0370737
0.0890737
-0.130926
0.129074
-0.0439263
-0.0709263
0.141074
-0.126926
0.0270737
0.0850737
-0.142926
0.114074
-0.0169263
-0.0799263
0.145074
-0.135926
0.0350737
0.0710737
-0.135926
0.128074
-0.0439263
-0.0619263
0.141074
-0.133926
0.0190737
0.0910737
-0.148926
0.103074
0.00407368
-0.0909263
0.144074
-0.114926
0.00807368
0.116074
-0.148926
0.0960737
0.0240737
-0.110926
0.139074
-0.106926
-0.0119263
0.118074
-0.144926
0.0810737
0.0240737
-0.104926
0.138074
-0.0799263
-0.0329263
0.131074
-0.143926
0.0550737
0.0350737
-0.114926
0.134074
-0.0879263
-0.0439263
0.139074
-0.141926
0.0630737
-0.0219263
