4.27273
0.151787
-0.1516
0.0684
0.0394
-0.1426
0.1414
-0.0696
-0.0496
0.1494
-0.1406
0.0304
0.0964
-0.1466
0.1344
-0.0546
-0.0636
0.1504
-0.1366
0.0244
0.1054
-0.1556
0.0944
0.0164
-0.1206
0.1424
-0.0766
-0.0516
0.1434
-0.1456
0.0564
0.0674
-0.1366
0.1284
-0.0646
-0.0556
0.1534
-0.1396
0.0324
0.0794
-0.1406
0.1094
-0.0226
-0.0866
0.1534
-0.1296
0.0044
0.0974
-0.1496
0.0994
-0.0046
-0.1096
0.1534
-0.1276
-0.0056
0.1114
-0.1516
0.1054
0.0044
-0.0886
0.1644
-0.1116
-0.0056
0.1154
-0.1516
0.0884
0.0354
-0.1226
0.1434
-0.0896
-0.0306
0.1324
-0.1476
0.0874
0.0424
-0.1256
0.1394
-0.0746
-0.0426
0.1404
-0.1456
0.0584
0.0464
-0.1256
0.1434
-0.0896
-0.0266
0.1274
-0.1506
0.0764
0.0324
-0.1216
0.1404
-0.0726
-0.0426
0.1434
-0.1436
0.0374
0.0684
-0.1406
0.1284
-0.0556
-0.0776
0.1494
-0.1416
0.0244
0.0854
-0.1426
0.1204
-0.0336
-0.0676
0.1464
-0.1336
0.0224
0.0904
-0.1506
0.1074
-0.0066
-0.0956
0.1484
-0.1116
0.0134
0.1024
-0.1496
0.1074
0.0064
-0.0986
0.1484
-0.1196
0.0594
