-0.100539
0.141078
0.00198947
0.101989
-0.142011
0.0979895
-0.0120105
-0.0920105
0.139989
-0.106011
-0.0290105
0.123989
-0.146011
0.0779895
0.0199895
-0.105011
0.136989
-0.101011
-0.0250105
0.123989
-0.140011
0.0359895
0.0709895
-0.132011
0.113989
-0.0200105
-0.0850105
0.138989
-0.120011
0.00798947
0.102989
-0.143011
0.0899895
0.0109895
-0.0970105
0.136989
-0.106011
-0.0100105
0.118989
-0.150011
0.0819895
0.0419895
-0.119011
0.127989
-0.0770105
-0.0320105
0.131989
-0.140011
0.0599895
0.0609895
-0.125011
0.123989
-0.0670105
-0.0370105
0.125989
-0.141011
0.0659895
0.0399895
-0.131011
0.131989
-0.0650105
-0.0510105
0.130989
-0.138011
0.0459895
0.0629895
-0.126011
0.115989
-0.0430105
-0.0660105
0.136989
-0.129011
0.0539895
0.0549895
-0.131011
0.115989
-0.0430105
-0.0660105
0.131989
-0.133011
0.0269895
0.0869895
-0.133011
0.118989
-0.0530105
-0.0510105
0.134989
-0.137011
0.0459895
0.0629895
-0.123011
0.124989
-0.0410105
-0.0680105
0.138989
-0.121011
0.0139895
0.0999895
-0.133011
0.0979895
-0.0100105
-0.0770105
0.139989
-0.111011
0.0149895
0.105989
-0.143011
0.0829895
-0.00101053
-0.100011
0.137989
-0.108011
-0.00201053
0.105989
-0.134011
0.0849895
0.0219895
-0.113011
0.129989
-0.0940105
-0.0290105
0.112989
-0.140011
0.0709895
0.0129895
-0.109011
0.131989
-0.0880105
-0.0370105
0.0839895
