0.60324
0.148487
0.118389
-0.0366105
-0.0686105
0.148389
-0.140611
0.0243895
0.0943895
-0.147611
0.0973895
-0.000610526
-0.112611
0.148389
-0.119611
0.00638947
0.112389
-0.146611
0.0943895
0.0133895
-0.118611
0.140389
-0.0716105
-0.0466105
0.148389
-0.139611
0.0313895
0.0913895
-0.148611
0.113389
-0.0356105
-0.0856105
0.149389
-0.120611
0.0133895
0.0993895
-0.149611
0.0963895
0.00338947
-0.0966105
0.149389
-0.0956105
-0.0266105
0.127389
-0.150611
0.0873895
0.0313895
-0.105611
0.142389
-0.0806105
-0.0356105
0.138389
-0.147611
0.0783895
0.0443895
-0.119611
0.145389
-0.0886105
-0.0286105
0.145389
-0.139611
0.0673895
0.0413895
-0.133611
0.137389
-0.0616105
-0.0516105
0.143389
-0.141611
0.0423895
0.0743895
-0.127611
0.143389
-0.0606105
-0.0546105
0.141389
-0.141611
0.0343895
0.0773895
-0.135611
0.120389
-0.0426105
-0.0696105
0.136389
-0.139611
0.0523895
0.0593895
-0.123611
0.133389
-0.0576105
-0.0506105
0.137389
-0.136611
0.0373895
0.0773895
-0.141611
0.116389
-0.0146105
-0.0816105
0.146389
-0.126611
0.0233895
0.109389
-0.143611
0.113389
0.00238947
-0.0936105
0.142389
-0.117611
0.00738947
0.0993895
-0.143611
0.0993895
0.00438947
-0.104611
0.141389
-0.0956105
-0.0116105
0.129389
-0.145611
0.0713895
0.0163895
-0.107611
0.141389
-0.107611
-0.0236105
0.129389
-0.149611
0.0833895
-0.0456105
