1.15628
0.148876
0.143
-0.093
-0.022
0.142
-0.151
0.07
0.05
-0.131
0.129
-0.046
-0.071
0.149
-0.144
0.048
0.066
-0.133
0.126
-0.04
-0.079
0.149
-0.117
-0.001
0.123
-0.148
0.072
0.049
-0.121
0.14
-0.087
-0.034
0.142
-0.146
0.063
0.05
-0.13
0.132
-0.059
-0.053
0.144
-0.13
0.031
0.087
-0.142
0.123
-0.023
-0.07
0.152
-0.122
0.02
0.11
-0.142
0.118
-0.016
-0.081
0.152
-0.137
0.012
0.097
-0.142
0.111
-0.024
-0.084
0.149
-0.121
0.001
0.115
-0.142
0.103
-0.005
-0.084
0.152
-0.126
0.009
0.105
-0.144
0.103
-0.007
-0.098
0.147
-0.104
0.002
0.109
-0.146
0.107
-0.021
-0.086
0.152
-0.118
0.018
0.099
-0.142
0.095
0.001
-0.111
0.141
-0.091
-0.017
0.129
-0.143
0.085
0.042
-0.118
0.143
-0.077
-0.035
0.141
-0.143
0.066
0.035
-0.12
0.135
-0.076
-0.041
0.138
-0.143
0.053
0.073
-0.128
0.123
-0.065
-0.048
0.139
-0.141
0.038
0.073
-0.139
0.133
-0.112
