3.36781
0.155041
-0.0617158
-0.0537158
0.151284
-0.150716
0.0572842
0.0812842
-0.143716
0.126284
-0.0217158
-0.0887158
0.159284
-0.130716
0.0252842
0.100284
-0.146716
0.120284
-0.0157158
-0.0987158
0.152284
-0.0957158
-0.0247158
0.139284
-0.152716
0.0562842
0.0722842
-0.143716
0.137284
-0.0597158
-0.0587158
0.155284
-0.143716
0.0342842
0.0912842
-0.145716
0.130284
-0.0247158
-0.0817158
0.151284
-0.135716
-0.00471579
0.114284
-0.158716
0.100284
-0.00571579
-0.104716
0.154284
-0.122716
-0.00971579
0.123284
-0.156716
0.0942842
-0.000715789
-0.111716
0.154284
-0.123716
0.00228421
0.131284
-0.140716
0.107284
0.0122842
-0.108716
0.147284
-0.108716
-0.0197158
0.140284
-0.148716
0.0752842
0.0402842
-0.122716
0.148284
-0.102716
-0.00871579
0.136284
-0.156716
0.0652842
0.0492842
-0.121716
0.144284
-0.0757158
-0.0417158
0.144284
-0.154716
0.0802842
0.0302842
-0.112716
0.148284
-0.101716
-0.0217158
0.130284
-0.154716
0.0712842
0.0532842
-0.122716
0.131284
-0.0667158
-0.0627158
0.153284
-0.145716
0.0482842
0.0692842
-0.142716
0.129284
-0.0537158
-0.0767158
0.152284
-0.136716
0.0372842
0.0892842
-0.140716
0.125284
-0.0377158
-0.0777158
0.153284
-0.137716
0.0152842
0.110284
-0.149716
0.118284
-0.00471579
-0.0837158
0.154284
-0.126716
0.0242842
0.112284
-0.152716
0.108284
-0.00471579
-0.0467158
