3.82024
0.153524
-0.123011
0.00498947
0.116989
-0.155011
0.103989
0.00898947
-0.107011
0.148989
-0.0870105
-0.0310105
0.145989
-0.155011
0.0809895
0.0279895
-0.126011
0.147989
-0.0840105
-0.0470105
0.147989
-0.140011
0.0319895
0.0989895
-0.148011
0.107989
-0.00101053
-0.112011
0.151989
-0.114011
-0.00601053
0.127989
-0.158011
0.0859895
0.0179895
-0.113011
0.149989
-0.0970105
-0.0270105
0.131989
-0.154011
0.0599895
0.0509895
-0.133011
0.145989
-0.0700105
-0.0580105
0.138989
-0.148011
0.0449895
0.0729895
-0.150011
0.132989
-0.0690105
-0.0620105
0.146989
-0.149011
0.0549895
0.0839895
-0.128011
0.143989
-0.0490105
-0.0610105
0.147989
-0.144011
0.0369895
0.101989
-0.150011
0.121989
-0.0280105
-0.0860105
0.151989
-0.139011
0.0429895
0.0939895
-0.152011
0.111989
-0.0250105
-0.0830105
0.153989
-0.125011
0.00798947
0.101989
-0.150011
0.119989
-0.0280105
-0.0750105
0.151989
-0.137011
0.0299895
0.0839895
-0.146011
0.111989
-0.0140105
-0.0860105
0.141989
-0.116011
-0.00701053
0.120989
-0.152011
0.0959895
0.000989474
-0.112011
0.147989
-0.103011
-0.0220105
0.128989
-0.151011
0.0889895
0.0249895
-0.107011
0.142989
-0.0960105
-0.0210105
0.131989
-0.149011
0.0649895
0.0569895
-0.131011
0.141989
-0.0710105
-0.0370105
0.133989
-0.149011
0.0709895
0.0609895
-0.135011
0.141989
-0.0720105
0.0159895
