2.81484
0.14472
0.0421263
-0.114874
0.145126
-0.0848737
-0.0248737
0.135126
-0.145874
0.0641263
0.0701263
-0.133874
0.125126
-0.0558737
-0.0488737
0.139126
-0.138874
0.0541263
0.0711263
-0.134874
0.120126
-0.00887368
-0.0838737
0.146126
-0.108874
-0.0178737
0.124126
-0.142874
0.0761263
0.0371263
-0.108874
0.138126
-0.0798737
-0.0368737
0.135126
-0.141874
0.0651263
0.0611263
-0.120874
0.131126
-0.0698737
-0.0628737
0.146126
-0.135874
0.0321263
0.0821263
-0.134874
0.130126
-0.0468737
-0.0718737
0.142126
-0.124874
0.0271263
0.0791263
-0.137874
0.115126
-0.0438737
-0.0708737
0.142126
-0.133874
0.0251263
0.0941263
-0.129874
0.114126
-0.0308737
-0.0728737
0.142126
-0.112874
0.0151263
0.103126
-0.139874
0.115126
-0.0388737
-0.0648737
0.144126
-0.124874
0.0141263
0.0911263
-0.142874
0.108126
-0.0128737
-0.0868737
0.140126
-0.120874
0.0251263
0.0911263
-0.131874
0.120126
-0.0298737
-0.0688737
0.143126
-0.126874
0.0171263
0.101126
-0.136874
0.0911263
0.00712632
-0.0968737
0.141126
-0.0998737
-0.0108737
0.110126
-0.143874
0.0881263
0.00712632
-0.106874
0.142126
-0.0918737
-0.0148737
0.127126
-0.140874
0.0831263
0.0261263
-0.113874
0.137126
-0.0838737
-0.0398737
0.132126
-0.136874
0.0701263
0.0591263
-0.116874
0.133126
-0.0798737
-0.0328737
0.128126
-0.138874
0.0661263
0.0601263
-0.0918737
