-0.60324
0.113673
0.0751579
0.0261579
-0.0918421
0.112158
-0.0778421
-0.0198421
0.101158
-0.109842
0.0781579
0.0151579
-0.0828421
0.113158
-0.0928421
-0.00584211
0.0911579
-0.113842
0.0771579
0.0151579
-0.0828421
0.112158
-0.0868421
-0.00684211
0.0871579
-0.114842
0.0871579
0.0121579
-0.0728421
0.115158
-0.0848421
-0.0108421
0.0891579
-0.113842
0.0781579
0.0141579
-0.0828421
0.109158
-0.0878421
-0.0138421
0.0841579
-0.113842
0.0861579
0.00615789
-0.0738421
0.115158
-0.0878421
-0.0118421
0.0961579
-0.113842
0.0761579
0.0141579
-0.0778421
0.112158
-0.0978421
-0.00484211
0.0841579
-0.112842
0.0801579
0.00515789
-0.0808421
0.112158
-0.0898421
0.00515789
0.0821579
-0.111842
0.0751579
0.0221579
-0.0778421
0.109158
-0.0788421
-0.0128421
0.0901579
-0.110842
0.0831579
0.00715789
-0.0698421
0.113158
-0.0878421
-0.00884211
0.0871579
-0.110842
0.0731579
0.00815789
-0.0748421
0.110158
-0.0928421
-0.000842105
0.0841579
-0.113842
0.0871579
0.00315789
-0.0668421
0.108158
-0.0868421
-0.00584211
0.0881579
-0.112842
0.0771579
0.0141579
-0.0658421
0.104158
-0.0918421
0.00315789
0.0781579
-0.112842
0.0861579
-0.000842105
-0.0668421
0.105158
-0.0938421
0.000157895
0.0751579
-0.105842
0.0861579
-0.00884211
-0.0558421
0.106158
-0.0878421
-0.00184211
0.0791579
-0.108842
0.0801579
-0.00484211
-0.0698421
0.106158
-0.0938421
-0.00784211
0.0861579
-0.114842
