-0.60324
0.109815
-0.0145474
0.105453
-0.116547
0.0534526
0.0294526
-0.0935474
0.111453
-0.0605474
-0.0115474
0.0974526
-0.116547
0.0594526
0.0174526
-0.0905474
0.110453
-0.0595474
-0.0165474
0.0944526
-0.111547
0.0584526
0.0244526
-0.0915474
0.112453
-0.0655474
-0.0145474
0.0944526
-0.110547
0.0584526
0.0254526
-0.0935474
0.108453
-0.0615474
-0.0175474
0.0984526
-0.109547
0.0554526
0.0114526
-0.0955474
0.106453
-0.0685474
-0.00954737
0.0934526
-0.115547
0.0594526
0.0234526
-0.0895474
0.103453
-0.0655474
-0.0145474
0.0954526
-0.114547
0.0574526
0.00845263
-0.0805474
0.111453
-0.0745474
-0.00654737
0.0944526
-0.107547
0.0674526
0.00245263
-0.0735474
0.105453
-0.0745474
-0.0165474
0.0994526
-0.111547
0.0514526
0.0174526
-0.0865474
0.111453
-0.0655474
-0.00654737
0.0924526
-0.112547
0.0634526
0.0154526
-0.0885474
0.105453
-0.0615474
-0.0135474
0.0914526
-0.111547
0.0594526
0.0104526
-0.0875474
0.104453
-0.0745474
-0.00454737
0.0864526
-0.111547
0.0604526
0.0144526
-0.0895474
0.103453
-0.0685474
-0.00554737
0.0934526
-0.106547
0.0694526
0.00545263
-0.0785474
0.109453
-0.0735474
0.00445263
0.0844526
-0.108547
0.0654526
-0.00254737
-0.0765474
0.108453
-0.0845474
0.00945263
0.0734526
-0.105547
0.0664526
-0.00254737
-0.0705474
0.103453
-0.0835474
0.00245263
0.0814526
-0.106547
0.0634526
-0.00754737
-0.0835474
0.114453
-0.0795474
