-1.35753
0.11451
-0.117463
0.0855368
-0.0224632
-0.0694632
0.115537
-0.0964632
0.0265368
0.0745368
-0.112463
0.0905368
-0.0434632
-0.0554632
0.113537
-0.103463
0.0305368
0.0665368
-0.108463
0.0945368
-0.0384632
-0.0684632
0.114537
-0.105463
0.0365368
0.0705368
-0.108463
0.0915368
-0.0484632
-0.0584632
0.111537
-0.106463
0.0315368
0.0695368
-0.105463
0.0925368
-0.0354632
-0.0624632
0.110537
-0.0994632
0.0415368
0.0665368
-0.0994632
0.0955368
-0.0444632
-0.0514632
0.113537
-0.101463
0.0255368
0.0615368
-0.107463
0.0915368
-0.0454632
-0.0564632
0.105537
-0.102463
0.0425368
0.0555368
-0.108463
0.0895368
-0.0434632
-0.0464632
0.103537
-0.108463
0.0445368
0.0485368
-0.103463
0.0875368
-0.0314632
-0.0634632
0.111537
-0.0974632
0.0275368
0.0665368
-0.104463
0.0915368
-0.0464632
-0.0594632
0.110537
-0.0984632
0.0265368
0.0705368
-0.111463
0.0845368
-0.0464632
-0.0554632
0.107537
-0.104463
0.0355368
0.0605368
-0.102463
0.0945368
-0.0464632
-0.0534632
0.106537
-0.101463
0.0325368
0.0645368
-0.0994632
0.0925368
-0.0524632
-0.0544632
0.107537
-0.104463
0.0395368
0.0535368
-0.0994632
0.0935368
-0.0504632
-0.0494632
0.101537
-0.103463
0.0425368
0.0485368
-0.0984632
0.100537
-0.0694632
-0.0434632
0.103537
-0.105463
0.0395368
0.0465368
-0.0994632
0.0985368
-0.0554632
-0.0484632
0.102537
-0.106463
0.0415368
0.0625368
