2.31213
0.109058
0.0870842
-0.108916
0.0730842
0.0150842
-0.0789158
0.115084
-0.0849158
-0.0129158
0.0770842
-0.109916
0.0810842
0.00608421
-0.0649158
0.110084
-0.0839158
-0.00191579
0.0830842
-0.111916
0.0780842
0.00908421
-0.0709158
0.110084
-0.0889158
0.00108421
0.0790842
-0.108916
0.0790842
0.00308421
-0.0689158
0.105084
-0.0789158
-0.00491579
0.0820842
-0.108916
0.0700842
0.00508421
-0.0669158
0.110084
-0.0859158
0.00308421
0.0700842
-0.109916
0.0810842
0.00308421
-0.0649158
0.109084
-0.0839158
-0.00191579
0.0750842
-0.106916
0.0820842
8.42105e-05
-0.0559158
0.111084
-0.0959158
0.00608421
0.0630842
-0.109916
0.0790842
-0.00891579
-0.0499158
0.113084
-0.0939158
0.0100842
0.0780842
-0.111916
0.0790842
0.0110842
-0.0659158
0.103084
-0.0869158
-0.000915789
0.0760842
-0.108916
0.0790842
-0.00291579
-0.0659158
0.106084
-0.0839158
-0.00191579
0.0800842
-0.108916
0.0790842
0.00608421
-0.0629158
0.105084
-0.0899158
0.0110842
0.0690842
-0.104916
0.0820842
-0.000915789
-0.0639158
0.105084
-0.0849158
8.42105e-05
0.0740842
-0.114916
0.0860842
-0.00691579
-0.0639158
0.108084
-0.0919158
0.0140842
0.0610842
-0.106916
0.0780842
-0.00391579
-0.0569158
0.110084
-0.0879158
0.0150842
0.0660842
-0.102916
0.0910842
-0.00891579
-0.0569158
0.105084
-0.0879158
0.0160842
0.0760842
-0.105916
0.0830842
-0.00391579
-0.0549158
0.113084
-0.0939158
0.00308421
