-1.05571
0.122417
-0.110326
0.110674
-0.0663263
-0.0463263
0.115674
-0.123326
0.0516737
0.0506737
-0.0993263
0.114674
-0.0733263
-0.0343263
0.108674
-0.124326
0.0626737
0.0456737
-0.107326
0.117674
-0.0693263
-0.0363263
0.111674
-0.118326
0.0666737
0.0386737
-0.102326
0.118674
-0.0823263
-0.0293263
0.111674
-0.120326
0.0556737
0.0416737
-0.0983263
0.116674
-0.0673263
-0.0273263
0.106674
-0.122326
0.0706737
0.0286737
-0.0953263
0.115674
-0.0833263
-0.0253263
0.108674
-0.122326
0.0646737
0.0266737
-0.0983263
0.118674
-0.0783263
-0.0273263
0.0976737
-0.129326
0.0806737
0.0186737
-0.0983263
0.109674
-0.0793263
-0.0223263
0.0896737
-0.123326
0.0736737
0.0236737
-0.101326
0.109674
-0.0673263
-0.0323263
0.104674
-0.118326
0.0656737
0.0306737
-0.0933263
0.117674
-0.0763263
-0.0253263
0.102674
-0.120326
0.0616737
0.0366737
-0.0993263
0.105674
-0.0843263
-0.0253263
0.0986737
-0.122326
0.0706737
0.0186737
-0.0883263
0.112674
-0.0813263
-0.0213263
0.107674
-0.121326
0.0576737
0.0346737
-0.0953263
0.112674
-0.0853263
-0.0183263
0.101674
-0.122326
0.0776737
0.0186737
-0.0843263
0.111674
-0.0863263
-0.0213263
0.0906737
-0.119326
0.0726737
0.0126737
-0.0903263
0.117674
-0.0903263
-0.0163263
0.100674
-0.120326
0.0736737
0.0166737
-0.0893263
0.118674
-0.0853263
-0.0173263
0.100674
-0.126326
0.0766737
0.0276737
