1.35753
0.113872
0.119558
-0.0614421
-0.0214421
0.105558
-0.114442
0.0555579
0.0235579
-0.0964421
0.119558
-0.0694421
-0.0164421
0.100558
-0.113442
0.0645579
0.0205579
-0.0954421
0.117558
-0.0684421
-0.0114421
0.101558
-0.115442
0.0585579
0.0195579
-0.0904421
0.113558
-0.0754421
-0.0124421
0.100558
-0.116442
0.0555579
0.0185579
-0.0904421
0.111558
-0.0694421
-0.0164421
0.102558
-0.112442
0.0555579
0.00955789
-0.0854421
0.114558
-0.0744421
-0.00944211
0.105558
-0.112442
0.0615579
0.0235579
-0.0914421
0.114558
-0.0734421
-0.00544211
0.103558
-0.112442
0.0685579
0.00655789
-0.0844421
0.110558
-0.0764421
-0.0124421
0.0945579
-0.110442
0.0725579
0.00755789
-0.0834421
0.111558
-0.0614421
-0.0144421
0.105558
-0.107442
0.0615579
0.0205579
-0.0874421
0.113558
-0.0704421
-0.00644211
0.100558
-0.118442
0.0585579
0.0215579
-0.0954421
0.107558
-0.0674421
-0.0144421
0.103558
-0.114442
0.0645579
0.0185579
-0.0804421
0.111558
-0.0744421
-0.00844211
0.0965579
-0.110442
0.0605579
0.0225579
-0.0864421
0.110558
-0.0684421
-0.00844211
0.0965579
-0.112442
0.0695579
0.0105579
-0.0794421
0.106558
-0.0764421
-0.00544211
0.0955579
-0.111442
0.0625579
-0.000442105
-0.0804421
0.115558
-0.0814421
0.0125579
0.0895579
-0.107442
0.0645579
0.00855789
-0.0824421
0.111558
-0.0754421
-0.00444211
0.0975579
-0.112442
0.0615579
0.0155579
-0.0934421
