1.60635
0.110586
0.111958
-0.0880421
0.00595789
0.0879579
-0.107042
0.0779579
-4.21053e-05
-0.0720421
0.116958
-0.0900421
0.0139579
0.0839579
-0.104042
0.0779579
-0.0130421
-0.0720421
0.110958
-0.0860421
0.0159579
0.0839579
-0.104042
0.0779579
-0.0150421
-0.0690421
0.109958
-0.0910421
0.0229579
0.0829579
-0.106042
0.0809579
-0.0150421
-0.0700421
0.109958
-0.0890421
0.0139579
0.0819579
-0.107042
0.0779579
-0.0280421
-0.0610421
0.112958
-0.0940421
0.0229579
0.0779579
-0.110042
0.0839579
-0.0150421
-0.0640421
0.108958
-0.0950421
0.0239579
0.0759579
-0.0980421
0.0879579
-0.0380421
-0.0660421
0.104958
-0.100042
0.0149579
0.0729579
-0.0970421
0.0889579
-0.0300421
-0.0600421
0.108958
-0.0800421
0.0159579
0.0849579
-0.103042
0.0789579
-0.0100421
-0.0680421
0.111958
-0.0880421
0.0169579
0.0769579
-0.110042
0.0719579
-0.0100421
-0.0700421
0.103958
-0.0870421
0.0129579
0.0799579
-0.104042
0.0859579
-0.0170421
-0.0590421
0.109958
-0.0880421
0.0149579
0.0779579
-0.103042
0.0759579
-0.0150421
-0.0710421
0.109958
-0.0910421
0.0219579
0.0749579
-0.102042
0.0829579
-0.0200421
-0.0570421
0.107958
-0.0850421
0.0269579
0.0759579
-0.0990421
0.0799579
-0.0280421
-0.0600421
0.115958
-0.0940421
0.0369579
0.0739579
-0.104042
0.0829579
-0.0190421
-0.0630421
0.105958
-0.0930421
0.0209579
0.0719579
-0.105042
0.0789579
-0.0160421
-0.0700421
