-0.0502695
0.108469
-0.00157895
0.0954211
-0.111579
0.0614211
0.00742105
-0.0825789
0.108421
-0.0735789
0.00742105
0.0924211
-0.113579
0.0734211
-0.00557895
-0.0735789
0.110421
-0.0735789
0.00142105
0.0854211
-0.112579
0.0674211
0.0124211
-0.0845789
0.105421
-0.0795789
0.00842105
0.0854211
-0.107579
0.0694211
-0.00257895
-0.0825789
0.108421
-0.0755789
-0.000578947
0.0904211
-0.108579
0.0674211
-0.00557895
-0.0795789
0.113421
-0.0805789
0.00642105
0.0844211
-0.107579
0.0674211
0.00142105
-0.0815789
0.106421
-0.0785789
0.000421053
0.0864211
-0.107579
0.0664211
-0.0175789
-0.0725789
0.110421
-0.0875789
0.00542105
0.0844211
-0.0985789
0.0754211
-0.0105789
-0.0655789
0.104421
-0.0835789
0.00342105
0.0904211
-0.104579
0.0604211
0.00342105
-0.0835789
0.105421
-0.0705789
-0.000578947
0.0834211
-0.110579
0.0674211
-0.00357895
-0.0765789
0.106421
-0.0725789
-0.000578947
0.0894211
-0.107579
0.0664211
-0.00757895
-0.0745789
0.109421
-0.0835789
0.0104211
0.0814211
-0.103579
0.0684211
-0.00257895
-0.0785789
0.105421
-0.0755789
0.00842105
0.0784211
-0.105579
0.0754211
-0.00757895
-0.0635789
0.108421
-0.0845789
0.0174211
0.0764211
-0.103579
0.0734211
-0.0125789
-0.0745789
0.103421
-0.0845789
0.0114211
0.0634211
-0.0985789
0.0724211
-0.0115789
-0.0665789
0.106421
-0.0885789
0.00742105
0.0704211
-0.0995789
0.0734211
-0.0215789
-0.0715789
0.112421
-0.0875789
