0.452428
0.113288
0.0579895
0.0489895
-0.0990105
0.103989
-0.0640105
-0.0340105
0.104989
-0.110011
0.0649895
0.0359895
-0.0890105
0.109989
-0.0730105
-0.0260105
0.103989
-0.111011
0.0609895
0.0369895
-0.0920105
0.106989
-0.0650105
-0.0300105
0.101989
-0.116011
0.0579895
0.0359895
-0.0870105
0.107989
-0.0700105
-0.0340105
0.105989
-0.113011
0.0529895
0.0439895
-0.0970105
0.109989
-0.0690105
-0.0380105
0.0959895
-0.111011
0.0649895
0.0299895
-0.0880105
0.106989
-0.0630105
-0.0300105
0.110989
-0.110011
0.0579895
0.0349895
-0.0870105
0.103989
-0.0810105
-0.0250105
0.0889895
-0.116011
0.0599895
0.0229895
-0.0920105
0.107989
-0.0750105
-0.00801053
0.0969895
-0.113011
0.0509895
0.0549895
-0.0950105
0.103989
-0.0560105
-0.0330105
0.103989
-0.115011
0.0549895
0.0379895
-0.0880105
0.102989
-0.0710105
-0.0280105
0.0989895
-0.110011
0.0539895
0.0449895
-0.0920105
0.103989
-0.0700105
-0.0260105
0.0979895
-0.114011
0.0669895
0.0269895
-0.0850105
0.112989
-0.0640105
-0.0280105
0.103989
-0.107011
0.0519895
0.0409895
-0.0840105
0.104989
-0.0700105
-0.0210105
0.0959895
-0.110011
0.0639895
0.0269895
-0.0780105
0.104989
-0.0720105
-0.0200105
0.0959895
-0.108011
0.0709895
0.0139895
-0.0810105
0.105989
-0.0760105
-0.0220105
0.0909895
-0.109011
0.0619895
0.0169895
-0.0780105
0.104989
-0.0810105
-0.0200105
0.0939895
-0.115011
