4.47395
0.114909
-0.124632
0.0503684
0.0333684
-0.101632
0.115368
-0.0616316
-0.0236316
0.110368
-0.117632
0.0623684
0.0203684
-0.0926316
0.114368
-0.0716316
-0.0156316
0.0983684
-0.123632
0.0583684
0.0173684
-0.0976316
0.110368
-0.0686316
-0.0176316
0.0993684
-0.115632
0.0573684
0.0173684
-0.0966316
0.113368
-0.0586316
-0.0226316
0.101368
-0.114632
0.0543684
0.0263684
-0.0966316
0.117368
-0.0606316
-0.0126316
0.100368
-0.122632
0.0593684
0.0153684
-0.0926316
0.114368
-0.0666316
-0.0236316
0.0973684
-0.117632
0.0603684
0.0133684
-0.0916316
0.116368
-0.0776316
-0.00363158
0.0893684
-0.121632
0.0553684
0.0163684
-0.0876316
0.108368
-0.0826316
-0.00463158
0.0903684
-0.115632
0.0483684
0.0223684
-0.0916316
0.105368
-0.0636316
-0.0246316
0.0973684
-0.117632
0.0553684
0.0143684
-0.0846316
0.112368
-0.0636316
-0.00963158
0.101368
-0.116632
0.0543684
0.0153684
-0.0936316
0.111368
-0.0716316
-0.0136316
0.0853684
-0.116632
0.0653684
0.00736842
-0.0866316
0.110368
-0.0666316
-0.0196316
0.0973684
-0.113632
0.0583684
0.00536842
-0.0876316
0.111368
-0.0826316
-0.00263158
0.0893684
-0.112632
0.0653684
-0.000631579
-0.0846316
0.111368
-0.0726316
0.00136842
0.0863684
-0.115632
0.0703684
-0.0106316
-0.0856316
0.111368
-0.0776316
-0.00163158
0.0893684
-0.116632
0.0703684
0.000368421
-0.0846316
0.112368
-0.0726316
-0.00463158
0.100368
