2.66403
0.115295
0.0525895
-0.117411
0.100589
-0.0314105
-0.0524105
0.116589
-0.112411
0.0265895
0.0415895
-0.114411
0.105589
-0.0404105
-0.0364105
0.111589
-0.115411
0.0275895
0.0525895
-0.114411
0.105589
-0.0404105
-0.0414105
0.113589
-0.116411
0.0365895
0.0395895
-0.108411
0.106589
-0.0384105
-0.0394105
0.111589
-0.111411
0.0335895
0.0535895
-0.113411
0.102589
-0.0384105
-0.0304105
0.113589
-0.112411
0.0405895
0.0405895
-0.103411
0.108589
-0.0414105
-0.0444105
0.110589
-0.108411
0.0355895
0.0425895
-0.111411
0.106589
-0.0334105
-0.0274105
0.109589
-0.117411
0.0375895
0.0455895
-0.0904105
0.115589
-0.0384105
-0.0234105
0.0985895
-0.113411
0.0515895
0.0505895
-0.108411
0.106589
-0.0254105
-0.0434105
0.118589
-0.100411
0.0275895
0.0635895
-0.111411
0.0925895
-0.0264105
-0.0484105
0.114589
-0.105411
0.0175895
0.0625895
-0.112411
0.100589
-0.0204105
-0.0444105
0.112589
-0.105411
0.0255895
0.0525895
-0.106411
0.0985895
-0.0244105
-0.0514105
0.114589
-0.107411
0.0175895
0.0595895
-0.110411
0.102589
-0.0304105
-0.0474105
0.111589
-0.109411
0.0305895
0.0485895
-0.103411
0.101589
-0.0334105
-0.0424105
0.111589
-0.105411
0.0295895
0.0485895
-0.102411
0.105589
-0.0414105
-0.0474105
0.107589
-0.106411
0.0295895
0.0525895
-0.109411
0.0985895
-0.0294105
-0.0404105
0.120589
-0.109411
0.0245895
