2.96565
0.109305
0.0330316
-0.100968
0.110032
-0.0549684
-0.0239684
0.107032
-0.114968
0.0430316
0.0240316
-0.0979684
0.105032
-0.0609684
-0.0109684
0.104032
-0.111968
0.0510316
0.0240316
-0.0979684
0.107032
-0.0629684
-0.0189684
0.102032
-0.111968
0.0560316
0.0190316
-0.0899684
0.109032
-0.0619684
-0.0139684
0.103032
-0.109968
0.0520316
0.0290316
-0.0909684
0.111032
-0.0589684
-0.00896842
0.103032
-0.108968
0.0540316
0.00803158
-0.0859684
0.112032
-0.0639684
-0.0189684
0.0950316
-0.109968
0.0530316
0.0200316
-0.0919684
0.105032
-0.0559684
-0.00996842
0.0970316
-0.108968
0.0540316
0.0140316
-0.0919684
0.104032
-0.0579684
-0.0139684
0.0910316
-0.108968
0.0560316
0.0310316
-0.0949684
0.104032
-0.0489684
-0.0169684
0.102032
-0.111968
0.0490316
0.0200316
-0.0879684
0.104032
-0.0609684
-0.0189684
0.0980316
-0.107968
0.0440316
0.0260316
-0.0939684
0.102032
-0.0479684
-0.0149684
0.0980316
-0.108968
0.0530316
0.0130316
-0.0879684
0.106032
-0.0569684
-0.0219684
0.103032
-0.105968
0.0420316
0.0250316
-0.0919684
0.106032
-0.0619684
-0.0169684
0.0940316
-0.106968
0.0510316
0.0140316
-0.0879684
0.103032
-0.0549684
-0.0199684
0.0970316
-0.106968
0.0500316
0.0140316
-0.0869684
0.112032
-0.0619684
-0.0179684
0.0930316
-0.107968
0.0540316
0.0230316
-0.0879684
0.102032
-0.0579684
-0.0169684
0.102032
-0.113968
0.0450316
