1.65787
0.11672
0.119989
-0.0950105
0.0159895
0.0909895
-0.122011
0.0859895
-0.0150105
-0.0750105
0.123989
-0.100011
0.0199895
0.0839895
-0.116011
0.0869895
-0.0240105
-0.0740105
0.118989
-0.0970105
0.0179895
0.0829895
-0.111011
0.0849895
-0.0230105
-0.0700105
0.119989
-0.0990105
0.0249895
0.0819895
-0.114011
0.0829895
-0.0220105
-0.0700105
0.120989
-0.0970105
0.0149895
0.0829895
-0.111011
0.0809895
-0.0290105
-0.0680105
0.115989
-0.101011
0.0249895
0.0809895
-0.115011
0.0819895
-0.0160105
-0.0700105
0.117989
-0.0980105
0.0249895
0.0799895
-0.106011
0.0909895
-0.0410105
-0.0640105
0.120989
-0.0940105
0.0329895
0.0799895
-0.105011
0.0949895
-0.0380105
-0.0500105
0.123989
-0.0910105
0.0139895
0.0829895
-0.114011
0.0869895
-0.0110105
-0.0680105
0.117989
-0.0930105
0.0169895
0.0849895
-0.113011
0.0839895
-0.00801053
-0.0730105
0.120989
-0.0840105
0.0189895
0.0839895
-0.111011
0.0839895
-0.0210105
-0.0650105
0.110989
-0.0980105
0.0219895
0.0759895
-0.113011
0.0819895
-0.0150105
-0.0720105
0.112989
-0.0910105
0.0249895
0.0799895
-0.108011
0.0889895
-0.0200105
-0.0600105
0.117989
-0.0940105
0.0309895
0.0769895
-0.106011
0.0859895
-0.0360105
-0.0580105
0.117989
-0.105011
0.0419895
0.0679895
-0.110011
0.0859895
-0.0310105
-0.0560105
0.114989
-0.0920105
0.0279895
0.0769895
-0.108011
0.0879895
-0.0280105
-0.0680105
