3.87051
0.115845
-0.0928211
-0.0198211
0.0991789
-0.122821
0.0741789
0.0201789
-0.0868211
0.114179
-0.0918211
-0.0108211
0.0861789
-0.119821
0.0801789
0.00917895
-0.0758211
0.116179
-0.0858211
-0.0128211
0.0931789
-0.116821
0.0751789
0.00917895
-0.0798211
0.117179
-0.0898211
-0.00782105
0.0871789
-0.115821
0.0771789
0.0141789
-0.0778211
0.111179
-0.0898211
-0.00582105
0.0901789
-0.118821
0.0841789
0.0131789
-0.0698211
0.112179
-0.100821
0.00317895
0.0831789
-0.121821
0.0821789
0.00617895
-0.0778211
0.115179
-0.0938211
-0.00282105
0.0801789
-0.118821
0.0861789
-0.00682105
-0.0698211
0.113179
-0.100821
-0.00182105
0.0821789
-0.114821
0.0871789
-0.0148211
-0.0638211
0.113179
-0.0858211
-0.0128211
0.0961789
-0.116821
0.0721789
0.00817895
-0.0778211
0.109179
-0.0918211
-0.00582105
0.0801789
-0.118821
0.0761789
0.00217895
-0.0768211
0.112179
-0.0948211
-0.00982105
0.0801789
-0.116821
0.0851789
0.000178947
-0.0728211
0.113179
-0.0948211
0.00517895
0.0801789
-0.116821
0.0771789
0.00817895
-0.0718211
0.110179
-0.0948211
-0.00282105
0.0711789
-0.117821
0.0841789
-0.0158211
-0.0658211
0.114179
-0.0998211
0.00617895
0.0691789
-0.113821
0.0921789
-0.00982105
-0.0578211
0.112179
-0.102821
0.0181789
0.0561789
-0.112821
0.0811789
-0.0108211
-0.0658211
0.109179
-0.100821
0.00717895
0.0721789
-0.118821
0.0891789
-0.000821053
-0.0678211
0.121179
