-1.05571
0.120675
-0.101484
0.112516
-0.0584842
-0.0464842
0.110516
-0.122484
0.0555158
0.0495158
-0.0974842
0.114516
-0.0784842
-0.0324842
0.109516
-0.123484
0.0695158
0.0415158
-0.0954842
0.114516
-0.0724842
-0.0314842
0.110516
-0.123484
0.0665158
0.0365158
-0.0954842
0.113516
-0.0814842
-0.0314842
0.108516
-0.119484
0.0595158
0.0375158
-0.0994842
0.111516
-0.0704842
-0.0314842
0.102516
-0.121484
0.0725158
0.0305158
-0.0884842
0.116516
-0.0824842
-0.0204842
0.104516
-0.121484
0.0595158
0.0265158
-0.0934842
0.113516
-0.0814842
-0.0294842
0.0925158
-0.119484
0.0765158
0.0185158
-0.0944842
0.106516
-0.0814842
-0.0194842
0.0905158
-0.120484
0.0745158
0.0125158
-0.0924842
0.109516
-0.0714842
-0.0334842
0.104516
-0.115484
0.0625158
0.0295158
-0.0914842
0.109516
-0.0824842
-0.0244842
0.0955158
-0.123484
0.0615158
0.0325158
-0.0944842
0.111516
-0.0814842
-0.0224842
0.0985158
-0.119484
0.0745158
0.0185158
-0.0754842
0.115516
-0.0814842
-0.0174842
0.0965158
-0.118484
0.0675158
0.0245158
-0.0844842
0.112516
-0.0894842
-0.0144842
0.0905158
-0.123484
0.0785158
0.00951579
-0.0814842
0.112516
-0.0904842
-0.0124842
0.0835158
-0.117484
0.0745158
0.00851579
-0.0804842
0.118516
-0.0974842
-0.00648421
0.0885158
-0.115484
0.0805158
0.00751579
-0.0824842
0.114516
-0.0894842
-0.0134842
0.0845158
-0.124484
0.0815158
0.0165158
