0.301617
0.112452
0.0340737
0.0690737
-0.106926
0.0960737
-0.0369263
-0.0549263
0.117074
-0.102926
0.0420737
0.0620737
-0.100926
0.100074
-0.0489263
-0.0409263
0.114074
-0.109926
0.0440737
0.0550737
-0.0999263
0.0990737
-0.0409263
-0.0489263
0.110074
-0.105926
0.0400737
0.0580737
-0.0989263
0.0950737
-0.0479263
-0.0489263
0.113074
-0.104926
0.0340737
0.0640737
-0.105926
0.0960737
-0.0479263
-0.0539263
0.106074
-0.104926
0.0420737
0.0500737
-0.0949263
0.0970737
-0.0479263
-0.0479263
0.115074
-0.103926
0.0350737
0.0590737
-0.0979263
0.0920737
-0.0609263
-0.0389263
0.107074
-0.109926
0.0430737
0.0440737
-0.0999263
0.0990737
-0.0589263
-0.0269263
0.0990737
-0.108926
0.0340737
0.0670737
-0.102926
0.0890737
-0.0379263
-0.0489263
0.109074
-0.102926
0.0380737
0.0590737
-0.103926
0.0960737
-0.0549263
-0.0459263
0.105074
-0.100926
0.0370737
0.0600737
-0.101926
0.0920737
-0.0549263
-0.0389263
0.108074
-0.108926
0.0520737
0.0490737
-0.0969263
0.0980737
-0.0449263
-0.0449263
0.107074
-0.100926
0.0400737
0.0550737
-0.0939263
0.0990737
-0.0549263
-0.0309263
0.105074
-0.108926
0.0510737
0.0460737
-0.0859263
0.0990737
-0.0549263
-0.0349263
0.105074
-0.106926
0.0460737
0.0430737
-0.0839263
0.102074
-0.0469263
-0.0389263
0.105074
-0.107926
0.0420737
0.0470737
-0.0959263
0.0950737
-0.0569263
-0.0479263
0.115074
-0.106926
