2.96565
0.112142
0.0167579
-0.0962421
0.114758
-0.0672421
-0.0132421
0.100758
-0.116242
0.0587579
0.00575789
-0.0832421
0.114758
-0.0772421
-0.00224211
0.0967579
-0.116242
0.0587579
0.0127579
-0.0862421
0.109758
-0.0762421
-0.00724211
0.0997579
-0.112242
0.0667579
0.00375789
-0.0882421
0.114758
-0.0752421
-0.00724211
0.101758
-0.113242
0.0627579
0.00875789
-0.0842421
0.113758
-0.0742421
0.00375789
0.0977579
-0.116242
0.0637579
-0.00524211
-0.0762421
0.114758
-0.0732421
-0.00324211
0.0917579
-0.113242
0.0657579
0.0107579
-0.0882421
0.109758
-0.0742421
0.00875789
0.0887579
-0.111242
0.0707579
-0.00924211
-0.0812421
0.109758
-0.0802421
0.0117579
0.0777579
-0.108242
0.0707579
0.00675789
-0.0882421
0.109758
-0.0582421
-0.00824211
0.0997579
-0.114242
0.0587579
0.0107579
-0.0822421
0.109758
-0.0782421
-0.000242105
0.0917579
-0.113242
0.0567579
0.0117579
-0.0862421
0.109758
-0.0762421
0.000757895
0.0887579
-0.115242
0.0707579
-0.00624211
-0.0782421
0.113758
-0.0812421
-0.00624211
0.0977579
-0.109242
0.0597579
0.00775789
-0.0882421
0.107758
-0.0812421
-0.00324211
0.0837579
-0.111242
0.0687579
-0.00124211
-0.0782421
0.111758
-0.0782421
0.00575789
0.0867579
-0.111242
0.0687579
-0.00824211
-0.0732421
0.115758
-0.0792421
-0.00124211
0.0927579
-0.113242
0.0737579
0.000757895
-0.0722421
0.105758
-0.0762421
0.00175789
0.0947579
-0.114242
0.0687579
