-1.25688
0.104926
-0.103495
0.0875053
-0.0464947
-0.0524947
0.107505
-0.0974947
0.0335053
0.0635053
-0.0904947
0.0925053
-0.0454947
-0.0424947
0.100505
-0.103495
0.0335053
0.0615053
-0.0964947
0.0915053
-0.0444947
-0.0444947
0.101505
-0.0984947
0.0415053
0.0535053
-0.0924947
0.0915053
-0.0524947
-0.0424947
0.100505
-0.0964947
0.0345053
0.0515053
-0.0944947
0.0895053
-0.0464947
-0.0414947
0.0985053
-0.0984947
0.0435053
0.0455053
-0.0834947
0.0935053
-0.0544947
-0.0404947
0.100505
-0.100495
0.0345053
0.0495053
-0.0914947
0.0925053
-0.0554947
-0.0394947
0.0955053
-0.104495
0.0465053
0.0375053
-0.0914947
0.0945053
-0.0514947
-0.0254947
0.0885053
-0.104495
0.0455053
0.0355053
-0.0934947
0.0895053
-0.0524947
-0.0424947
0.0925053
-0.0974947
0.0405053
0.0465053
-0.0884947
0.0885053
-0.0614947
-0.0304947
0.0925053
-0.101495
0.0385053
0.0425053
-0.0884947
0.0875053
-0.0574947
-0.0424947
0.0905053
-0.101495
0.0445053
0.0335053
-0.0854947
0.0925053
-0.0574947
-0.0304947
0.0955053
-0.0964947
0.0405053
0.0455053
-0.0884947
0.0855053
-0.0654947
-0.0314947
0.0895053
-0.106495
0.0515053
0.0315053
-0.0844947
0.0905053
-0.0624947
-0.0354947
0.0875053
-0.102495
0.0465053
0.0365053
-0.0834947
0.0925053
-0.0694947
-0.0274947
0.0935053
-0.0984947
0.0495053
0.0335053
-0.0884947
0.0925053
-0.0584947
-0.0364947
0.0915053
-0.104495
0.0395053
0.0475053
