0.904879
0.11394
0.0876
0.0036
-0.0724
0.1176
-0.0924
0.0066
0.0806
-0.1184
0.0946
-0.0104
-0.0634
0.1116
-0.1024
0.0156
0.0736
-0.1144
0.0926
-0.0154
-0.0604
0.1166
-0.0984
0.0126
0.0686
-0.1164
0.0966
-0.0154
-0.0524
0.1156
-0.0994
0.0106
0.0696
-0.1134
0.0946
-0.0184
-0.0614
0.1166
-0.1054
0.0106
0.0586
-0.1144
0.1016
-0.0284
-0.0484
0.1166
-0.1014
0.0136
0.0736
-0.1114
0.0936
-0.0224
-0.0524
0.1146
-0.1084
0.0226
0.0496
-0.1114
0.1036
-0.0144
-0.0414
0.1176
-0.1054
0.0326
0.0536
-0.1044
0.1006
-0.0084
-0.0624
0.1116
-0.1024
0.0116
0.0726
-0.1084
0.0926
-0.0174
-0.0604
0.1146
-0.0984
0.0126
0.0706
-0.1104
0.0916
-0.0024
-0.0584
0.1146
-0.0984
0.0156
0.0646
-0.1094
0.0976
-0.0214
-0.0574
0.1116
-0.0954
0.0096
0.0666
-0.1134
0.0916
-0.0154
-0.0514
0.1146
-0.1004
0.0226
0.0646
-0.1054
0.0936
-0.0164
-0.0484
0.1146
-0.1024
0.0156
0.0496
-0.1064
0.0996
-0.0334
-0.0304
0.1116
-0.0964
0.0176
0.0576
-0.1084
0.0966
-0.0274
-0.0514
0.1086
-0.1084
0.0176
0.0576
-0.1144
