-1.56996
0.115721
-0.120421
0.0795789
0.000578947
-0.0904211
0.118579
-0.0924211
0.00457895
0.0895789
-0.112421
0.0825789
-0.0144211
-0.0754211
0.115579
-0.0984211
0.0105789
0.0855789
-0.119421
0.0785789
-0.0164211
-0.0854211
0.115579
-0.0884211
0.0115789
0.0865789
-0.113421
0.0815789
-0.0174211
-0.0774211
0.114579
-0.0864211
0.00657895
0.0875789
-0.120421
0.0775789
-0.00642105
-0.0734211
0.112579
-0.0894211
0.0135789
0.0855789
-0.112421
0.0815789
-0.0184211
-0.0754211
0.116579
-0.0914211
0.00857895
0.0845789
-0.115421
0.0795789
-0.0134211
-0.0784211
0.114579
-0.0964211
0.0155789
0.0745789
-0.118421
0.0725789
-0.0114211
-0.0714211
0.110579
-0.100421
0.0135789
0.0745789
-0.115421
0.0715789
-0.00142105
-0.0844211
0.115579
-0.0814211
-0.000421053
0.0875789
-0.113421
0.0715789
-0.00142105
-0.0844211
0.115579
-0.0804211
0.000578947
0.0915789
-0.113421
0.0665789
0.000578947
-0.0834211
0.113579
-0.0904211
0.00857895
0.0835789
-0.111421
0.0805789
-0.00642105
-0.0784211
0.108579
-0.0834211
0.000578947
0.0875789
-0.114421
0.0715789
-0.0144211
-0.0774211
0.113579
-0.0894211
0.00557895
0.0755789
-0.114421
0.0765789
-0.0144211
-0.0744211
0.104579
-0.0894211
0.0155789
0.0775789
-0.112421
0.0835789
-0.0344211
-0.0694211
0.109579
-0.0934211
0.0105789
0.0755789
-0.113421
0.0795789
-0.0154211
-0.0734211
0.111579
-0.0944211
0.00857895
0.0885789
