-0.502698
0.11581
-0.0608526
0.121147
-0.106853
0.0151474
0.0691474
-0.113853
0.0941474
-0.0188526
-0.0488526
0.117147
-0.108853
0.0251474
0.0591474
-0.107853
0.0961474
-0.0208526
-0.0558526
0.118147
-0.108853
0.00514737
0.0661474
-0.113853
0.0981474
-0.0298526
-0.0558526
0.116147
-0.104853
0.0231474
0.0641474
-0.111853
0.0971474
-0.0198526
-0.0578526
0.121147
-0.104853
0.0201474
0.0581474
-0.114853
0.103147
-0.0318526
-0.0418526
0.113147
-0.107853
0.0221474
0.0631474
-0.110853
0.0971474
-0.0268526
-0.0508526
0.117147
-0.106853
0.0251474
0.0461474
-0.110853
0.105147
-0.0418526
-0.0508526
0.108147
-0.105853
0.0321474
0.0441474
-0.101853
0.101147
-0.0438526
-0.0548526
0.115147
-0.101853
0.0161474
0.0641474
-0.113853
0.0891474
-0.0208526
-0.0558526
0.114147
-0.102853
0.0191474
0.0611474
-0.109853
0.0901474
-0.0168526
-0.0558526
0.111147
-0.101853
0.0211474
0.0611474
-0.111853
0.0921474
-0.0358526
-0.0488526
0.113147
-0.105853
0.0251474
0.0601474
-0.111853
0.0921474
-0.0228526
-0.0488526
0.116147
-0.106853
0.0241474
0.0611474
-0.104853
0.101147
-0.0408526
-0.0438526
0.108147
-0.102853
0.0291474
0.0501474
-0.106853
0.101147
-0.0368526
-0.0448526
0.106147
-0.107853
0.0311474
0.0601474
-0.104853
0.103147
-0.0388526
-0.0498526
0.113147
-0.101853
0.0261474
0.0531474
-0.116853
0.101147
-0.0278526
