4.02133
0.112227
-0.105811
0.00918947
0.0731895
-0.112811
0.0911895
-0.0108105
-0.0678105
0.117189
-0.103811
0.0121895
0.0621895
-0.116811
0.0981895
-0.0248105
-0.0568105
0.110189
-0.104811
0.0201895
0.0601895
-0.108811
0.0881895
-0.0198105
-0.0538105
0.114189
-0.101811
0.0191895
0.0551895
-0.111811
0.0921895
-0.0208105
-0.0598105
0.113189
-0.106811
0.0201895
0.0661895
-0.109811
0.0951895
-0.0218105
-0.0458105
0.115189
-0.102811
0.0251895
0.0541895
-0.110811
0.0961895
-0.0328105
-0.0568105
0.110189
-0.103811
0.0231895
0.0521895
-0.114811
0.104189
-0.0398105
-0.0398105
0.109189
-0.110811
0.0271895
0.0631895
-0.102811
0.101189
-0.0478105
-0.0448105
0.108189
-0.0958105
0.0181895
0.0611895
-0.109811
0.0911895
-0.0258105
-0.0528105
0.111189
-0.104811
0.0211895
0.0521895
-0.104811
0.0951895
-0.0278105
-0.0518105
0.109189
-0.100811
0.0201895
0.0551895
-0.108811
0.0971895
-0.0338105
-0.0478105
0.105189
-0.103811
0.0311895
0.0471895
-0.106811
0.0981895
-0.0378105
-0.0468105
0.106189
-0.105811
0.0211895
0.0391895
-0.108811
0.0961895
-0.0448105
-0.0438105
0.105189
-0.104811
0.0321895
0.0411895
-0.106811
0.0931895
-0.0408105
-0.0378105
0.103189
-0.109811
0.0421895
0.0301895
-0.103811
0.0951895
-0.0408105
-0.0438105
0.103189
-0.106811
0.0311895
0.0391895
-0.105811
0.0981895
-0.0388105
-0.0448105
0.114189
