4.17217
0.11824
-0.113516
0.0194842
0.0704842
-0.119516
0.100484
-0.0245158
-0.0555158
0.115484
-0.114516
0.0294842
0.0574842
-0.115516
0.108484
-0.0355158
-0.0485158
0.116484
-0.114516
0.0254842
0.0584842
-0.112516
0.101484
-0.0315158
-0.0475158
0.111484
-0.116516
0.0334842
0.0444842
-0.109516
0.107484
-0.0275158
-0.0535158
0.111484
-0.114516
0.0264842
0.0554842
-0.111516
0.108484
-0.0325158
-0.0405158
0.113484
-0.117516
0.0334842
0.0524842
-0.108516
0.110484
-0.0335158
-0.0535158
0.113484
-0.113516
0.0314842
0.0484842
-0.115516
0.109484
-0.0425158
-0.0415158
0.112484
-0.121516
0.0234842
0.0554842
-0.108516
0.106484
-0.0515158
-0.0395158
0.107484
-0.110516
0.0184842
0.0664842
-0.113516
0.0964842
-0.0215158
-0.0545158
0.110484
-0.108516
0.0274842
0.0514842
-0.112516
0.101484
-0.0345158
-0.0515158
0.107484
-0.111516
0.0224842
0.0574842
-0.113516
0.104484
-0.0415158
-0.0435158
0.108484
-0.115516
0.0374842
0.0484842
-0.103516
0.102484
-0.0315158
-0.0525158
0.111484
-0.114516
0.0224842
0.0454842
-0.108516
0.103484
-0.0455158
-0.0385158
0.106484
-0.116516
0.0344842
0.0434842
-0.105516
0.103484
-0.0455158
-0.0365158
0.109484
-0.119516
0.0494842
0.0334842
-0.103516
0.108484
-0.0475158
-0.0325158
0.104484
-0.111516
0.0454842
0.0314842
-0.108516
0.108484
-0.0465158
-0.0405158
0.115484
