0.251348
0.117241
0.0217789
0.0847789
-0.113221
0.0877789
-0.0192211
-0.0732211
0.121779
-0.0942211
0.0337789
0.0737789
-0.112221
0.0967789
-0.0462211
-0.0622211
0.122779
-0.103221
0.0297789
0.0727789
-0.114221
0.0927789
-0.0362211
-0.0622211
0.113779
-0.104221
0.0297789
0.0717789
-0.105221
0.0997789
-0.0342211
-0.0642211
0.119779
-0.0982211
0.0307789
0.0747789
-0.108221
0.0947789
-0.0402211
-0.0652211
0.114779
-0.111221
0.0337789
0.0637789
-0.110221
0.0947789
-0.0312211
-0.0622211
0.119779
-0.0972211
0.0287789
0.0697789
-0.106221
0.0907789
-0.0492211
-0.0562211
0.111779
-0.108221
0.0307789
0.0607789
-0.106221
0.0947789
-0.0452211
-0.0412211
0.110779
-0.104221
0.0267789
0.0837789
-0.109221
0.0887789
-0.0322211
-0.0632211
0.113779
-0.104221
0.0327789
0.0677789
-0.108221
0.0947789
-0.0392211
-0.0572211
0.116779
-0.100221
0.0267789
0.0707789
-0.105221
0.0927789
-0.0472211
-0.0572211
0.108779
-0.104221
0.0397789
0.0607789
-0.103221
0.0927789
-0.0382211
-0.0522211
0.115779
-0.104221
0.0307789
0.0717789
-0.102221
0.0997789
-0.0472211
-0.0422211
0.109779
-0.107221
0.0477789
0.0537789
-0.102221
0.0987789
-0.0502211
-0.0462211
0.106779
-0.106221
0.0397789
0.0447789
-0.0912211
0.102779
-0.0432211
-0.0452211
0.110779
-0.107221
0.0397789
0.0537789
-0.100221
0.0977789
-0.0592211
-0.0532211
0.112779
-0.111221
