0.100539
0.112386
0.00610526
0.0941053
-0.117895
0.0701053
-0.00189474
-0.0808947
0.115105
-0.0818947
0.0151053
0.0871053
-0.110895
0.0761053
-0.0178947
-0.0748947
0.113105
-0.0878947
0.0121053
0.0891053
-0.107895
0.0771053
0.00110526
-0.0768947
0.112105
-0.0898947
0.0141053
0.0791053
-0.111895
0.0771053
-0.00889474
-0.0798947
0.112105
-0.0828947
0.00910526
0.0811053
-0.112895
0.0781053
-0.0138947
-0.0828947
0.109105
-0.0928947
0.0221053
0.0771053
-0.111895
0.0801053
-0.00989474
-0.0758947
0.113105
-0.0908947
0.0131053
0.0781053
-0.107895
0.0791053
-0.0288947
-0.0708947
0.111105
-0.0958947
0.0241053
0.0831053
-0.0968947
0.0861053
-0.0258947
-0.0628947
0.103105
-0.0898947
0.0141053
0.0931053
-0.112895
0.0711053
-0.00489474
-0.0748947
0.112105
-0.0768947
0.0131053
0.0801053
-0.111895
0.0781053
-0.00789474
-0.0728947
0.107105
-0.0828947
0.00910526
0.0821053
-0.109895
0.0741053
-0.0168947
-0.0708947
0.105105
-0.0908947
0.0271053
0.0731053
-0.110895
0.0781053
-0.0148947
-0.0698947
0.109105
-0.0868947
0.0121053
0.0821053
-0.106895
0.0831053
-0.0188947
-0.0668947
0.107105
-0.0968947
0.0251053
0.0721053
-0.106895
0.0841053
-0.0178947
-0.0648947
0.105105
-0.0908947
0.0241053
0.0691053
-0.103895
0.0851053
-0.0208947
-0.0608947
0.106105
-0.0918947
0.0151053
0.0751053
-0.106895
0.0811053
-0.0218947
-0.0758947
0.114105
-0.0918947
