4.02133
0.115264
-0.111105
0.00989474
0.0728947
-0.124105
0.0898947
-0.0131053
-0.0631053
0.114895
-0.117105
0.0118947
0.0688947
-0.117105
0.103895
-0.0211053
-0.0611053
0.115895
-0.110105
0.0178947
0.0658947
-0.117105
0.0948947
-0.0221053
-0.0511053
0.114895
-0.105105
0.0168947
0.0608947
-0.117105
0.0998947
-0.0121053
-0.0651053
0.112895
-0.103105
0.0138947
0.0698947
-0.113105
0.0998947
-0.0151053
-0.0471053
0.115895
-0.111105
0.0208947
0.0648947
-0.114105
0.0988947
-0.0151053
-0.0651053
0.112895
-0.105105
0.0158947
0.0628947
-0.118105
0.0968947
-0.0271053
-0.0481053
0.116895
-0.112105
0.0158947
0.0658947
-0.109105
0.0968947
-0.0421053
-0.0451053
0.110895
-0.100105
0.00489474
0.0738947
-0.116105
0.0878947
-0.0101053
-0.0661053
0.106895
-0.0951053
0.00789474
0.0648947
-0.113105
0.0928947
-0.0141053
-0.0581053
0.110895
-0.104105
0.00789474
0.0658947
-0.113105
0.0958947
-0.0231053
-0.0561053
0.115895
-0.105105
0.0178947
0.0628947
-0.111105
0.0878947
-0.0151053
-0.0601053
0.111895
-0.103105
0.00989474
0.0578947
-0.114105
0.0918947
-0.0281053
-0.0561053
0.107895
-0.107105
0.0208947
0.0528947
-0.107105
0.0918947
-0.0221053
-0.0491053
0.109895
-0.106105
0.0298947
0.0388947
-0.108105
0.0968947
-0.0301053
-0.0501053
0.110895
-0.102105
0.0238947
0.0538947
-0.114105
0.0928947
-0.0191053
-0.0551053
0.116895
