-0.60324
0.109469
0.0587579
-0.111242
0.0967579
-0.0252421
-0.0542421
0.109758
-0.108242
0.0257579
0.0447579
-0.103242
0.104758
-0.0362421
-0.0372421
0.106758
-0.107242
0.0297579
0.0477579
-0.105242
0.0977579
-0.0322421
-0.0432421
0.111758
-0.105242
0.0387579
0.0457579
-0.102242
0.101758
-0.0402421
-0.0392421
0.110758
-0.111242
0.0307579
0.0497579
-0.108242
0.0927579
-0.0362421
-0.0302421
0.104758
-0.105242
0.0417579
0.0367579
-0.0942421
0.106758
-0.0372421
-0.0422421
0.106758
-0.103242
0.0337579
0.0397579
-0.100242
0.103758
-0.0432421
-0.0252421
0.103758
-0.105242
0.0397579
0.0337579
-0.0992421
0.102758
-0.0502421
-0.0202421
0.0937579
-0.107242
0.0467579
0.0467579
-0.101242
0.103758
-0.0252421
-0.0402421
0.107758
-0.104242
0.0317579
0.0417579
-0.0992421
0.0967579
-0.0352421
-0.0362421
0.104758
-0.104242
0.0267579
0.0467579
-0.102242
0.0977579
-0.0322421
-0.0322421
0.103758
-0.110242
0.0457579
0.0347579
-0.0942421
0.103758
-0.0382421
-0.0332421
0.101758
-0.107242
0.0307579
0.0417579
-0.100242
0.103758
-0.0442421
-0.0342421
0.0967579
-0.110242
0.0427579
0.0317579
-0.0982421
0.0997579
-0.0392421
-0.0302421
0.101758
-0.102242
0.0417579
0.0357579
-0.0882421
0.108758
-0.0452421
-0.0372421
0.101758
-0.108242
0.0437579
0.0407579
-0.0942421
0.0987579
-0.0382421
-0.0272421
0.106758
-0.111242
0.0407579
