0.854603
0.111478
0.0885263
-0.00647368
-0.0694737
0.112526
-0.0964737
0.00152632
0.0785263
-0.109474
0.0895263
-0.0164737
-0.0564737
0.111526
-0.0974737
0.0105263
0.0725263
-0.106474
0.0935263
-0.0144737
-0.0544737
0.115526
-0.0954737
0.00952632
0.0705263
-0.111474
0.0885263
-0.0134737
-0.0544737
0.112526
-0.101474
0.0125263
0.0695263
-0.108474
0.0925263
-0.0194737
-0.0554737
0.111526
-0.102474
0.0135263
0.0575263
-0.102474
0.0995263
-0.0314737
-0.0444737
0.113526
-0.102474
0.0175263
0.0665263
-0.106474
0.0945263
-0.0254737
-0.0434737
0.115526
-0.103474
0.0235263
0.0495263
-0.103474
0.0935263
-0.0304737
-0.0524737
0.107526
-0.104474
0.0375263
0.0515263
-0.101474
0.0915263
-0.00247368
-0.0544737
0.114526
-0.0954737
0.0185263
0.0635263
-0.103474
0.100526
-0.0224737
-0.0494737
0.106526
-0.102474
0.0165263
0.0625263
-0.109474
0.0915263
-0.0144737
-0.0514737
0.111526
-0.107474
0.0215263
0.0565263
-0.100474
0.0985263
-0.0264737
-0.0444737
0.111526
-0.101474
0.0175263
0.0565263
-0.105474
0.0965263
-0.0254737
-0.0444737
0.107526
-0.103474
0.0275263
0.0535263
-0.100474
0.0975263
-0.0284737
-0.0414737
0.110526
-0.101474
0.0255263
0.0525263
-0.102474
0.103526
-0.0364737
-0.0324737
0.104526
-0.100474
0.0255263
0.0545263
-0.103474
0.0915263
-0.0294737
-0.0464737
0.105526
-0.100474
0.0185263
0.0595263
-0.110474
