4.12189
0.112504
-0.102474
0.00752632
0.0725263
-0.112474
0.0905263
-0.0144737
-0.0674737
0.114526
-0.107474
0.0105263
0.0605263
-0.112474
0.0975263
-0.0214737
-0.0584737
0.111526
-0.100474
0.0135263
0.0655263
-0.111474
0.0895263
-0.0174737
-0.0564737
0.111526
-0.105474
0.0135263
0.0545263
-0.109474
0.0915263
-0.0204737
-0.0624737
0.109526
-0.0984737
0.0115263
0.0705263
-0.116474
0.0985263
-0.0154737
-0.0494737
0.109526
-0.105474
0.0145263
0.0635263
-0.109474
0.0955263
-0.0234737
-0.0624737
0.108526
-0.104474
0.0165263
0.0605263
-0.107474
0.104526
-0.0334737
-0.0454737
0.104526
-0.102474
0.0285263
0.0765263
-0.0974737
0.100526
-0.0514737
-0.0474737
0.109526
-0.0914737
0.0135263
0.0625263
-0.109474
0.0865263
-0.00647368
-0.0624737
0.117526
-0.0904737
-0.00847368
0.0725263
-0.114474
0.0865263
-0.00847368
-0.0674737
0.109526
-0.102474
0.000526316
0.0685263
-0.109474
0.0905263
-0.0124737
-0.0594737
0.107526
-0.100474
0.0165263
0.0635263
-0.108474
0.0855263
-0.0174737
-0.0584737
0.107526
-0.101474
0.00852632
0.0545263
-0.110474
0.0915263
-0.0244737
-0.0564737
0.105526
-0.101474
0.0225263
0.0475263
-0.106474
0.0905263
-0.0264737
-0.0404737
0.103526
-0.103474
0.0315263
0.0405263
-0.105474
0.0935263
-0.0284737
-0.0554737
0.103526
-0.103474
0.0235263
0.0495263
-0.103474
0.0965263
-0.0234737
-0.0534737
0.112526
