3.87051
0.113077
-0.0881263
-0.0211263
0.0968737
-0.115126
0.0688737
0.0238737
-0.0931263
0.108874
-0.0851263
-0.00912632
0.0908737
-0.114126
0.0818737
0.0118737
-0.0841263
0.109874
-0.0901263
-0.0151263
0.0888737
-0.112126
0.0718737
0.0148737
-0.0801263
0.108874
-0.0881263
-0.0141263
0.0868737
-0.116126
0.0738737
0.0248737
-0.0851263
0.106874
-0.0841263
-0.0141263
0.0938737
-0.113126
0.0818737
0.0168737
-0.0781263
0.110874
-0.0941263
-0.00612632
0.0838737
-0.116126
0.0778737
0.00987368
-0.0851263
0.104874
-0.0861263
-0.0101263
0.0838737
-0.110126
0.0858737
0.00487368
-0.0701263
0.106874
-0.0891263
0.00187368
0.0998737
-0.110126
0.0868737
-0.0211263
-0.0681263
0.111874
-0.0771263
-0.0161263
0.0938737
-0.117126
0.0678737
0.0218737
-0.0821263
0.108874
-0.0831263
-0.0201263
0.0828737
-0.109126
0.0748737
0.0118737
-0.0801263
0.103874
-0.0841263
-0.0141263
0.0888737
-0.114126
0.0758737
0.00587368
-0.0811263
0.108874
-0.0901263
-0.00712632
0.0818737
-0.113126
0.0708737
0.0168737
-0.0811263
0.101874
-0.0831263
-0.0181263
0.0838737
-0.107126
0.0768737
0.00187368
-0.0761263
0.107874
-0.0931263
-0.00812632
0.0758737
-0.112126
0.0778737
0.00187368
-0.0681263
0.105874
-0.0901263
0.00487368
0.0628737
-0.111126
0.0738737
-0.000126316
-0.0781263
0.106874
-0.0891263
-0.00312632
0.0738737
-0.110126
0.0848737
0.0118737
-0.0781263
0.111874
