3.26727
0.11059
-0.0132211
-0.0762211
0.114779
-0.0872211
0.0117789
0.0927789
-0.111221
0.0747789
-0.0222211
-0.0732211
0.109779
-0.0962211
0.0207789
0.0757789
-0.106221
0.0797789
-0.0192211
-0.0692211
0.110779
-0.0952211
0.0147789
0.0777789
-0.109221
0.0827789
-0.0282211
-0.0602211
0.104779
-0.0972211
0.0167789
0.0837789
-0.108221
0.0837789
-0.0242211
-0.0662211
0.112779
-0.0952211
0.0267789
0.0757789
-0.105221
0.0907789
-0.0382211
-0.0592211
0.115779
-0.0982211
0.0207789
0.0777789
-0.108221
0.0827789
-0.0222211
-0.0672211
0.107779
-0.0972211
0.0327789
0.0667789
-0.101221
0.0907789
-0.0392211
-0.0632211
0.107779
-0.0952211
0.0357789
0.0607789
-0.0972211
0.0857789
-0.0172211
-0.0722211
0.110779
-0.0872211
0.0237789
0.0757789
-0.104221
0.0787789
-0.0342211
-0.0612211
0.104779
-0.0932211
0.0217789
0.0727789
-0.106221
0.0777789
-0.0242211
-0.0672211
0.105779
-0.0902211
0.0277789
0.0727789
-0.108221
0.0897789
-0.0282211
-0.0612211
0.107779
-0.0922211
0.0217789
0.0717789
-0.103221
0.0767789
-0.0282211
-0.0692211
0.104779
-0.0962211
0.0247789
0.0607789
-0.0992211
0.0887789
-0.0312211
-0.0552211
0.102779
-0.0922211
0.0267789
0.0647789
-0.111221
0.0827789
-0.0422211
-0.0462211
0.103779
-0.0962211
0.0197789
0.0677789
-0.104221
0.0867789
-0.0292211
-0.0572211
0.0997789
-0.0922211
0.0257789
0.0747789
-0.108221
0.0907789
