2.51322
0.10983
0.0696526
-0.118347
0.0916526
-0.0123474
-0.0623474
0.110653
-0.0953474
0.0126526
0.0566526
-0.110347
0.0946526
-0.0233474
-0.0523474
0.114653
-0.105347
0.0166526
0.0656526
-0.110347
0.0956526
-0.0183474
-0.0543474
0.110653
-0.0983474
0.0216526
0.0626526
-0.107347
0.0946526
-0.0183474
-0.0563474
0.105653
-0.0993474
0.0176526
0.0656526
-0.108347
0.0916526
-0.0163474
-0.0463474
0.110653
-0.104347
0.0276526
0.0486526
-0.100347
0.0946526
-0.0213474
-0.0483474
0.110653
-0.0973474
0.0226526
0.0566526
-0.108347
0.0946526
-0.0263474
-0.0353474
0.110653
-0.108347
0.0276526
0.0466526
-0.105347
0.0926526
-0.0283474
-0.0343474
0.103653
-0.103347
0.0296526
0.0656526
-0.105347
0.0946526
-0.0153474
-0.0493474
0.107653
-0.0953474
0.0226526
0.0586526
-0.105347
0.0926526
-0.0243474
-0.0503474
0.108653
-0.100347
0.0196526
0.0616526
-0.107347
0.0936526
-0.0193474
-0.0463474
0.108653
-0.103347
0.0266526
0.0546526
-0.103347
0.0926526
-0.0223474
-0.0553474
0.106653
-0.0993474
0.0166526
0.0586526
-0.105347
0.0966526
-0.0293474
-0.0463474
0.104653
-0.108347
0.0336526
0.0416526
-0.100347
0.0936526
-0.0303474
-0.0383474
0.108653
-0.0923474
0.0316526
0.0526526
-0.0983474
0.0966526
-0.0363474
-0.0433474
0.106653
-0.102347
0.0326526
0.0506526
-0.101347
0.0936526
-0.0323474
-0.0383474
0.111653
-0.104347
0.0266526
