-1.20658
0.121346
-0.113463
0.102537
-0.0434632
-0.0624632
0.118537
-0.114463
0.0375368
0.0695368
-0.114463
0.103537
-0.0564632
-0.0444632
0.117537
-0.118463
0.0465368
0.0625368
-0.116463
0.103537
-0.0464632
-0.0524632
0.114537
-0.117463
0.0435368
0.0565368
-0.108463
0.101537
-0.0584632
-0.0484632
0.117537
-0.115463
0.0375368
0.0615368
-0.111463
0.107537
-0.0474632
-0.0514632
0.114537
-0.110463
0.0505368
0.0525368
-0.103463
0.107537
-0.0574632
-0.0484632
0.118537
-0.117463
0.0365368
0.0565368
-0.110463
0.105537
-0.0564632
-0.0454632
0.107537
-0.118463
0.0575368
0.0435368
-0.107463
0.104537
-0.0584632
-0.0394632
0.104537
-0.115463
0.0505368
0.0425368
-0.111463
0.0965368
-0.0424632
-0.0524632
0.116537
-0.111463
0.0345368
0.0595368
-0.106463
0.101537
-0.0564632
-0.0494632
0.111537
-0.110463
0.0355368
0.0645368
-0.112463
0.0975368
-0.0554632
-0.0514632
0.109537
-0.116463
0.0465368
0.0475368
-0.0994632
0.107537
-0.0554632
-0.0464632
0.116537
-0.104463
0.0395368
0.0595368
-0.106463
0.102537
-0.0644632
-0.0434632
0.111537
-0.117463
0.0555368
0.0405368
-0.0964632
0.106537
-0.0624632
-0.0424632
0.106537
-0.117463
0.0485368
0.0465368
-0.104463
0.108537
-0.0754632
-0.0324632
0.110537
-0.114463
0.0525368
0.0385368
-0.104463
0.105537
-0.0624632
-0.0464632
0.104537
-0.119463
0.0505368
0.0545368
