-0.351887
0.11237
-0.0276
0.1104
-0.1166
0.0404
0.0394
-0.1036
0.1064
-0.0436
-0.0216
0.1024
-0.1146
0.0484
0.0284
-0.0986
0.1074
-0.0516
-0.0236
0.1074
-0.1126
0.0444
0.0364
-0.0996
0.1074
-0.0526
-0.0226
0.1024
-0.1106
0.0464
0.0354
-0.1026
0.1064
-0.0516
-0.0296
0.1064
-0.1116
0.0424
0.0274
-0.1026
0.1014
-0.0536
-0.0246
0.1054
-0.1156
0.0414
0.0454
-0.1006
0.1024
-0.0496
-0.0286
0.1014
-0.1116
0.0414
0.0244
-0.1006
0.1034
-0.0606
-0.0246
0.1094
-0.1016
0.0504
0.0214
-0.0946
0.1054
-0.0536
-0.0286
0.1134
-0.1106
0.0344
0.0324
-0.0976
0.1034
-0.0436
-0.0316
0.1014
-0.1136
0.0414
0.0324
-0.1006
0.1024
-0.0436
-0.0316
0.1064
-0.1086
0.0414
0.0324
-0.0986
0.1074
-0.0616
-0.0156
0.0974
-0.1096
0.0504
0.0294
-0.0976
0.1064
-0.0486
-0.0286
0.1044
-0.1086
0.0504
0.0264
-0.0946
0.1064
-0.0606
-0.0126
0.0974
-0.1136
0.0504
0.0244
-0.0906
0.1094
-0.0586
-0.0106
0.0934
-0.1166
0.0574
0.0204
-0.0876
0.1084
-0.0636
-0.0166
0.0964
-0.1056
0.0474
0.0154
-0.0976
0.1124
-0.0576
