1.63237
0.111085
0.115937
-0.0680632
-0.00706316
0.104937
-0.113063
0.0629368
0.0139368
-0.0920632
0.113937
-0.0760632
-0.00606316
0.0919368
-0.115063
0.0709368
0.00393684
-0.0830632
0.114937
-0.0780632
0.000936842
0.0949368
-0.108063
0.0669368
0.00393684
-0.0730632
0.115937
-0.0780632
0.00393684
0.0909368
-0.116063
0.0659368
0.00693684
-0.0820632
0.113937
-0.0750632
0.00193684
0.0909368
-0.113063
0.0679368
-0.0120632
-0.0750632
0.113937
-0.0850632
0.0129368
0.0889368
-0.113063
0.0709368
0.00693684
-0.0750632
0.109937
-0.0840632
0.00793684
0.0859368
-0.104063
0.0789368
-0.0190632
-0.0760632
0.111937
-0.0870632
0.00693684
0.0869368
-0.105063
0.0839368
-0.0120632
-0.0690632
0.111937
-0.0720632
-6.31579e-05
0.0979368
-0.111063
0.0699368
0.00793684
-0.0820632
0.111937
-0.0790632
0.00493684
0.0809368
-0.109063
0.0699368
-0.00506316
-0.0850632
0.109937
-0.0780632
0.00393684
0.0869368
-0.107063
0.0779368
-0.00606316
-0.0710632
0.108937
-0.0830632
0.00893684
0.0839368
-0.105063
0.0709368
-0.00206316
-0.0790632
0.108937
-0.0810632
0.00993684
0.0859368
-0.109063
0.0769368
-0.0230632
-0.0700632
0.106937
-0.0810632
0.0159368
0.0829368
-0.103063
0.0779368
-0.0130632
-0.0660632
0.115937
-0.0920632
0.0109368
0.0809368
-0.109063
0.0699368
-0.00806316
-0.0680632
0.107937
-0.0850632
0.00993684
0.0829368
-0.103063
0.0709368
-0.0150632
-0.0750632
