2.96565
0.113327
0.0348105
-0.104189
0.114811
-0.0531895
-0.0341895
0.110811
-0.116189
0.0488105
0.0228105
-0.0971895
0.109811
-0.0651895
-0.0151895
0.102811
-0.114189
0.0528105
0.0268105
-0.0911895
0.105811
-0.0731895
-0.0241895
0.105811
-0.114189
0.0538105
0.0178105
-0.0961895
0.111811
-0.0631895
-0.0161895
0.107811
-0.112189
0.0528105
0.0308105
-0.0901895
0.108811
-0.0601895
-0.0131895
0.102811
-0.114189
0.0618105
0.0198105
-0.0901895
0.111811
-0.0671895
-0.0271895
0.101811
-0.111189
0.0538105
0.0268105
-0.0931895
0.108811
-0.0571895
-0.00818947
0.104811
-0.111189
0.0628105
0.0108105
-0.0921895
0.109811
-0.0691895
-0.0101895
0.0918105
-0.111189
0.0598105
0.0308105
-0.0961895
0.107811
-0.0491895
-0.0291895
0.107811
-0.111189
0.0478105
0.0288105
-0.103189
0.107811
-0.0561895
-0.0281895
0.104811
-0.111189
0.0448105
0.0328105
-0.0961895
0.104811
-0.0551895
-0.0211895
0.105811
-0.113189
0.0598105
0.0208105
-0.0931895
0.113811
-0.0601895
-0.0271895
0.101811
-0.111189
0.0458105
0.0248105
-0.0981895
0.110811
-0.0691895
-0.0241895
0.0978105
-0.116189
0.0588105
0.0148105
-0.0901895
0.108811
-0.0651895
-0.0141895
0.0988105
-0.104189
0.0628105
0.0138105
-0.0861895
0.103811
-0.0691895
-0.0181895
0.0958105
-0.113189
0.0628105
0.0248105
-0.0851895
0.105811
-0.0591895
-0.0171895
0.108811
-0.115189
0.0508105
