3.41808
0.113767
-0.0335158
-0.0675158
0.118484
-0.0985158
0.0244842
0.0784842
-0.113516
0.0894842
-0.0465158
-0.0555158
0.113484
-0.105516
0.0394842
0.0664842
-0.110516
0.0864842
-0.0375158
-0.0575158
0.110484
-0.105516
0.0324842
0.0654842
-0.107516
0.0964842
-0.0485158
-0.0595158
0.107484
-0.103516
0.0314842
0.0674842
-0.108516
0.0914842
-0.0385158
-0.0525158
0.116484
-0.103516
0.0414842
0.0674842
-0.106516
0.0934842
-0.0555158
-0.0455158
0.112484
-0.101516
0.0414842
0.0634842
-0.109516
0.0934842
-0.0405158
-0.0505158
0.109484
-0.103516
0.0434842
0.0574842
-0.100516
0.0924842
-0.0555158
-0.0565158
0.108484
-0.102516
0.0464842
0.0454842
-0.0985158
0.0974842
-0.0355158
-0.0645158
0.113484
-0.0975158
0.0344842
0.0674842
-0.111516
0.0924842
-0.0465158
-0.0445158
0.109484
-0.101516
0.0414842
0.0614842
-0.105516
0.0894842
-0.0465158
-0.0575158
0.109484
-0.102516
0.0374842
0.0564842
-0.0995158
0.0954842
-0.0515158
-0.0425158
0.109484
-0.102516
0.0374842
0.0624842
-0.103516
0.0914842
-0.0435158
-0.0535158
0.104484
-0.107516
0.0434842
0.0494842
-0.101516
0.0994842
-0.0565158
-0.0465158
0.0994842
-0.100516
0.0434842
0.0474842
-0.0985158
0.0964842
-0.0665158
-0.0265158
0.102484
-0.102516
0.0384842
0.0474842
-0.0945158
0.0974842
-0.0535158
-0.0355158
0.103484
-0.106516
0.0434842
0.0564842
-0.103516
0.0974842
