2.81484
0.116909
0.0404842
-0.111516
0.112484
-0.0475158
-0.0395158
0.118484
-0.119516
0.0424842
0.0304842
-0.106516
0.113484
-0.0565158
-0.0255158
0.109484
-0.117516
0.0464842
0.0344842
-0.102516
0.108484
-0.0605158
-0.0275158
0.109484
-0.123516
0.0514842
0.0304842
-0.100516
0.111484
-0.0645158
-0.0265158
0.107484
-0.120516
0.0494842
0.0344842
-0.0985158
0.113484
-0.0595158
-0.0185158
0.104484
-0.120516
0.0564842
0.0144842
-0.0945158
0.113484
-0.0625158
-0.0255158
0.107484
-0.118516
0.0534842
0.0254842
-0.0975158
0.113484
-0.0595158
-0.0105158
0.105484
-0.117516
0.0574842
0.0264842
-0.0825158
0.124484
-0.0595158
-0.00951579
0.0894842
-0.119516
0.0654842
0.0364842
-0.0965158
0.106484
-0.0505158
-0.0265158
0.109484
-0.106516
0.0504842
0.0294842
-0.100516
0.108484
-0.0555158
-0.0275158
0.113484
-0.112516
0.0464842
0.0354842
-0.100516
0.110484
-0.0465158
-0.0285158
0.101484
-0.119516
0.0554842
0.0264842
-0.0955158
0.112484
-0.0605158
-0.0255158
0.104484
-0.114516
0.0424842
0.0294842
-0.0995158
0.111484
-0.0655158
-0.0215158
0.0984842
-0.116516
0.0564842
0.0144842
-0.0895158
0.109484
-0.0615158
-0.0185158
0.0974842
-0.111516
0.0624842
0.00948421
-0.0865158
0.113484
-0.0695158
-0.0155158
0.100484
-0.111516
0.0604842
0.0214842
-0.0905158
0.112484
-0.0625158
-0.0115158
0.108484
-0.122516
0.0534842
