0.904879
0.115294
0.0958316
-0.000168421
-0.0721684
0.118832
-0.0971684
0.00883158
0.0818316
-0.116168
0.0968316
-0.0191684
-0.0591684
0.114832
-0.108168
0.0148316
0.0738316
-0.117168
0.0928316
-0.0191684
-0.0571684
0.114832
-0.100168
0.0138316
0.0708316
-0.113168
0.0958316
-0.0191684
-0.0581684
0.116832
-0.104168
0.00983158
0.0718316
-0.111168
0.0928316
-0.0201684
-0.0621684
0.113832
-0.103168
0.0158316
0.0608316
-0.114168
0.102832
-0.0271684
-0.0491684
0.112832
-0.111168
0.0148316
0.0728316
-0.112168
0.0948316
-0.0221684
-0.0521684
0.115832
-0.111168
0.0258316
0.0568316
-0.103168
0.109832
-0.0161684
-0.0481684
0.118832
-0.108168
0.0338316
0.0458316
-0.103168
0.0988316
-0.0101684
-0.0611684
0.113832
-0.101168
0.0128316
0.0868316
-0.103168
0.0908316
-0.00116842
-0.0641684
0.110832
-0.0981684
0.00683158
0.0728316
-0.110168
0.0898316
-0.00916842
-0.0601684
0.115832
-0.100168
0.0148316
0.0728316
-0.114168
0.0968316
-0.0241684
-0.0571684
0.112832
-0.100168
0.00983158
0.0708316
-0.112168
0.0908316
-0.0111684
-0.0531684
0.113832
-0.102168
0.0208316
0.0698316
-0.102168
0.0978316
-0.0211684
-0.0541684
0.112832
-0.102168
0.0208316
0.0598316
-0.107168
0.101832
-0.0351684
-0.0391684
0.111832
-0.0991684
0.0218316
0.0638316
-0.111168
0.0918316
-0.0251684
-0.0541684
0.111832
-0.105168
0.0178316
0.0708316
-0.117168
