0.904879
0.114585
0.0963474
0.000347368
-0.0716526
0.116347
-0.0956526
0.00834737
0.0833474
-0.110653
0.0953474
-0.0116526
-0.0676526
0.112347
-0.108653
0.0153474
0.0723474
-0.117653
0.0943474
-0.0136526
-0.0656526
0.115347
-0.0946526
0.00634737
0.0693474
-0.116653
0.0973474
-0.0156526
-0.0556526
0.119347
-0.100653
0.00934737
0.0723474
-0.112653
0.0903474
-0.0116526
-0.0626526
0.114347
-0.103653
0.00734737
0.0613474
-0.111653
0.0963474
-0.0266526
-0.0586526
0.119347
-0.104653
0.0113474
0.0733474
-0.110653
0.0923474
-0.0216526
-0.0536526
0.115347
-0.104653
0.0233474
0.0563474
-0.111653
0.104347
-0.0116526
-0.0436526
0.116347
-0.102653
0.0303474
0.0553474
-0.104653
0.0983474
-0.00565263
-0.0646526
0.113347
-0.0986526
0.00634737
0.0823474
-0.115653
0.0903474
-0.00765263
-0.0606526
0.117347
-0.101653
0.0123474
0.0723474
-0.112653
0.0933474
-0.00465263
-0.0606526
0.116347
-0.0996526
0.0153474
0.0653474
-0.106653
0.0983474
-0.0266526
-0.0536526
0.115347
-0.101653
0.0133474
0.0703474
-0.111653
0.0893474
-0.0136526
-0.0506526
0.116347
-0.101653
0.0243474
0.0583474
-0.105653
0.0963474
-0.0226526
-0.0476526
0.111347
-0.0986526
0.0233474
0.0543474
-0.104653
0.100347
-0.0396526
-0.0366526
0.111347
-0.0966526
0.0153474
0.0543474
-0.108653
0.0933474
-0.0276526
-0.0486526
0.113347
-0.100653
0.0163474
0.0663474
-0.117653
