3.97106
0.113468
-0.0975053
-0.0115053
0.0844947
-0.115505
0.0804947
0.00549474
-0.0765053
0.109495
-0.0965053
-0.00250526
0.0774947
-0.116505
0.0894947
-0.00450526
-0.0725053
0.112495
-0.0985053
-0.00350526
0.0804947
-0.112505
0.0794947
-0.00250526
-0.0695053
0.113495
-0.102505
-0.000505263
0.0714947
-0.115505
0.0844947
0.00249474
-0.0695053
0.109495
-0.0955053
-0.00150526
0.0804947
-0.113505
0.0864947
0.00249474
-0.0645053
0.109495
-0.102505
0.00149474
0.0704947
-0.111505
0.0874947
-0.00350526
-0.0705053
0.109495
-0.0915053
-0.00150526
0.0734947
-0.113505
0.0934947
-0.0135053
-0.0605053
0.110495
-0.101505
0.0104947
0.0934947
-0.104505
0.0894947
-0.0335053
-0.0565053
0.109495
-0.0915053
0.000494737
0.0844947
-0.113505
0.0744947
0.0124947
-0.0725053
0.114495
-0.0835053
-0.0115053
0.0834947
-0.110505
0.0774947
0.00549474
-0.0745053
0.104495
-0.0895053
-0.0125053
0.0824947
-0.112505
0.0844947
-0.000505263
-0.0695053
0.108495
-0.0965053
0.00349474
0.0724947
-0.108505
0.0824947
0.00149474
-0.0725053
0.107495
-0.0855053
-0.00650526
0.0754947
-0.113505
0.0854947
-0.00750526
-0.0625053
0.112495
-0.0975053
0.00549474
0.0594947
-0.110505
0.0824947
-0.0125053
-0.0655053
0.107495
-0.103505
0.0184947
0.0594947
-0.108505
0.0834947
-0.00850526
-0.0655053
0.109495
-0.0985053
0.00949474
0.0594947
-0.108505
0.0924947
-0.00550526
-0.0645053
0.113495
