1.00543
0.112595
0.0940632
-0.00593684
-0.0629368
0.112063
-0.0979368
0.00806316
0.0760632
-0.108937
0.0980632
-0.0169368
-0.0559368
0.115063
-0.106937
0.0170632
0.0690632
-0.113937
0.0990632
-0.0149368
-0.0579368
0.116063
-0.0989368
0.00806316
0.0690632
-0.109937
0.0960632
-0.0159368
-0.0539368
0.112063
-0.0979368
0.0110632
0.0670632
-0.109937
0.0930632
-0.0119368
-0.0529368
0.111063
-0.102937
0.0150632
0.0540632
-0.103937
0.0990632
-0.0279368
-0.0499368
0.114063
-0.102937
0.0180632
0.0680632
-0.105937
0.0920632
-0.0229368
-0.0499368
0.112063
-0.107937
0.0250632
0.0450632
-0.106937
0.0970632
-0.0309368
-0.0549368
0.110063
-0.104937
0.0330632
0.0500632
-0.101937
0.0930632
-0.00993684
-0.0559368
0.112063
-0.0989368
0.0160632
0.0680632
-0.104937
0.103063
-0.0199368
-0.0539368
0.107063
-0.102937
0.0150632
0.0630632
-0.105937
0.0940632
-0.0139368
-0.0549368
0.114063
-0.106937
0.0210632
0.0610632
-0.100937
0.102063
-0.0239368
-0.0499368
0.112063
-0.0959368
0.0150632
0.0670632
-0.107937
0.0950632
-0.0159368
-0.0479368
0.110063
-0.101937
0.0210632
0.0590632
-0.104937
0.0910632
-0.0239368
-0.0409368
0.111063
-0.0979368
0.0220632
0.0510632
-0.102937
0.0990632
-0.0339368
-0.0409368
0.105063
-0.100937
0.0250632
0.0580632
-0.105937
0.0930632
-0.0269368
-0.0469368
0.107063
-0.102937
0.0170632
0.0640632
-0.111937
