-0.201078
0.108024
-0.0158105
0.102189
-0.111811
0.0471895
0.0231895
-0.0958105
0.106189
-0.0528105
-0.0168105
0.102189
-0.111811
0.0491895
0.0171895
-0.0908105
0.108189
-0.0578105
-0.0178105
0.100189
-0.110811
0.0501895
0.0261895
-0.0928105
0.108189
-0.0588105
-0.0138105
0.0981895
-0.110811
0.0501895
0.0221895
-0.0988105
0.108189
-0.0568105
-0.0168105
0.0981895
-0.109811
0.0491895
0.0131895
-0.0978105
0.102189
-0.0678105
-0.00981053
0.0911895
-0.110811
0.0501895
0.0221895
-0.0878105
0.105189
-0.0558105
-0.0148105
0.0961895
-0.106811
0.0491895
0.00818947
-0.0878105
0.109189
-0.0708105
-0.0128105
0.0961895
-0.0998105
0.0561895
0.00518947
-0.0748105
0.101189
-0.0758105
-0.0178105
0.0991895
-0.102811
0.0461895
0.0251895
-0.0918105
0.103189
-0.0468105
-0.0188105
0.100189
-0.104811
0.0431895
0.0331895
-0.0938105
0.0991895
-0.0428105
-0.0278105
0.100189
-0.103811
0.0411895
0.0291895
-0.0898105
0.0971895
-0.0528105
-0.0228105
0.0991895
-0.108811
0.0441895
0.0291895
-0.0938105
0.0991895
-0.0438105
-0.0188105
0.0991895
-0.103811
0.0491895
0.0281895
-0.0888105
0.0991895
-0.0568105
-0.0168105
0.0931895
-0.111811
0.0461895
0.0211895
-0.0908105
0.108189
-0.0578105
-0.00981053
0.0841895
-0.117811
0.0501895
0.0231895
-0.0888105
0.0981895
-0.0548105
-0.0208105
0.0961895
-0.0998105
0.0461895
0.0231895
-0.0938105
0.105189
-0.0508105
