2.81484
0.110083
0.0384947
-0.106505
0.0994947
-0.0425053
-0.0385053
0.110495
-0.114505
0.0384947
0.0364947
-0.0995053
0.108495
-0.0525053
-0.0275053
0.104495
-0.112505
0.0454947
0.0354947
-0.0995053
0.108495
-0.0505053
-0.0315053
0.105495
-0.111505
0.0444947
0.0344947
-0.0985053
0.105495
-0.0535053
-0.0325053
0.101495
-0.104505
0.0444947
0.0464947
-0.0975053
0.103495
-0.0525053
-0.0215053
0.107495
-0.110505
0.0524947
0.0264947
-0.0935053
0.106495
-0.0515053
-0.0315053
0.102495
-0.104505
0.0394947
0.0354947
-0.103505
0.102495
-0.0495053
-0.0205053
0.106495
-0.112505
0.0474947
0.0284947
-0.0935053
0.105495
-0.0475053
-0.0215053
0.100495
-0.109505
0.0504947
0.0484947
-0.0995053
0.0974947
-0.0295053
-0.0415053
0.102495
-0.105505
0.0424947
0.0374947
-0.0975053
0.0974947
-0.0485053
-0.0335053
0.102495
-0.106505
0.0384947
0.0394947
-0.102505
0.103495
-0.0445053
-0.0265053
0.101495
-0.109505
0.0514947
0.0244947
-0.0915053
0.104495
-0.0515053
-0.0305053
0.100495
-0.104505
0.0424947
0.0384947
-0.0985053
0.105495
-0.0555053
-0.0265053
0.0994947
-0.104505
0.0514947
0.0234947
-0.0885053
0.0994947
-0.0525053
-0.0215053
0.102495
-0.104505
0.0514947
0.0274947
-0.0875053
0.105495
-0.0555053
-0.0295053
0.100495
-0.101505
0.0524947
0.0354947
-0.0885053
0.100495
-0.0505053
-0.0185053
0.108495
-0.108505
0.0434947
