4.02133
0.114595
-0.104674
0.00232632
0.0823263
-0.118674
0.0863263
-0.00667368
-0.0656737
0.118326
-0.106674
0.00832632
0.0723263
-0.112674
0.0893263
-0.0196737
-0.0636737
0.111326
-0.106674
0.00832632
0.0753263
-0.110674
0.0883263
-0.0136737
-0.0666737
0.119326
-0.0986737
0.00732632
0.0673263
-0.110674
0.0863263
-0.00767368
-0.0696737
0.116326
-0.100674
0.00932632
0.0803263
-0.116674
0.0903263
-0.00667368
-0.0576737
0.116326
-0.106674
0.0153263
0.0703263
-0.120674
0.0913263
-0.0106737
-0.0686737
0.112326
-0.0966737
0.0103263
0.0683263
-0.118674
0.0963263
-0.0176737
-0.0566737
0.110326
-0.108674
0.0153263
0.0833263
-0.105674
0.0913263
-0.0286737
-0.0606737
0.114326
-0.0956737
0.00132632
0.0813263
-0.118674
0.0833263
-0.00667368
-0.0676737
0.112326
-0.0956737
0.00432632
0.0743263
-0.110674
0.0853263
-0.0126737
-0.0656737
0.112326
-0.101674
0.000326316
0.0713263
-0.112674
0.0893263
-0.0166737
-0.0616737
0.114326
-0.104674
0.0133263
0.0673263
-0.114674
0.0863263
-0.00967368
-0.0646737
0.108326
-0.101674
0.00732632
0.0583263
-0.111674
0.0913263
-0.0256737
-0.0586737
0.110326
-0.107674
0.0123263
0.0613263
-0.110674
0.0873263
-0.0226737
-0.0486737
0.107326
-0.108674
0.0243263
0.0483263
-0.108674
0.0853263
-0.0216737
-0.0636737
0.107326
-0.0996737
0.0173263
0.0563263
-0.109674
0.0923263
-0.0146737
-0.0676737
0.113326
