-0.60324
0.120471
-0.111337
0.107663
-0.0513368
-0.0493368
0.119663
-0.117337
0.0436632
0.0526632
-0.106337
0.108663
-0.0663368
-0.0383368
0.111663
-0.119337
0.0536632
0.0486632
-0.108337
0.106663
-0.0633368
-0.0443368
0.116663
-0.119337
0.0516632
0.0456632
-0.102337
0.112663
-0.0683368
-0.0383368
0.116663
-0.116337
0.0516632
0.0476632
-0.107337
0.109663
-0.0643368
-0.0323368
0.110663
-0.116337
0.0626632
0.0366632
-0.0973368
0.111663
-0.0713368
-0.0333368
0.112663
-0.119337
0.0526632
0.0356632
-0.103337
0.114663
-0.0753368
-0.0383368
0.103663
-0.119337
0.0686632
0.0236632
-0.102337
0.109663
-0.0723368
-0.0193368
0.0966632
-0.120337
0.0696632
0.0246632
-0.102337
0.106663
-0.0643368
-0.0393368
0.108663
-0.113337
0.0526632
0.0326632
-0.0933368
0.108663
-0.0803368
-0.0243368
0.0986632
-0.122337
0.0536632
0.0426632
-0.101337
0.104663
-0.0733368
-0.0323368
0.103663
-0.119337
0.0646632
0.0276632
-0.0883368
0.117663
-0.0723368
-0.0243368
0.106663
-0.115337
0.0596632
0.0396632
-0.0983368
0.113663
-0.0863368
-0.0253368
0.0986632
-0.120337
0.0746632
0.0186632
-0.0843368
0.112663
-0.0823368
-0.0243368
0.0926632
-0.115337
0.0676632
0.0186632
-0.0873368
0.117663
-0.0903368
-0.0133368
0.0976632
-0.113337
0.0706632
0.0156632
-0.0893368
0.115663
-0.0863368
-0.0193368
0.0916632
-0.125337
0.0746632
0.0256632
