0.552969
0.114563
0.0641053
0.0461053
-0.0998947
0.106105
-0.0608947
-0.0388947
0.107105
-0.111895
0.0621053
0.0351053
-0.0948947
0.106105
-0.0718947
-0.0248947
0.104105
-0.112895
0.0571053
0.0361053
-0.0908947
0.107105
-0.0598947
-0.0288947
0.104105
-0.112895
0.0581053
0.0361053
-0.0878947
0.105105
-0.0738947
-0.0328947
0.101105
-0.113895
0.0601053
0.0341053
-0.0918947
0.104105
-0.0778947
-0.0278947
0.0911053
-0.117895
0.0681053
0.0201053
-0.0878947
0.108105
-0.0728947
-0.0218947
0.103105
-0.111895
0.0591053
0.0251053
-0.0868947
0.110105
-0.0788947
-0.0158947
0.0991053
-0.115895
0.0721053
0.0361053
-0.0828947
0.116105
-0.0818947
-0.0108947
0.0881053
-0.112895
0.0621053
0.0411053
-0.0938947
0.107105
-0.0688947
-0.0268947
0.110105
-0.102895
0.0531053
0.0411053
-0.0918947
0.106105
-0.0658947
-0.0298947
0.102105
-0.109895
0.0541053
0.0451053
-0.0958947
0.103105
-0.0648947
-0.0298947
0.0981053
-0.109895
0.0631053
0.0311053
-0.0918947
0.108105
-0.0658947
-0.0298947
0.105105
-0.104895
0.0551053
0.0401053
-0.0838947
0.108105
-0.0688947
-0.0168947
0.0961053
-0.109895
0.0691053
0.0221053
-0.0848947
0.107105
-0.0678947
-0.0168947
0.0971053
-0.105895
0.0701053
0.0221053
-0.0808947
0.105105
-0.0668947
-0.0198947
0.0971053
-0.106895
0.0651053
0.0281053
-0.0848947
0.103105
-0.0718947
-0.0288947
0.107105
-0.114895
