2.66403
0.115067
0.0601789
-0.116821
0.100179
-0.0228211
-0.0478211
0.118179
-0.103821
0.0201789
0.0521789
-0.110821
0.103179
-0.0348211
-0.0448211
0.119179
-0.107821
0.0261789
0.0631789
-0.111821
0.100179
-0.0298211
-0.0568211
0.118179
-0.108821
0.0191789
0.0531789
-0.110821
0.105179
-0.0308211
-0.0538211
0.115179
-0.105821
0.0201789
0.0661789
-0.108821
0.0941789
-0.0228211
-0.0448211
0.117179
-0.109821
0.0291789
0.0531789
-0.113821
0.0991789
-0.0258211
-0.0558211
0.114179
-0.0978211
0.0241789
0.0551789
-0.109821
0.0991789
-0.0228211
-0.0428211
0.114179
-0.103821
0.0291789
0.0541789
-0.111821
0.0991789
-0.0248211
-0.0398211
0.107179
-0.107821
0.0311789
0.0671789
-0.111821
0.0971789
-0.0138211
-0.0508211
0.113179
-0.104821
0.0241789
0.0591789
-0.109821
0.0991789
-0.0268211
-0.0508211
0.112179
-0.104821
0.0121789
0.0641789
-0.110821
0.0961789
-0.0178211
-0.0498211
0.114179
-0.106821
0.0301789
0.0551789
-0.106821
0.0981789
-0.0268211
-0.0548211
0.114179
-0.106821
0.0181789
0.0651789
-0.110821
0.100179
-0.0298211
-0.0528211
0.112179
-0.103821
0.0301789
0.0541789
-0.105821
0.0951789
-0.0288211
-0.0488211
0.114179
-0.109821
0.0331789
0.0531789
-0.102821
0.106179
-0.0318211
-0.0458211
0.110179
-0.106821
0.0291789
0.0591789
-0.101821
0.100179
-0.0238211
-0.0498211
0.122179
-0.111821
0.0271789
