-1.20658
0.104612
-0.0957895
0.0902105
-0.0457895
-0.0457895
0.104211
-0.102789
0.0332105
0.0562105
-0.0897895
0.0922105
-0.0517895
-0.0347895
0.101211
-0.108789
0.0412105
0.0472105
-0.0977895
0.0952105
-0.0507895
-0.0397895
0.0962105
-0.102789
0.0482105
0.0452105
-0.0897895
0.0932105
-0.0567895
-0.0387895
0.0982105
-0.0997895
0.0392105
0.0502105
-0.0917895
0.0952105
-0.0477895
-0.0387895
0.0992105
-0.0987895
0.0502105
0.0442105
-0.0887895
0.0902105
-0.0517895
-0.0347895
0.104211
-0.0987895
0.0292105
0.0462105
-0.0957895
0.0872105
-0.0547895
-0.0417895
0.0932105
-0.106789
0.0522105
0.0402105
-0.0937895
0.0932105
-0.0467895
-0.0317895
0.0862105
-0.106789
0.0472105
0.0322105
-0.0867895
0.0912105
-0.0437895
-0.0447895
0.0972105
-0.0947895
0.0302105
0.0572105
-0.0947895
0.0852105
-0.0437895
-0.0477895
0.0952105
-0.0987895
0.0352105
0.0572105
-0.0967895
0.0842105
-0.0467895
-0.0477895
0.0992105
-0.101789
0.0392105
0.0422105
-0.0847895
0.0902105
-0.0497895
-0.0447895
0.0972105
-0.0957895
0.0352105
0.0512105
-0.0947895
0.0842105
-0.0567895
-0.0437895
0.0972105
-0.101789
0.0422105
0.0382105
-0.0837895
0.0882105
-0.0527895
-0.0397895
0.0902105
-0.100789
0.0432105
0.0422105
-0.0807895
0.0942105
-0.0667895
-0.0317895
0.0992105
-0.0977895
0.0422105
0.0382105
-0.0937895
0.0872105
-0.0537895
-0.0407895
0.0952105
-0.0997895
0.0402105
0.0592105
