-0.0502695
0.114406
-0.000410526
0.0985895
-0.120411
0.0685895
0.00258947
-0.0874105
0.115589
-0.0804105
0.00958947
0.0945895
-0.115411
0.0805895
-0.0114105
-0.0804105
0.115589
-0.0824105
0.00258947
0.0925895
-0.116411
0.0765895
0.00158947
-0.0854105
0.114589
-0.0834105
0.00858947
0.0915895
-0.109411
0.0785895
-0.00141053
-0.0794105
0.116589
-0.0824105
0.00658947
0.0915895
-0.114411
0.0725895
-0.0134105
-0.0864105
0.116589
-0.0924105
0.0135895
0.0835895
-0.107411
0.0755895
-0.00741053
-0.0764105
0.113589
-0.0894105
0.00758947
0.0875895
-0.110411
0.0775895
-0.0254105
-0.0714105
0.115589
-0.0954105
0.0145895
0.0765895
-0.115411
0.0795895
-0.0294105
-0.0574105
0.107589
-0.0964105
0.00958947
0.0945895
-0.112411
0.0745895
-0.00141053
-0.0774105
0.116589
-0.0864105
0.0165895
0.0835895
-0.110411
0.0745895
-0.00941053
-0.0794105
0.109589
-0.0834105
0.00758947
0.0875895
-0.112411
0.0745895
-0.0174105
-0.0704105
0.111589
-0.0924105
0.0175895
0.0795895
-0.108411
0.0785895
-0.0124105
-0.0724105
0.111589
-0.0874105
0.0185895
0.0825895
-0.110411
0.0805895
-0.0204105
-0.0674105
0.105589
-0.0934105
0.0215895
0.0705895
-0.105411
0.0805895
-0.0214105
-0.0714105
0.111589
-0.0944105
0.0245895
0.0665895
-0.103411
0.0865895
-0.0244105
-0.0654105
0.107589
-0.0944105
0.0175895
0.0725895
-0.0994105
0.0785895
-0.0324105
-0.0744105
0.112589
-0.0974105
