2.11102
0.110458
0.0982947
-0.110705
0.0522947
0.0432947
-0.0937053
0.103295
-0.0667053
-0.0337053
0.100295
-0.108705
0.0622947
0.0332947
-0.0857053
0.106295
-0.0717053
-0.0237053
0.0972947
-0.109705
0.0632947
0.0312947
-0.0857053
0.104295
-0.0777053
-0.0187053
0.0982947
-0.114705
0.0642947
0.0282947
-0.0827053
0.103295
-0.0697053
-0.0197053
0.0982947
-0.107705
0.0562947
0.0312947
-0.0737053
0.104295
-0.0787053
-0.0137053
0.0882947
-0.113705
0.0652947
0.0322947
-0.0867053
0.103295
-0.0647053
-0.0197053
0.0922947
-0.112705
0.0612947
0.0322947
-0.0757053
0.112295
-0.0777053
-0.0157053
0.0912947
-0.111705
0.0632947
0.0262947
-0.0737053
0.110295
-0.0767053
-0.00670526
0.0922947
-0.108705
0.0582947
0.0402947
-0.0847053
0.106295
-0.0697053
-0.0207053
0.0932947
-0.104705
0.0652947
0.0222947
-0.0837053
0.101295
-0.0687053
-0.0287053
0.0952947
-0.106705
0.0602947
0.0302947
-0.0817053
0.108295
-0.0727053
-0.0147053
0.0922947
-0.110705
0.0652947
0.0262947
-0.0877053
0.105295
-0.0687053
-0.0277053
0.0962947
-0.107705
0.0632947
0.0232947
-0.0807053
0.109295
-0.0757053
-0.0137053
0.0882947
-0.110705
0.0612947
0.0232947
-0.0817053
0.105295
-0.0767053
-0.0117053
0.0892947
-0.107705
0.0852947
0.0232947
-0.0837053
0.104295
-0.0657053
-0.0157053
0.0912947
-0.108705
0.0572947
0.0302947
-0.0807053
0.108295
-0.0707053
-0.0257053
