-1.43313
0.116641
-0.127305
0.0536947
0.0296947
-0.102305
0.114695
-0.0693053
-0.0213053
0.101695
-0.119305
0.0666947
0.0116947
-0.0913053
0.118695
-0.0783053
-0.0143053
0.102695
-0.118305
0.0656947
0.0146947
-0.103305
0.116695
-0.0733053
-0.0133053
0.100695
-0.114305
0.0676947
0.0136947
-0.0933053
0.115695
-0.0743053
-0.0123053
0.0986947
-0.118305
0.0646947
0.0186947
-0.0933053
0.114695
-0.0703053
-0.000305263
0.0966947
-0.116305
0.0706947
0.00369474
-0.0903053
0.114695
-0.0743053
-0.0163053
0.0886947
-0.116305
0.0696947
0.00269474
-0.0883053
0.117695
-0.0833053
0.00169474
0.0826947
-0.122305
0.0666947
0.0116947
-0.0813053
0.110695
-0.0923053
0.00369474
0.0866947
-0.115305
0.0656947
0.0126947
-0.0913053
0.111695
-0.0753053
-0.0163053
0.0956947
-0.113305
0.0646947
0.00769474
-0.0903053
0.111695
-0.0743053
-0.0193053
0.0976947
-0.119305
0.0606947
0.00369474
-0.0953053
0.112695
-0.0803053
-0.00730526
0.0916947
-0.113305
0.0746947
0.00169474
-0.0833053
0.111695
-0.0733053
-0.0113053
0.0966947
-0.116305
0.0676947
-0.00130526
-0.0843053
0.112695
-0.0843053
0.00169474
0.0846947
-0.109305
0.0716947
-0.00330526
-0.0853053
0.107695
-0.0823053
-0.00330526
0.0856947
-0.117305
0.0816947
-0.00630526
-0.0803053
0.112695
-0.0823053
0.00169474
0.0866947
-0.115305
0.0736947
0.00269474
-0.0863053
0.111695
-0.0833053
-0.00130526
0.101695
