2.41267
0.121861
0.0839368
-0.127063
0.0939368
0.00393684
-0.0790632
0.122937
-0.103063
0.00293684
0.0789368
-0.123063
0.0979368
-0.0100632
-0.0680632
0.120937
-0.107063
0.00493684
0.0829368
-0.123063
0.0989368
-0.00806316
-0.0730632
0.121937
-0.106063
0.0109368
0.0739368
-0.119063
0.0999368
-0.00606316
-0.0690632
0.125937
-0.107063
0.00693684
0.0819368
-0.122063
0.0919368
-0.00606316
-0.0620632
0.119937
-0.111063
0.0119368
0.0679368
-0.122063
0.0969368
-0.0150632
-0.0690632
0.123937
-0.0990632
0.0109368
0.0759368
-0.120063
0.0969368
-0.00806316
-0.0570632
0.120937
-0.112063
0.0159368
0.0649368
-0.113063
0.107937
-0.0130632
-0.0520632
0.116937
-0.108063
0.0269368
0.0829368
-0.120063
0.100937
-6.31579e-05
-0.0720632
0.120937
-0.0960632
0.00193684
0.0829368
-0.121063
0.0909368
-0.00506316
-0.0680632
0.118937
-0.102063
0.00393684
0.0829368
-0.119063
0.0979368
-6.31579e-05
-0.0670632
0.119937
-0.103063
0.0119368
0.0769368
-0.118063
0.0939368
-0.00906316
-0.0690632
0.121937
-0.0990632
-0.00106316
0.0769368
-0.124063
0.0979368
-0.0100632
-0.0700632
0.117937
-0.106063
0.0159368
0.0679368
-0.119063
0.0939368
-0.0130632
-0.0600632
0.116937
-0.102063
0.0129368
0.0699368
-0.116063
0.101937
-0.0220632
-0.0700632
0.115937
-0.107063
0.0209368
0.0769368
-0.114063
0.0979368
-0.00706316
-0.0580632
0.126937
-0.112063
0.00493684
