2.31213
0.121708
0.0898421
-0.127158
0.0828421
0.0188421
-0.0871579
0.119842
-0.0971579
-0.00915789
0.0848421
-0.121158
0.0868421
0.00284211
-0.0711579
0.123842
-0.0911579
-0.00415789
0.0908421
-0.125158
0.0838421
0.00784211
-0.0761579
0.122842
-0.0991579
-0.00315789
0.0868421
-0.126158
0.0888421
0.00284211
-0.0791579
0.119842
-0.0921579
-0.00715789
0.0908421
-0.121158
0.0908421
0.00384211
-0.0701579
0.119842
-0.0971579
0.00784211
0.0788421
-0.126158
0.0918421
0.000842105
-0.0741579
0.119842
-0.0941579
-0.00115789
0.0818421
-0.124158
0.0918421
0.00184211
-0.0671579
0.123842
-0.107158
0.00884211
0.0788421
-0.117158
0.0948421
0.000842105
-0.0631579
0.115842
-0.102158
0.0128421
0.0878421
-0.117158
0.0828421
0.0108421
-0.0781579
0.122842
-0.0881579
-0.00215789
0.0828421
-0.120158
0.0828421
-0.000157895
-0.0671579
0.118842
-0.0971579
-0.00415789
0.0868421
-0.121158
0.0878421
0.0128421
-0.0711579
0.122842
-0.102158
0.00684211
0.0788421
-0.116158
0.0958421
-0.00315789
-0.0751579
0.118842
-0.0961579
0.00184211
0.0818421
-0.119158
0.0958421
-0.00915789
-0.0701579
0.121842
-0.104158
0.00984211
0.0718421
-0.115158
0.0968421
-0.00915789
-0.0601579
0.120842
-0.104158
0.0128421
0.0718421
-0.118158
0.105842
-0.0181579
-0.0621579
0.110842
-0.103158
0.0178421
0.0718421
-0.119158
0.0978421
-0.00815789
-0.0601579
0.124842
-0.105158
0.00584211
