-0.60324
0.112824
0.0979263
-0.115074
0.0709263
0.0219263
-0.0870737
0.113926
-0.0750737
-0.0170737
0.0879263
-0.116074
0.0759263
0.00992632
-0.0770737
0.109926
-0.0840737
-0.00807368
0.0909263
-0.113074
0.0779263
0.0119263
-0.0790737
0.112926
-0.0840737
-0.00307368
0.0859263
-0.116074
0.0799263
0.00992632
-0.0770737
0.107926
-0.0830737
-0.00707368
0.0919263
-0.110074
0.0779263
0.00592632
-0.0700737
0.113926
-0.0900737
-0.00107368
0.0829263
-0.113074
0.0809263
0.00692632
-0.0790737
0.108926
-0.0860737
-0.00207368
0.0839263
-0.114074
0.0779263
0.00892632
-0.0630737
0.113926
-0.0970737
-7.36842e-05
0.0759263
-0.114074
0.0839263
-0.00507368
-0.0570737
0.112926
-0.0950737
0.00792632
0.0889263
-0.111074
0.0769263
0.0209263
-0.0730737
0.110926
-0.0850737
-0.00307368
0.0769263
-0.115074
0.0829263
-0.00507368
-0.0700737
0.111926
-0.0900737
-0.00607368
0.0849263
-0.109074
0.0809263
0.00492632
-0.0650737
0.112926
-0.0960737
0.00692632
0.0779263
-0.107074
0.0819263
0.00292632
-0.0710737
0.109926
-0.0850737
-0.00407368
0.0759263
-0.113074
0.0869263
-0.00807368
-0.0660737
0.105926
-0.0940737
0.0109263
0.0709263
-0.105074
0.0839263
-0.00807368
-0.0650737
0.108926
-0.0970737
0.0109263
0.0719263
-0.107074
0.0959263
-0.0150737
-0.0660737
0.105926
-0.0970737
0.00992632
0.0799263
-0.113074
0.0869263
-0.00807368
-0.0630737
0.112926
-0.100074
0.00192632
