1.70846
0.114927
0.117537
-0.0884632
0.0105368
0.0905368
-0.117463
0.0815368
-0.0154632
-0.0744632
0.117537
-0.0954632
0.0245368
0.0805368
-0.112463
0.0885368
-0.0214632
-0.0664632
0.121537
-0.0994632
0.0215368
0.0815368
-0.111463
0.0855368
-0.0284632
-0.0604632
0.113537
-0.0974632
0.0315368
0.0745368
-0.107463
0.0795368
-0.0264632
-0.0654632
0.114537
-0.0914632
0.0195368
0.0795368
-0.110463
0.0815368
-0.0314632
-0.0614632
0.120537
-0.0984632
0.0265368
0.0745368
-0.111463
0.0865368
-0.0194632
-0.0644632
0.111537
-0.0984632
0.0245368
0.0785368
-0.106463
0.0885368
-0.0414632
-0.0594632
0.115537
-0.0824632
0.0285368
0.0775368
-0.106463
0.0905368
-0.0374632
-0.0524632
0.118537
-0.0854632
0.0145368
0.0905368
-0.112463
0.0795368
-0.00946316
-0.0724632
0.115537
-0.0884632
0.0135368
0.0795368
-0.109463
0.0805368
-0.0204632
-0.0754632
0.117537
-0.0824632
0.0165368
0.0865368
-0.105463
0.0845368
-0.0254632
-0.0594632
0.111537
-0.100463
0.0245368
0.0755368
-0.111463
0.0755368
-0.0124632
-0.0734632
0.113537
-0.0894632
0.0235368
0.0795368
-0.112463
0.0845368
-0.0224632
-0.0614632
0.114537
-0.0904632
0.0235368
0.0815368
-0.103463
0.0855368
-0.0314632
-0.0594632
0.118537
-0.0984632
0.0315368
0.0705368
-0.111463
0.0825368
-0.0234632
-0.0554632
0.112537
-0.0904632
0.0265368
0.0755368
-0.105463
0.0885368
-0.0234632
-0.0714632
