0.452428
0.114636
0.0448842
0.0588842
-0.102116
0.104884
-0.0511158
-0.0451158
0.116884
-0.106116
0.0498842
0.0528842
-0.0991158
0.103884
-0.0611158
-0.0371158
0.106884
-0.110116
0.0498842
0.0478842
-0.0991158
0.102884
-0.0561158
-0.0421158
0.107884
-0.114116
0.0548842
0.0448842
-0.0971158
0.104884
-0.0571158
-0.0371158
0.107884
-0.106116
0.0528842
0.0538842
-0.103116
0.104884
-0.0611158
-0.0431158
0.100884
-0.111116
0.0588842
0.0388842
-0.0941158
0.104884
-0.0561158
-0.0401158
0.111884
-0.111116
0.0488842
0.0478842
-0.0941158
0.109884
-0.0751158
-0.0301158
0.101884
-0.112116
0.0518842
0.0358842
-0.0951158
0.103884
-0.0691158
-0.0151158
0.101884
-0.110116
0.0438842
0.0568842
-0.101116
0.0968842
-0.0491158
-0.0491158
0.107884
-0.112116
0.0448842
0.0528842
-0.103116
0.0988842
-0.0571158
-0.0361158
0.109884
-0.108116
0.0448842
0.0528842
-0.102116
0.0988842
-0.0601158
-0.0361158
0.106884
-0.112116
0.0578842
0.0418842
-0.0981158
0.101884
-0.0511158
-0.0391158
0.101884
-0.107116
0.0488842
0.0438842
-0.0941158
0.105884
-0.0631158
-0.0241158
0.0998842
-0.109116
0.0568842
0.0408842
-0.0931158
0.101884
-0.0651158
-0.0311158
0.106884
-0.108116
0.0548842
0.0328842
-0.0951158
0.100884
-0.0611158
-0.0341158
0.105884
-0.110116
0.0508842
0.0398842
-0.0931158
0.0988842
-0.0581158
-0.0401158
0.113884
-0.111116
