0.854603
0.113841
0.0873474
0.0123474
-0.0756526
0.114347
-0.0916526
-0.0106526
0.0893474
-0.108653
0.0903474
-0.00165263
-0.0716526
0.113347
-0.0956526
0.00234737
0.0853474
-0.111653
0.0823474
0.00234737
-0.0726526
0.112347
-0.0926526
-0.00765263
0.0803474
-0.105653
0.0903474
-0.00265263
-0.0656526
0.115347
-0.0956526
0.00134737
0.0833474
-0.108653
0.0873474
0.00334737
-0.0746526
0.112347
-0.0956526
-0.00365263
0.0743474
-0.109653
0.0893474
-0.0106526
-0.0666526
0.112347
-0.0956526
-0.000652632
0.0823474
-0.108653
0.0833474
-0.00365263
-0.0646526
0.114347
-0.0996526
0.00834737
0.0683474
-0.112653
0.0893474
-0.00865263
-0.0676526
0.112347
-0.0976526
0.0213474
0.0683474
-0.113653
0.0813474
0.0123474
-0.0726526
0.114347
-0.0906526
-0.00465263
0.0783474
-0.111653
0.0873474
0.00134737
-0.0646526
0.110347
-0.0916526
-0.00365263
0.0803474
-0.110653
0.0813474
0.00934737
-0.0626526
0.116347
-0.0966526
0.00134737
0.0813474
-0.108653
0.0903474
-0.00565263
-0.0676526
0.114347
-0.0896526
-0.00465263
0.0823474
-0.106653
0.0843474
0.00434737
-0.0626526
0.114347
-0.0886526
0.00934737
0.0793474
-0.104653
0.0903474
-0.00565263
-0.0636526
0.112347
-0.0926526
0.000347368
0.0683474
-0.107653
0.0863474
-0.0136526
-0.0506526
0.108347
-0.0906526
0.00234737
0.0783474
-0.107653
0.0883474
-0.00765263
-0.0626526
0.110347
-0.0926526
-0.000652632
0.0863474
-0.120653
