1.85956
0.121252
0.130779
-0.103221
0.0357789
0.0737789
-0.122221
0.0977789
-0.0382211
-0.0662211
0.117779
-0.109221
0.0427789
0.0647789
-0.110221
0.105779
-0.0442211
-0.0552211
0.122779
-0.112221
0.0407789
0.0657789
-0.115221
0.100779
-0.0452211
-0.0512211
0.114779
-0.109221
0.0477789
0.0637789
-0.107221
0.0987789
-0.0472211
-0.0482211
0.120779
-0.110221
0.0457789
0.0647789
-0.105221
0.100779
-0.0602211
-0.0462211
0.110779
-0.112221
0.0507789
0.0597789
-0.110221
0.103779
-0.0492211
-0.0442211
0.112779
-0.108221
0.0467789
0.0617789
-0.0952211
0.107779
-0.0682211
-0.0412211
0.110779
-0.108221
0.0517789
0.0537789
-0.0992211
0.107779
-0.0642211
-0.0342211
0.120779
-0.101221
0.0427789
0.0687789
-0.112221
0.0977789
-0.0432211
-0.0552211
0.116779
-0.112221
0.0457789
0.0577789
-0.106221
0.101779
-0.0522211
-0.0522211
0.114779
-0.104221
0.0497789
0.0637789
-0.107221
0.105779
-0.0592211
-0.0342211
0.112779
-0.114221
0.0517789
0.0497789
-0.110221
0.103779
-0.0562211
-0.0472211
0.112779
-0.113221
0.0547789
0.0517789
-0.101221
0.108779
-0.0652211
-0.0292211
0.105779
-0.113221
0.0597789
0.0517789
-0.0942211
0.105779
-0.0662211
-0.0372211
0.113779
-0.119221
0.0617789
0.0427789
-0.100221
0.105779
-0.0642211
-0.0282211
0.111779
-0.117221
0.0577789
0.0447789
-0.0942211
0.110779
-0.0732211
-0.0402211
