0.854603
0.114276
0.0966105
-0.000389474
-0.0713895
0.116611
-0.0943895
0.00261053
0.0846105
-0.114389
0.0896105
-0.00738947
-0.0653895
0.115611
-0.0973895
0.0106105
0.0766105
-0.111389
0.0916105
-0.00438947
-0.0633895
0.118611
-0.0923895
0.0116105
0.0686105
-0.116389
0.0906105
-0.0113895
-0.0583895
0.116611
-0.0963895
0.00661053
0.0796105
-0.113389
0.0866105
-0.00838947
-0.0663895
0.119611
-0.0973895
0.00261053
0.0706105
-0.109389
0.0966105
-0.0163895
-0.0583895
0.113611
-0.0963895
0.00761053
0.0826105
-0.106389
0.0896105
-0.0113895
-0.0553895
0.114611
-0.103389
0.0186105
0.0666105
-0.110389
0.0886105
-0.0213895
-0.0623895
0.110611
-0.100389
0.0266105
0.0646105
-0.108389
0.0806105
0.00561053
-0.0673895
0.114611
-0.0903895
0.00561053
0.0786105
-0.117389
0.0876105
-0.0123895
-0.0643895
0.108611
-0.103389
0.0106105
0.0706105
-0.112389
0.0906105
-0.00538947
-0.0593895
0.112611
-0.0983895
0.0156105
0.0676105
-0.106389
0.0946105
-0.0213895
-0.0523895
0.111611
-0.0983895
0.00961053
0.0696105
-0.114389
0.0916105
-0.0153895
-0.0493895
0.111611
-0.100389
0.0186105
0.0586105
-0.106389
0.0956105
-0.0233895
-0.0443895
0.112611
-0.104389
0.0256105
0.0566105
-0.105389
0.103611
-0.0483895
-0.0453895
0.107611
-0.105389
0.0256105
0.0586105
-0.106389
0.0986105
-0.0323895
-0.0443895
0.107611
-0.102389
0.0196105
0.0606105
-0.112389
