4.12189
0.117007
-0.111611
0.0103895
0.0693895
-0.122611
0.0983895
-0.0206105
-0.0596105
0.118389
-0.113611
0.0263895
0.0603895
-0.115611
0.107389
-0.0336105
-0.0506105
0.115389
-0.110611
0.0213895
0.0613895
-0.114611
0.0983895
-0.0336105
-0.0466105
0.114389
-0.115611
0.0213895
0.0563895
-0.113611
0.100389
-0.0226105
-0.0516105
0.115389
-0.107611
0.0213895
0.0663895
-0.118611
0.104389
-0.0216105
-0.0466105
0.113389
-0.109611
0.0283895
0.0513895
-0.115611
0.101389
-0.0256105
-0.0576105
0.113389
-0.106611
0.0283895
0.0583895
-0.115611
0.107389
-0.0296105
-0.0426105
0.108389
-0.118611
0.0223895
0.0593895
-0.107611
0.102389
-0.0436105
-0.0476105
0.110389
-0.107611
0.0113895
0.0693895
-0.112611
0.0903895
-0.0146105
-0.0586105
0.116389
-0.108611
0.0173895
0.0633895
-0.117611
0.0963895
-0.0266105
-0.0586105
0.111389
-0.109611
0.0113895
0.0633895
-0.110611
0.101389
-0.0226105
-0.0516105
0.111389
-0.112611
0.0263895
0.0563895
-0.110611
0.0933895
-0.0216105
-0.0566105
0.108389
-0.106611
0.0183895
0.0493895
-0.112611
0.0933895
-0.0386105
-0.0456105
0.110389
-0.112611
0.0283895
0.0463895
-0.104611
0.0993895
-0.0296105
-0.0436105
0.108389
-0.105611
0.0353895
0.0373895
-0.104611
0.0963895
-0.0316105
-0.0456105
0.114389
-0.108611
0.0283895
0.0473895
-0.107611
0.103389
-0.0246105
-0.0496105
0.116389
