2.66403
0.10996
0.0475684
-0.107432
0.102568
-0.0314316
-0.0414316
0.115568
-0.105432
0.0265684
0.0405684
-0.101432
0.101568
-0.0404316
-0.0314316
0.109568
-0.106432
0.0325684
0.0455684
-0.101432
0.0965684
-0.0404316
-0.0424316
0.107568
-0.110432
0.0395684
0.0425684
-0.105432
0.102568
-0.0364316
-0.0324316
0.111568
-0.104432
0.0295684
0.0505684
-0.103432
0.0955684
-0.0324316
-0.0364316
0.108568
-0.107432
0.0335684
0.0345684
-0.100432
0.102568
-0.0434316
-0.0404316
0.108568
-0.105432
0.0395684
0.0415684
-0.100432
0.100568
-0.0354316
-0.0284316
0.115568
-0.109432
0.0385684
0.0395684
-0.104432
0.0965684
-0.0414316
-0.0314316
0.0995684
-0.105432
0.0415684
0.0555684
-0.105432
0.0995684
-0.0244316
-0.0414316
0.107568
-0.100432
0.0265684
0.0495684
-0.102432
0.0975684
-0.0354316
-0.0404316
0.104568
-0.102432
0.0265684
0.0535684
-0.101432
0.0965684
-0.0334316
-0.0334316
0.102568
-0.107432
0.0395684
0.0385684
-0.102432
0.0955684
-0.0364316
-0.0384316
0.105568
-0.103432
0.0225684
0.0425684
-0.102432
0.0995684
-0.0414316
-0.0284316
0.104568
-0.105432
0.0395684
0.0345684
-0.0974316
0.0995684
-0.0444316
-0.0344316
0.100568
-0.112432
0.0375684
0.0355684
-0.0914316
0.107568
-0.0484316
-0.0324316
0.103568
-0.107432
0.0455684
0.0405684
-0.0964316
0.0975684
-0.0434316
-0.0294316
0.111568
-0.113432
0.0335684
