0.754056
0.112159
0.0842316
0.00823158
-0.0757684
0.114232
-0.0897684
-0.00676842
0.0882316
-0.118768
0.0852316
0.00423158
-0.0707684
0.114232
-0.0997684
0.000231579
0.0842316
-0.112768
0.0862316
0.000231579
-0.0667684
0.116232
-0.0927684
0.000231579
0.0792316
-0.111768
0.0882316
-0.00576842
-0.0647684
0.115232
-0.0907684
-0.00176842
0.0832316
-0.111768
0.0812316
-0.00376842
-0.0727684
0.115232
-0.0957684
0.000231579
0.0692316
-0.110768
0.0912316
-0.00976842
-0.0637684
0.115232
-0.0907684
0.00323158
0.0772316
-0.109768
0.0842316
-0.00576842
-0.0597684
0.115232
-0.0997684
0.00923158
0.0662316
-0.107768
0.0882316
-0.0137684
-0.0657684
0.109232
-0.0957684
0.0252316
0.0622316
-0.105768
0.0862316
0.00623158
-0.0707684
0.116232
-0.0847684
-0.000768421
0.0842316
-0.112768
0.0862316
0.00223158
-0.0637684
0.112232
-0.0957684
0.00323158
0.0722316
-0.113768
0.0832316
0.00223158
-0.0647684
0.111232
-0.0937684
0.0102316
0.0782316
-0.105768
0.0872316
-0.0147684
-0.0597684
0.114232
-0.0887684
0.00423158
0.0762316
-0.114768
0.0842316
0.00123158
-0.0567684
0.115232
-0.0927684
0.0122316
0.0732316
-0.105768
0.0922316
-0.00976842
-0.0547684
0.113232
-0.0927684
0.0102316
0.0582316
-0.105768
0.0892316
-0.0227684
-0.0407684
0.113232
-0.0867684
0.0122316
0.0702316
-0.103768
0.0862316
-0.0107684
-0.0527684
0.113232
-0.0927684
0.00623158
0.0782316
-0.112768
