-0.60324
0.108219
-0.0532842
0.111716
-0.0992842
0.0207158
0.0677158
-0.108284
0.0897158
-0.0182842
-0.0462842
0.108716
-0.106284
0.0247158
0.0517158
-0.109284
0.0987158
-0.0272842
-0.0482842
0.105716
-0.103284
0.0227158
0.0587158
-0.103284
0.0957158
-0.0322842
-0.0452842
0.107716
-0.108284
0.0297158
0.0607158
-0.103284
0.0947158
-0.0272842
-0.0502842
0.106716
-0.104284
0.0267158
0.0497158
-0.104284
0.0957158
-0.0352842
-0.0402842
0.105716
-0.101284
0.0247158
0.0537158
-0.105284
0.0897158
-0.0302842
-0.0452842
0.106716
-0.0992842
0.0257158
0.0367158
-0.0972842
0.0997158
-0.0382842
-0.0442842
0.105716
-0.100284
0.0387158
0.0377158
-0.0962842
0.0937158
-0.0412842
-0.0472842
0.105716
-0.100284
0.0237158
0.0467158
-0.0962842
0.0997158
-0.0392842
-0.0372842
0.100716
-0.108284
0.0327158
0.0387158
-0.101284
0.0967158
-0.0342842
-0.0372842
0.103716
-0.104284
0.0337158
0.0437158
-0.100284
0.0957158
-0.0512842
-0.0272842
0.100716
-0.103284
0.0347158
0.0437158
-0.0972842
0.0947158
-0.0372842
-0.0352842
0.100716
-0.103284
0.0367158
0.0367158
-0.0932842
0.0937158
-0.0552842
-0.0292842
0.0947158
-0.108284
0.0417158
0.0357158
-0.0922842
0.105716
-0.0512842
-0.0212842
0.0897158
-0.124284
0.0457158
0.0297158
-0.0922842
0.0957158
-0.0592842
-0.0312842
0.0957158
-0.107284
0.0407158
0.0307158
-0.101284
0.101716
-0.0492842
