-1.43313
0.11591
-0.120347
0.0566526
0.0246526
-0.106347
0.114653
-0.0703474
-0.0133474
0.105653
-0.120347
0.0616526
0.0106526
-0.0943474
0.117653
-0.0793474
-0.00734737
0.102653
-0.118347
0.0646526
0.0106526
-0.0913474
0.115653
-0.0743474
-0.0133474
0.102653
-0.117347
0.0656526
0.00965263
-0.0953474
0.111653
-0.0643474
-0.0113474
0.103653
-0.115347
0.0626526
0.0246526
-0.0993474
0.111653
-0.0653474
-0.00734737
0.101653
-0.114347
0.0656526
0.0116526
-0.0963474
0.111653
-0.0653474
-0.0233474
0.102653
-0.111347
0.0646526
0.0166526
-0.101347
0.113653
-0.0803474
-0.00534737
0.0906526
-0.124347
0.0596526
0.0156526
-0.0923474
0.110653
-0.0813474
-0.0103474
0.0956526
-0.114347
0.0486526
0.0276526
-0.0973474
0.107653
-0.0613474
-0.0223474
0.100653
-0.115347
0.0556526
0.0116526
-0.0953474
0.108653
-0.0773474
-0.0143474
0.0996526
-0.118347
0.0566526
0.00865263
-0.100347
0.109653
-0.0733474
-0.0113474
0.0906526
-0.109347
0.0686526
0.00765263
-0.0843474
0.107653
-0.0673474
-0.0143474
0.0996526
-0.112347
0.0596526
-0.000347368
-0.0883474
0.105653
-0.0803474
-0.00434737
0.0856526
-0.112347
0.0686526
-0.00634737
-0.0863474
0.107653
-0.0843474
0.00565263
0.0896526
-0.110347
0.0776526
-0.0193474
-0.0793474
0.111653
-0.0803474
-0.000347368
0.0896526
-0.112347
0.0666526
-0.00134737
-0.0883474
0.110653
-0.0813474
0.000652632
0.0966526
