2.51322
0.117089
0.0719158
-0.120084
0.0919158
-0.0110842
-0.0640842
0.119916
-0.107084
0.0119158
0.0619158
-0.114084
0.0989158
-0.0220842
-0.0510842
0.121916
-0.107084
0.0139158
0.0699158
-0.119084
0.0979158
-0.0160842
-0.0640842
0.115916
-0.110084
0.0169158
0.0649158
-0.117084
0.0979158
-0.0160842
-0.0550842
0.113916
-0.102084
0.0169158
0.0699158
-0.116084
0.0919158
-0.0170842
-0.0550842
0.116916
-0.112084
0.0239158
0.0589158
-0.119084
0.0989158
-0.0190842
-0.0560842
0.114916
-0.0980842
0.0159158
0.0659158
-0.122084
0.0969158
-0.0220842
-0.0450842
0.117916
-0.111084
0.0239158
0.0659158
-0.103084
0.105916
-0.0170842
-0.0420842
0.104916
-0.110084
0.0339158
0.0759158
-0.113084
0.0959158
-0.00908421
-0.0660842
0.116916
-0.0930842
0.0129158
0.0799158
-0.117084
0.0899158
-0.0150842
-0.0590842
0.116916
-0.103084
0.0109158
0.0729158
-0.117084
0.0959158
-0.00708421
-0.0550842
0.117916
-0.103084
0.0229158
0.0579158
-0.110084
0.0979158
-0.0210842
-0.0580842
0.115916
-0.104084
0.0109158
0.0689158
-0.116084
0.100916
-0.0210842
-0.0540842
0.113916
-0.109084
0.0239158
0.0589158
-0.113084
0.0949158
-0.0260842
-0.0510842
0.113916
-0.108084
0.0259158
0.0539158
-0.107084
0.107916
-0.0300842
-0.0550842
0.113916
-0.104084
0.0239158
0.0609158
-0.109084
0.0979158
-0.0250842
-0.0480842
0.117916
-0.111084
0.0249158
