1.05571
0.111273
0.0976211
-0.0173789
-0.0573789
0.113621
-0.0993789
0.0146211
0.0726211
-0.112379
0.0976211
-0.0253789
-0.0483789
0.109621
-0.107379
0.0216211
0.0646211
-0.107379
0.0966211
-0.0243789
-0.0493789
0.113621
-0.0963789
0.0236211
0.0566211
-0.105379
0.0986211
-0.0263789
-0.0443789
0.114621
-0.101379
0.0216211
0.0626211
-0.109379
0.0946211
-0.0233789
-0.0593789
0.113621
-0.106379
0.0156211
0.0536211
-0.103379
0.0986211
-0.0293789
-0.0483789
0.113621
-0.104379
0.0196211
0.0666211
-0.102379
0.0936211
-0.0293789
-0.0483789
0.109621
-0.107379
0.0376211
0.0456211
-0.0993789
0.0996211
-0.0423789
-0.0473789
0.106621
-0.105379
0.0466211
0.0436211
-0.0993789
0.0956211
-0.0183789
-0.0483789
0.114621
-0.103379
0.0206211
0.0626211
-0.106379
0.0956211
-0.0253789
-0.0483789
0.110621
-0.103379
0.0286211
0.0566211
-0.106379
0.0896211
-0.0213789
-0.0483789
0.108621
-0.100379
0.0266211
0.0556211
-0.101379
0.100621
-0.0353789
-0.0373789
0.110621
-0.102379
0.0246211
0.0606211
-0.108379
0.0936211
-0.0273789
-0.0393789
0.111621
-0.100379
0.0336211
0.0496211
-0.0993789
0.0986211
-0.0423789
-0.0423789
0.111621
-0.100379
0.0356211
0.0486211
-0.0983789
0.103621
-0.0463789
-0.0283789
0.108621
-0.102379
0.0316211
0.0496211
-0.0963789
0.0996211
-0.0383789
-0.0363789
0.110621
-0.101379
0.0246211
0.0536211
-0.107379
