2.51322
0.121176
0.0775895
-0.128411
0.101589
-0.00741053
-0.0704105
0.128589
-0.107411
0.0115895
0.0645895
-0.119411
0.105589
-0.0234105
-0.0534105
0.126589
-0.116411
0.0145895
0.0715895
-0.119411
0.0995895
-0.0224105
-0.0634105
0.121589
-0.111411
0.0215895
0.0655895
-0.120411
0.107589
-0.0264105
-0.0574105
0.125589
-0.107411
0.0155895
0.0655895
-0.120411
0.0985895
-0.0204105
-0.0554105
0.121589
-0.107411
0.0285895
0.0575895
-0.117411
0.107589
-0.0274105
-0.0584105
0.122589
-0.107411
0.0235895
0.0605895
-0.116411
0.105589
-0.0224105
-0.0414105
0.120589
-0.116411
0.0295895
0.0505895
-0.112411
0.106589
-0.0344105
-0.0404105
0.112589
-0.116411
0.0405895
0.0695895
-0.114411
0.107589
-0.0184105
-0.0544105
0.120589
-0.107411
0.0235895
0.0595895
-0.115411
0.105589
-0.0334105
-0.0484105
0.116589
-0.108411
0.0205895
0.0655895
-0.114411
0.104589
-0.0194105
-0.0534105
0.122589
-0.113411
0.0355895
0.0525895
-0.114411
0.107589
-0.0334105
-0.0534105
0.116589
-0.112411
0.0205895
0.0545895
-0.121411
0.111589
-0.0374105
-0.0424105
0.114589
-0.115411
0.0365895
0.0445895
-0.107411
0.105589
-0.0354105
-0.0454105
0.111589
-0.113411
0.0405895
0.0405895
-0.107411
0.112589
-0.0454105
-0.0454105
0.108589
-0.116411
0.0375895
0.0515895
-0.106411
0.109589
-0.0384105
-0.0364105
0.119589
-0.120411
0.0315895
