3.87051
0.114686
-0.0905158
-0.0185158
0.0944842
-0.122516
0.0714842
0.0224842
-0.0855158
0.109484
-0.0965158
-0.00751579
0.0894842
-0.120516
0.0874842
0.00748421
-0.0795158
0.113484
-0.0855158
-0.0125158
0.0874842
-0.120516
0.0724842
0.0134842
-0.0805158
0.112484
-0.0895158
-0.00851579
0.0824842
-0.118516
0.0774842
0.0144842
-0.0815158
0.113484
-0.0835158
-0.00851579
0.0894842
-0.114516
0.0814842
0.0184842
-0.0715158
0.113484
-0.0935158
0.000484211
0.0814842
-0.117516
0.0754842
0.00648421
-0.0785158
0.109484
-0.0905158
-0.00751579
0.0824842
-0.119516
0.0884842
0.00248421
-0.0685158
0.110484
-0.101516
-0.00451579
0.0864842
-0.115516
0.0834842
-0.00651579
-0.0695158
0.107484
-0.0835158
-0.0165158
0.0924842
-0.114516
0.0784842
0.0124842
-0.0775158
0.110484
-0.0965158
-0.00451579
0.0804842
-0.116516
0.0784842
0.0134842
-0.0715158
0.111484
-0.0925158
-0.0125158
0.0824842
-0.116516
0.0834842
0.00348421
-0.0715158
0.109484
-0.0955158
0.00348421
0.0844842
-0.112516
0.0764842
0.00748421
-0.0785158
0.103484
-0.0875158
-0.00851579
0.0674842
-0.115516
0.0834842
-0.00451579
-0.0745158
0.109484
-0.0935158
-0.000515789
0.0794842
-0.111516
0.0794842
0.00148421
-0.0665158
0.108484
-0.0935158
0.00448421
0.0664842
-0.113516
0.0774842
0.00248421
-0.0715158
0.110484
-0.0915158
-0.00251579
0.0784842
-0.119516
0.0804842
0.0104842
-0.0765158
0.116484
