-0.0502695
0.11298
-0.000894737
0.104105
-0.118895
0.0611053
0.0111053
-0.0898947
0.114105
-0.0778947
0.00410526
0.0941053
-0.113895
0.0721053
-0.00289474
-0.0838947
0.115105
-0.0768947
-0.00189474
0.0961053
-0.113895
0.0691053
0.00910526
-0.0828947
0.112105
-0.0798947
0.00110526
0.0921053
-0.114895
0.0691053
0.00310526
-0.0848947
0.117105
-0.0768947
-0.00389474
0.0951053
-0.112895
0.0701053
-0.00489474
-0.0868947
0.118105
-0.0798947
0.0101053
0.0871053
-0.113895
0.0681053
0.00210526
-0.0828947
0.114105
-0.0818947
0.00110526
0.0921053
-0.111895
0.0641053
-0.0148947
-0.0828947
0.114105
-0.0858947
0.00510526
0.0821053
-0.108895
0.0711053
-0.0138947
-0.0648947
0.108105
-0.0818947
-0.000894737
0.0971053
-0.107895
0.0621053
0.00510526
-0.0868947
0.112105
-0.0788947
0.00710526
0.0871053
-0.111895
0.0701053
-0.0128947
-0.0768947
0.109105
-0.0778947
0.00110526
0.0921053
-0.110895
0.0701053
-0.00789474
-0.0768947
0.117105
-0.0848947
0.0131053
0.0831053
-0.107895
0.0721053
0.000105263
-0.0838947
0.110105
-0.0778947
0.00210526
0.0841053
-0.107895
0.0721053
-0.0128947
-0.0748947
0.113105
-0.0848947
0.0161053
0.0791053
-0.107895
0.0711053
-0.0108947
-0.0658947
0.108105
-0.0858947
0.0181053
0.0741053
-0.106895
0.0761053
-0.00989474
-0.0678947
0.112105
-0.0868947
0.0121053
0.0771053
-0.108895
0.0751053
-0.0178947
-0.0798947
0.114105
-0.0868947
