3.41808
0.114935
-0.0363789
-0.0663789
0.118621
-0.104379
0.0316211
0.0776211
-0.115379
0.0926211
-0.0513789
-0.0533789
0.113621
-0.110379
0.0396211
0.0616211
-0.107379
0.0916211
-0.0443789
-0.0513789
0.110621
-0.101379
0.0316211
0.0676211
-0.108379
0.0926211
-0.0443789
-0.0573789
0.113621
-0.103379
0.0286211
0.0696211
-0.107379
0.0836211
-0.0323789
-0.0573789
0.115621
-0.101379
0.0406211
0.0696211
-0.103379
0.0946211
-0.0553789
-0.0563789
0.114621
-0.0993789
0.0276211
0.0746211
-0.112379
0.0916211
-0.0363789
-0.0623789
0.106621
-0.105379
0.0406211
0.0656211
-0.101379
0.0936211
-0.0513789
-0.0553789
0.114621
-0.100379
0.0426211
0.0506211
-0.0993789
0.0926211
-0.0253789
-0.0623789
0.112621
-0.0903789
0.0316211
0.0706211
-0.106379
0.0876211
-0.0423789
-0.0573789
0.108621
-0.102379
0.0356211
0.0696211
-0.106379
0.0796211
-0.0353789
-0.0613789
0.108621
-0.105379
0.0376211
0.0636211
-0.0983789
0.0966211
-0.0423789
-0.0593789
0.107621
-0.102379
0.0296211
0.0716211
-0.104379
0.0866211
-0.0393789
-0.0583789
0.102621
-0.101379
0.0296211
0.0586211
-0.103379
0.0946211
-0.0453789
-0.0543789
0.110621
-0.0973789
0.0356211
0.0616211
-0.0983789
0.0926211
-0.0503789
-0.0453789
0.106621
-0.108379
0.0296211
0.0566211
-0.103379
0.0876211
-0.0443789
-0.0493789
0.104621
-0.101379
0.0386211
0.0736211
-0.110379
0.0966211
