1.80923
0.120154
0.124474
-0.108526
0.0334737
0.0774737
-0.114526
0.0974737
-0.0395263
-0.0625263
0.118474
-0.111526
0.0354737
0.0694737
-0.112526
0.106474
-0.0405263
-0.0565263
0.121474
-0.114526
0.0414737
0.0714737
-0.112526
0.0994737
-0.0415263
-0.0595263
0.116474
-0.109526
0.0474737
0.0624737
-0.110526
0.104474
-0.0385263
-0.0555263
0.120474
-0.109526
0.0314737
0.0684737
-0.107526
0.0974737
-0.0475263
-0.0525263
0.111474
-0.114526
0.0394737
0.0654737
-0.109526
0.102474
-0.0355263
-0.0505263
0.115474
-0.111526
0.0424737
0.0644737
-0.100526
0.107474
-0.0615263
-0.0465263
0.113474
-0.111526
0.0434737
0.0584737
-0.0995263
0.108474
-0.0535263
-0.0405263
0.116474
-0.104526
0.0344737
0.0804737
-0.111526
0.0994737
-0.0255263
-0.0595263
0.117474
-0.107526
0.0364737
0.0694737
-0.108526
0.100474
-0.0375263
-0.0655263
0.112474
-0.104526
0.0364737
0.0724737
-0.107526
0.0994737
-0.0475263
-0.0515263
0.114474
-0.110526
0.0384737
0.0654737
-0.110526
0.101474
-0.0365263
-0.0595263
0.115474
-0.101526
0.0414737
0.0614737
-0.106526
0.105474
-0.0545263
-0.0445263
0.108474
-0.111526
0.0464737
0.0564737
-0.104526
0.103474
-0.0565263
-0.0445263
0.114474
-0.115526
0.0574737
0.0534737
-0.105526
0.105474
-0.0535263
-0.0415263
0.115474
-0.105526
0.0424737
0.0604737
-0.101526
0.0984737
-0.0465263
-0.0585263
