1.35753
0.118619
0.123189
-0.0638105
-0.0168105
0.111189
-0.122811
0.0601895
0.0291895
-0.102811
0.119189
-0.0758105
-0.0168105
0.108189
-0.124811
0.0671895
0.0201895
-0.0978105
0.121189
-0.0698105
-0.0158105
0.113189
-0.117811
0.0621895
0.0201895
-0.0948105
0.115189
-0.0678105
-0.00681053
0.109189
-0.117811
0.0611895
0.0261895
-0.0998105
0.116189
-0.0668105
-0.0188105
0.108189
-0.121811
0.0611895
0.00918947
-0.0948105
0.111189
-0.0778105
-0.0128105
0.106189
-0.122811
0.0651895
0.0311895
-0.0948105
0.115189
-0.0718105
-0.00881053
0.106189
-0.120811
0.0691895
0.00818947
-0.0938105
0.115189
-0.0668105
-0.0138105
0.103189
-0.115811
0.0751895
0.00318947
-0.0818105
0.116189
-0.0608105
-0.0178105
0.109189
-0.118811
0.0561895
0.0361895
-0.0978105
0.114189
-0.0608105
-0.0228105
0.109189
-0.117811
0.0501895
0.0361895
-0.101811
0.112189
-0.0508105
-0.0248105
0.111189
-0.116811
0.0551895
0.0261895
-0.0998105
0.111189
-0.0698105
-0.0148105
0.109189
-0.116811
0.0531895
0.0351895
-0.100811
0.113189
-0.0548105
-0.0148105
0.110189
-0.113811
0.0611895
0.0261895
-0.0938105
0.110189
-0.0618105
-0.00881053
0.103189
-0.116811
0.0581895
0.0151895
-0.0908105
0.115189
-0.0818105
0.000189474
0.100189
-0.114811
0.0591895
0.0211895
-0.0918105
0.110189
-0.0638105
-0.0118105
0.109189
-0.110811
0.0511895
0.0291895
-0.103811
