-0.60324
0.106743
-0.0680737
0.105926
-0.0920737
-0.00207368
0.0819263
-0.111074
0.0779263
0.0119263
-0.0600737
0.105926
-0.0860737
0.00292632
0.0689263
-0.112074
0.0809263
0.00792632
-0.0640737
0.110926
-0.0880737
0.000926316
0.0839263
-0.109074
0.0769263
-0.00207368
-0.0660737
0.105926
-0.0980737
-0.00107368
0.0799263
-0.107074
0.0759263
0.00892632
-0.0680737
0.103926
-0.0900737
-0.00207368
0.0719263
-0.107074
0.0799263
-0.00107368
-0.0590737
0.101926
-0.0890737
-0.00307368
0.0759263
-0.103074
0.0709263
-0.00307368
-0.0650737
0.104926
-0.0910737
-0.00407368
0.0669263
-0.108074
0.0849263
-0.00507368
-0.0640737
0.105926
-0.0800737
0.00592632
0.0579263
-0.106074
0.0829263
-0.0160737
-0.0620737
0.104926
-0.0820737
-0.00707368
0.0779263
-0.110074
0.0759263
-7.36842e-05
-0.0590737
0.0999263
-0.0930737
0.000926316
0.0679263
-0.102074
0.0729263
-0.00107368
-0.0670737
0.106926
-0.0860737
-0.00107368
0.0659263
-0.106074
0.0819263
-0.0120737
-0.0520737
0.100926
-0.0890737
0.00392632
0.0689263
-0.108074
0.0759263
-0.00407368
-0.0570737
0.0999263
-0.0990737
0.0139263
0.0629263
-0.104074
0.0839263
-0.0170737
-0.0520737
0.101926
-0.0940737
0.0149263
0.0569263
-0.103074
0.0889263
-0.0160737
-0.0440737
0.100926
-0.107074
0.0169263
0.0579263
-0.100074
0.0849263
-0.0200737
-0.0540737
0.100926
-0.0910737
0.0119263
0.0539263
-0.108074
0.0879263
-0.0120737
