-1.00543
0.116768
-0.0959789
0.113021
-0.0709789
-0.0369789
0.103021
-0.117979
0.0580211
0.0370211
-0.0889789
0.115021
-0.0759789
-0.0219789
0.0980211
-0.118979
0.0680211
0.0320211
-0.0939789
0.113021
-0.0769789
-0.0199789
0.103021
-0.117979
0.0600211
0.0310211
-0.0959789
0.110021
-0.0829789
-0.0249789
0.102021
-0.114979
0.0610211
0.0340211
-0.0919789
0.112021
-0.0679789
-0.0279789
0.0980211
-0.117979
0.0660211
0.0260211
-0.0859789
0.116021
-0.0739789
-0.0259789
0.106021
-0.110979
0.0550211
0.0290211
-0.0889789
0.114021
-0.0759789
-0.0289789
0.0970211
-0.119979
0.0710211
0.0150211
-0.0949789
0.105021
-0.0779789
-0.0139789
0.0900211
-0.111979
0.0750211
0.0180211
-0.0909789
0.107021
-0.0699789
-0.0299789
0.101021
-0.112979
0.0600211
0.0280211
-0.0909789
0.107021
-0.0789789
-0.0179789
0.0900211
-0.116979
0.0530211
0.0360211
-0.0959789
0.106021
-0.0779789
-0.0269789
0.0950211
-0.117979
0.0610211
0.0130211
-0.0869789
0.112021
-0.0739789
-0.0159789
0.100021
-0.112979
0.0590211
0.0330211
-0.0889789
0.109021
-0.0859789
-0.0179789
0.0970211
-0.118979
0.0650211
0.00802105
-0.0799789
0.110021
-0.0789789
-0.0189789
0.0850211
-0.114979
0.0710211
0.0130211
-0.0799789
0.110021
-0.0939789
-0.00797895
0.0960211
-0.111979
0.0700211
0.00702105
-0.0869789
0.109021
-0.0819789
-0.0169789
0.0830211
-0.118979
0.0710211
0.0170211
