3.7197
0.114822
-0.0745895
-0.0355895
0.109411
-0.115589
0.0614105
0.0384105
-0.0925895
0.110411
-0.0835895
-0.0215895
0.0964105
-0.123589
0.0744105
0.0204105
-0.0885895
0.110411
-0.0785895
-0.0215895
0.0934105
-0.119589
0.0674105
0.0254105
-0.0865895
0.112411
-0.0845895
-0.0195895
0.0924105
-0.117589
0.0654105
0.0274105
-0.0885895
0.105411
-0.0775895
-0.0225895
0.0944105
-0.119589
0.0754105
0.0304105
-0.0775895
0.113411
-0.0855895
-0.00558947
0.0924105
-0.117589
0.0694105
0.0204105
-0.0855895
0.108411
-0.0845895
-0.00758947
0.0844105
-0.117589
0.0764105
0.00741053
-0.0715895
0.111411
-0.0915895
-0.00958947
0.0864105
-0.113589
0.0884105
-0.0105895
-0.0725895
0.115411
-0.0815895
-0.0185895
0.0944105
-0.114589
0.0694105
0.0244105
-0.0875895
0.110411
-0.0805895
-0.0125895
0.0894105
-0.115589
0.0734105
0.0144105
-0.0795895
0.106411
-0.0815895
-0.0195895
0.0874105
-0.116589
0.0784105
0.00641053
-0.0785895
0.110411
-0.0945895
-0.00458947
0.0864105
-0.116589
0.0674105
0.0174105
-0.0765895
0.107411
-0.0805895
-0.0165895
0.0834105
-0.117589
0.0734105
0.00641053
-0.0785895
0.112411
-0.0885895
-0.00258947
0.0744105
-0.111589
0.0794105
0.00241053
-0.0695895
0.114411
-0.0975895
0.00941053
0.0694105
-0.114589
0.0794105
0.000410526
-0.0705895
0.111411
-0.0895895
0.00441053
0.0774105
-0.111589
0.0834105
0.00841053
-0.0735895
0.117411
