-1.50923
0.120197
-0.127474
0.0795263
-0.000473684
-0.0884737
0.125526
-0.0924737
0.00752632
0.0955263
-0.119474
0.0845263
-0.00847368
-0.0824737
0.121526
-0.0944737
0.00452632
0.0955263
-0.124474
0.0845263
-0.00747368
-0.0844737
0.124526
-0.0954737
0.0125263
0.0935263
-0.123474
0.0845263
-0.0164737
-0.0804737
0.117526
-0.0914737
0.00452632
0.0885263
-0.120474
0.0845263
-0.0104737
-0.0804737
0.122526
-0.0934737
0.0185263
0.0825263
-0.112474
0.0885263
-0.0264737
-0.0744737
0.118526
-0.0964737
0.00352632
0.0815263
-0.117474
0.0885263
-0.0214737
-0.0724737
0.119526
-0.105474
0.0275263
0.0725263
-0.124474
0.0875263
-0.0204737
-0.0744737
0.113526
-0.106474
0.0215263
0.0675263
-0.118474
0.0815263
-0.00747368
-0.0824737
0.117526
-0.0974737
0.0135263
0.0855263
-0.117474
0.0845263
-0.0214737
-0.0744737
0.114526
-0.100474
0.0125263
0.0895263
-0.119474
0.0785263
-0.0194737
-0.0814737
0.112526
-0.102474
0.0205263
0.0755263
-0.109474
0.0895263
-0.0254737
-0.0694737
0.117526
-0.0994737
0.0195263
0.0785263
-0.111474
0.0875263
-0.0364737
-0.0664737
0.118526
-0.111474
0.0255263
0.0685263
-0.113474
0.0915263
-0.0304737
-0.0654737
0.112526
-0.105474
0.0305263
0.0645263
-0.113474
0.0965263
-0.0514737
-0.0554737
0.117526
-0.103474
0.0285263
0.0635263
-0.111474
0.0985263
-0.0384737
-0.0644737
0.114526
-0.108474
0.0305263
0.0745263
