0.251348
0.112399
0.0293895
0.0763895
-0.114611
0.0903895
-0.0236105
-0.0616105
0.119389
-0.0956105
0.0313895
0.0703895
-0.108611
0.0853895
-0.0396105
-0.0576105
0.113389
-0.0976105
0.0273895
0.0703895
-0.106611
0.0893895
-0.0226105
-0.0586105
0.114389
-0.0956105
0.0313895
0.0663895
-0.103611
0.0863895
-0.0316105
-0.0626105
0.113389
-0.0896105
0.0203895
0.0733895
-0.113611
0.0843895
-0.0316105
-0.0676105
0.113389
-0.0976105
0.0343895
0.0743895
-0.109611
0.0853895
-0.0276105
-0.0636105
0.109389
-0.0936105
0.0253895
0.0733895
-0.105611
0.0783895
-0.0416105
-0.0586105
0.110389
-0.0986105
0.0273895
0.0653895
-0.108611
0.0833895
-0.0416105
-0.0396105
0.104389
-0.0996105
0.0163895
0.0823895
-0.107611
0.0773895
-0.0136105
-0.0696105
0.112389
-0.0886105
0.0253895
0.0753895
-0.106611
0.0853895
-0.0366105
-0.0616105
0.112389
-0.0896105
0.0203895
0.0753895
-0.106611
0.0773895
-0.0276105
-0.0556105
0.117389
-0.0976105
0.0333895
0.0663895
-0.105611
0.0833895
-0.0246105
-0.0666105
0.107389
-0.0906105
0.0223895
0.0733895
-0.102611
0.0843895
-0.0346105
-0.0506105
0.112389
-0.0986105
0.0343895
0.0643895
-0.102611
0.0833895
-0.0326105
-0.0536105
0.111389
-0.0956105
0.0343895
0.0573895
-0.101611
0.0873895
-0.0356105
-0.0576105
0.106389
-0.102611
0.0243895
0.0593895
-0.104611
0.0873895
-0.0376105
-0.0616105
0.117389
-0.0946105
