-0.653512
0.116141
-0.0663368
0.121663
-0.103337
0.00666316
0.0766632
-0.116337
0.0926632
-0.0113368
-0.0543368
0.118663
-0.105337
0.0196632
0.0656632
-0.114337
0.0956632
-0.0233368
-0.0563368
0.120663
-0.101337
0.0216632
0.0686632
-0.117337
0.0976632
-0.0223368
-0.0543368
0.122663
-0.108337
0.0196632
0.0696632
-0.116337
0.0946632
-0.0233368
-0.0583368
0.115663
-0.104337
0.0236632
0.0556632
-0.114337
0.100663
-0.0293368
-0.0443368
0.115663
-0.112337
0.0216632
0.0626632
-0.111337
0.0916632
-0.0263368
-0.0463368
0.117663
-0.106337
0.0246632
0.0486632
-0.112337
0.102663
-0.0413368
-0.0533368
0.108663
-0.110337
0.0276632
0.0516632
-0.105337
0.100663
-0.0383368
-0.0573368
0.113663
-0.0983368
0.0186632
0.0646632
-0.109337
0.0936632
-0.0313368
-0.0473368
0.108663
-0.108337
0.0236632
0.0486632
-0.117337
0.0946632
-0.0223368
-0.0573368
0.111663
-0.105337
0.0216632
0.0546632
-0.106337
0.0986632
-0.0343368
-0.0463368
0.111663
-0.106337
0.0216632
0.0626632
-0.109337
0.0916632
-0.0233368
-0.0523368
0.111663
-0.112337
0.0236632
0.0546632
-0.107337
0.102663
-0.0413368
-0.0403368
0.108663
-0.106337
0.0266632
0.0496632
-0.112337
0.0996632
-0.0423368
-0.0413368
0.105663
-0.110337
0.0336632
0.0566632
-0.101337
0.0956632
-0.0393368
-0.0503368
0.106663
-0.106337
0.0306632
0.0466632
-0.112337
0.102663
-0.0313368
