2.81484
0.119087
0.0321579
-0.112842
0.114158
-0.0528421
-0.0318421
0.119158
-0.117842
0.0461579
0.0231579
-0.102842
0.113158
-0.0638421
-0.0258421
0.109158
-0.118842
0.0501579
0.0331579
-0.104842
0.113158
-0.0568421
-0.0268421
0.113158
-0.118842
0.0561579
0.0251579
-0.103842
0.118158
-0.0608421
-0.0248421
0.113158
-0.117842
0.0491579
0.0301579
-0.103842
0.112158
-0.0608421
-0.0138421
0.117158
-0.119842
0.0641579
0.0131579
-0.0978421
0.123158
-0.0658421
-0.0218421
0.106158
-0.118842
0.0531579
0.0181579
-0.0978421
0.115158
-0.0648421
-0.0128421
0.102158
-0.121842
0.0591579
0.0141579
-0.0918421
0.121158
-0.0668421
-0.00584211
0.0941579
-0.117842
0.0701579
0.0311579
-0.101842
0.116158
-0.0538421
-0.0248421
0.113158
-0.114842
0.0531579
0.0231579
-0.105842
0.116158
-0.0708421
-0.0148421
0.106158
-0.120842
0.0521579
0.0281579
-0.100842
0.117158
-0.0618421
-0.0158421
0.109158
-0.117842
0.0701579
0.0131579
-0.0958421
0.117158
-0.0668421
-0.0248421
0.103158
-0.117842
0.0541579
0.0161579
-0.0978421
0.115158
-0.0728421
-0.0188421
0.0991579
-0.115842
0.0631579
0.0101579
-0.0918421
0.117158
-0.0728421
-0.0128421
0.102158
-0.111842
0.0651579
0.00515789
-0.0818421
0.119158
-0.0778421
-0.0118421
0.103158
-0.118842
0.0641579
0.0121579
-0.0978421
0.110158
-0.0728421
-0.00784211
0.106158
-0.120842
0.0641579
