-0.150808
0.109676
-0.0101895
0.0998105
-0.113189
0.0608105
0.0148105
-0.0891895
0.110811
-0.0711895
-0.00618947
0.0928105
-0.116189
0.0648105
-0.000189474
-0.0861895
0.109811
-0.0761895
-0.00718947
0.0938105
-0.109189
0.0628105
0.0168105
-0.0891895
0.109811
-0.0731895
-0.00418947
0.0958105
-0.110189
0.0678105
0.0158105
-0.0861895
0.113811
-0.0701895
-0.0111895
0.0918105
-0.115189
0.0648105
-0.00118947
-0.0891895
0.108811
-0.0771895
0.00481053
0.0888105
-0.110189
0.0628105
0.00681053
-0.0791895
0.106811
-0.0751895
0.00181053
0.0958105
-0.107189
0.0648105
-0.0121895
-0.0791895
0.108811
-0.0891895
0.00381053
0.0868105
-0.105189
0.0748105
-0.00818947
-0.0671895
0.108811
-0.0811895
-0.00418947
0.100811
-0.104189
0.0638105
0.00681053
-0.0781895
0.106811
-0.0741895
0.000810526
0.0858105
-0.108189
0.0688105
-0.00218947
-0.0831895
0.104811
-0.0751895
-0.00118947
0.0918105
-0.106189
0.0618105
-0.000189474
-0.0791895
0.104811
-0.0801895
0.00481053
0.0828105
-0.108189
0.0758105
0.00381053
-0.0821895
0.106811
-0.0791895
0.00181053
0.0858105
-0.106189
0.0708105
-0.00218947
-0.0741895
0.0998105
-0.0841895
0.00481053
0.0818105
-0.107189
0.0698105
0.000810526
-0.0721895
0.113811
-0.0781895
0.0168105
0.0738105
-0.114189
0.0708105
-0.00218947
-0.0711895
0.104811
-0.0851895
0.00381053
0.0818105
-0.101189
0.0698105
-0.00818947
-0.0831895
0.109811
-0.0791895
