-0.60324
0.123043
0.111916
-0.127084
0.0689158
0.0399158
-0.0990842
0.119916
-0.0750842
-0.0280842
0.104916
-0.124084
0.0769158
0.0299158
-0.0930842
0.124916
-0.0810842
-0.0250842
0.105916
-0.125084
0.0669158
0.0299158
-0.0950842
0.115916
-0.0810842
-0.0240842
0.109916
-0.124084
0.0729158
0.0349158
-0.0970842
0.114916
-0.0740842
-0.0240842
0.110916
-0.124084
0.0599158
0.0299158
-0.0890842
0.116916
-0.0880842
-0.0210842
0.100916
-0.125084
0.0699158
0.0299158
-0.0910842
0.122916
-0.0760842
-0.0220842
0.0999158
-0.125084
0.0699158
0.0319158
-0.0820842
0.119916
-0.0980842
-0.0150842
0.0969158
-0.123084
0.0769158
0.0229158
-0.0770842
0.122916
-0.0910842
-0.00108421
0.105916
-0.119084
0.0669158
0.0339158
-0.0910842
0.122916
-0.0750842
-0.0130842
0.0999158
-0.121084
0.0779158
0.0239158
-0.0860842
0.118916
-0.0810842
-0.0210842
0.101916
-0.121084
0.0719158
0.0299158
-0.0910842
0.118916
-0.0840842
-0.00708421
0.0909158
-0.123084
0.0799158
0.0139158
-0.0890842
0.115916
-0.0860842
-0.0170842
0.0919158
-0.129084
0.0849158
0.00791579
-0.0790842
0.116916
-0.0900842
-0.00108421
0.0849158
-0.121084
0.0859158
0.00991579
-0.0800842
0.118916
-0.0990842
0.000915789
0.0949158
-0.122084
0.0969158
0.00491579
-0.0820842
0.117916
-0.0910842
-0.00308421
0.0919158
-0.125084
0.0799158
0.0159158
-0.0810842
0.121916
-0.0950842
-0.0130842
