3.36781
0.116883
-0.0285684
-0.0695684
0.121432
-0.105568
0.0214316
0.0794316
-0.115568
0.0884316
-0.0445684
-0.0595684
0.114432
-0.108568
0.0374316
0.0704316
-0.109568
0.0954316
-0.0395684
-0.0575684
0.115432
-0.104568
0.0274316
0.0704316
-0.113568
0.0944316
-0.0445684
-0.0585684
0.112432
-0.106568
0.0324316
0.0704316
-0.108568
0.0934316
-0.0385684
-0.0535684
0.114432
-0.107568
0.0424316
0.0674316
-0.106568
0.0974316
-0.0505684
-0.0515684
0.113432
-0.108568
0.0314316
0.0644316
-0.108568
0.0944316
-0.0415684
-0.0555684
0.109432
-0.104568
0.0504316
0.0564316
-0.100568
0.100432
-0.0455684
-0.0355684
0.121432
-0.102568
0.0514316
0.0384316
-0.103568
0.100432
-0.0355684
-0.0585684
0.111432
-0.108568
0.0264316
0.0694316
-0.107568
0.0974316
-0.0435684
-0.0595684
0.107432
-0.106568
0.0384316
0.0654316
-0.105568
0.0934316
-0.0435684
-0.0575684
0.110432
-0.101568
0.0404316
0.0574316
-0.106568
0.0974316
-0.0585684
-0.0435684
0.109432
-0.110568
0.0324316
0.0644316
-0.103568
0.0924316
-0.0445684
-0.0495684
0.103432
-0.108568
0.0424316
0.0514316
-0.104568
0.101432
-0.0575684
-0.0435684
0.0994316
-0.107568
0.0464316
0.0504316
-0.0945684
0.100432
-0.0585684
-0.0325684
0.0974316
-0.111568
0.0384316
0.0514316
-0.100568
0.104432
-0.0425684
-0.0435684
0.109432
-0.103568
0.0454316
0.0644316
-0.108568
0.103432
