2.91538
0.119821
0.0337053
-0.109295
0.116705
-0.0572947
-0.0292947
0.114705
-0.124295
0.0527053
0.0187053
-0.101295
0.116705
-0.0692947
-0.00929474
0.107705
-0.122295
0.0547053
0.0247053
-0.100295
0.120705
-0.0682947
-0.0212947
0.105705
-0.120295
0.0617053
0.0107053
-0.102295
0.116705
-0.0732947
-0.0172947
0.104705
-0.114295
0.0607053
0.0217053
-0.0962947
0.116705
-0.0712947
-0.00729474
0.109705
-0.121295
0.0657053
0.00770526
-0.0952947
0.123705
-0.0692947
-0.0172947
0.111705
-0.115295
0.0597053
0.0107053
-0.0962947
0.116705
-0.0652947
0.000705263
0.0997053
-0.117295
0.0647053
0.000705263
-0.0882947
0.124705
-0.0782947
0.00570526
0.0847053
-0.115295
0.0767053
0.0197053
-0.0952947
0.117705
-0.0592947
-0.0162947
0.106705
-0.114295
0.0577053
0.0177053
-0.100295
0.116705
-0.0702947
-0.0122947
0.0997053
-0.117295
0.0577053
0.0167053
-0.100295
0.120705
-0.0662947
-0.0142947
0.103705
-0.121295
0.0677053
0.00470526
-0.0892947
0.117705
-0.0752947
-0.0142947
0.106705
-0.117295
0.0567053
0.0137053
-0.102295
0.114705
-0.0732947
-0.0102947
0.0977053
-0.120295
0.0677053
0.00870526
-0.0902947
0.114705
-0.0742947
-0.0152947
0.0977053
-0.118295
0.0707053
-0.000294737
-0.0842947
0.119705
-0.0762947
-0.00829474
0.0937053
-0.117295
0.0707053
0.0107053
-0.0892947
0.116705
-0.0682947
-0.00829474
0.105705
-0.124295
0.0537053
