3.11646
0.109823
-0.00617895
-0.0841789
0.115821
-0.0791789
0.000821053
0.0878211
-0.113179
0.0698211
-0.0111789
-0.0781789
0.110821
-0.0851789
0.0168211
0.0848211
-0.111179
0.0738211
-0.00317895
-0.0771789
0.110821
-0.0801789
0.00382105
0.0878211
-0.114179
0.0738211
-0.00617895
-0.0761789
0.111821
-0.0771789
0.00582105
0.0878211
-0.113179
0.0668211
-0.00317895
-0.0751789
0.105821
-0.0851789
0.00982105
0.0838211
-0.110179
0.0738211
-0.0141789
-0.0751789
0.110821
-0.0791789
0.00582105
0.0858211
-0.110179
0.0698211
-0.00517895
-0.0771789
0.109821
-0.0761789
0.0208211
0.0808211
-0.112179
0.0768211
-0.0241789
-0.0701789
0.108821
-0.0871789
0.0208211
0.0658211
-0.106179
0.0818211
-0.00317895
-0.0821789
0.113821
-0.0741789
0.000821053
0.0878211
-0.110179
0.0698211
-0.000178947
-0.0761789
0.112821
-0.0801789
0.00482105
0.0828211
-0.107179
0.0648211
-0.00317895
-0.0821789
0.107821
-0.0801789
0.0128211
0.0818211
-0.111179
0.0748211
-0.0171789
-0.0701789
0.111821
-0.0831789
0.00782105
0.0828211
-0.107179
0.0708211
-0.00817895
-0.0681789
0.108821
-0.0841789
0.0158211
0.0738211
-0.108179
0.0808211
-0.0221789
-0.0661789
0.111821
-0.0871789
0.0228211
0.0688211
-0.104179
0.0808211
-0.0271789
-0.0531789
0.106821
-0.0891789
0.0208211
0.0708211
-0.103179
0.0858211
-0.0191789
-0.0611789
0.102821
-0.0851789
0.0248211
0.0798211
-0.115179
0.0858211
