4.47395
0.0821142
-0.0867158
0.0422842
0.00728421
-0.0757158
0.0822842
-0.0407158
-0.00971579
0.0732842
-0.0897158
0.0332842
0.0132842
-0.0757158
0.0842842
-0.0427158
-0.00171579
0.0722842
-0.0867158
0.0312842
0.0102842
-0.0757158
0.0792842
-0.0407158
-0.00571579
0.0772842
-0.0827158
0.0302842
0.0152842
-0.0757158
0.0822842
-0.0507158
-0.0117158
0.0762842
-0.0847158
0.0352842
0.00228421
-0.0707158
0.0812842
-0.0487158
-0.00271579
0.0762842
-0.0837158
0.0392842
0.00828421
-0.0767158
0.0842842
-0.0317158
-0.0267158
0.0742842
-0.0827158
0.0192842
0.0242842
-0.0767158
0.0772842
-0.0217158
-0.0177158
0.0822842
-0.0917158
0.0162842
0.0232842
-0.0697158
0.0832842
-0.0277158
-0.0237158
0.0752842
-0.0777158
0.0152842
0.0292842
-0.0847158
0.0722842
-0.0127158
-0.0347158
0.0812842
-0.0767158
0.000284211
0.0412842
-0.0777158
0.0692842
0.00128421
-0.0387158
0.0782842
-0.0687158
-0.00871579
0.0592842
-0.0807158
0.0662842
0.00328421
-0.0417158
0.0752842
-0.0677158
-0.0117158
0.0562842
-0.0797158
0.0622842
0.0102842
-0.0477158
0.0782842
-0.0707158
-0.00671579
0.0532842
-0.0807158
0.0552842
0.0122842
-0.0457158
0.0782842
-0.0657158
-0.00871579
0.0502842
-0.0827158
0.0602842
0.00828421
-0.0467158
0.0732842
-0.0657158
-0.0127158
0.0542842
-0.0837158
0.0582842
0.0182842
-0.0557158
0.0742842
-0.0597158
-0.0207158
0.0602842
-0.0797158
0.0392842
0.0352842
-0.0627158
0.0802842
