-0.150808
0.0892301
0.00828421
0.0742842
-0.0917158
0.0462842
-0.00271579
-0.0747158
0.0932842
-0.0497158
0.00128421
0.0812842
-0.0917158
0.0372842
-0.00171579
-0.0767158
0.0922842
-0.0587158
0.000284211
0.0792842
-0.0897158
0.0392842
0.00328421
-0.0757158
0.0902842
-0.0467158
-0.00771579
0.0832842
-0.0897158
0.0342842
-0.00371579
-0.0757158
0.0892842
-0.0347158
-0.00671579
0.0832842
-0.0917158
0.0362842
-0.00371579
-0.0707158
0.0912842
-0.0447158
-0.00371579
0.0852842
-0.0927158
0.0452842
0.00628421
-0.0867158
0.0972842
-0.0347158
-0.0137158
0.0892842
-0.0887158
0.0242842
0.0212842
-0.0817158
0.0852842
-0.0337158
-0.0157158
0.0812842
-0.0917158
0.0262842
0.0162842
-0.0827158
0.0862842
-0.0257158
-0.0237158
0.0902842
-0.0807158
0.0182842
0.0332842
-0.0877158
0.0782842
-0.0107158
-0.0397158
0.0892842
-0.0837158
0.00428421
0.0462842
-0.0877158
0.0752842
0.00328421
-0.0477158
0.0842842
-0.0677158
-0.00871579
0.0452842
-0.0897158
0.0702842
0.00928421
-0.0477158
0.0882842
-0.0717158
-0.00571579
0.0542842
-0.0897158
0.0652842
0.00728421
-0.0467158
0.0822842
-0.0727158
-0.0147158
0.0592842
-0.0877158
0.0652842
0.0112842
-0.0577158
0.0832842
-0.0717158
-0.0147158
0.0512842
-0.0877158
0.0642842
0.0162842
-0.0577158
0.0872842
-0.0607158
-0.0217158
0.0592842
-0.0867158
0.0562842
0.0162842
-0.0587158
0.0812842
-0.0617158
-0.0277158
0.0782842
-0.0867158
0.0582842
0.0242842
