4.47395
0.0880187
-0.0884842
0.0435158
0.00951579
-0.0834842
0.0925158
-0.0404842
-0.0114842
0.0835158
-0.0934842
0.0375158
0.0145158
-0.0874842
0.0865158
-0.0464842
-0.00248421
0.0795158
-0.0924842
0.0355158
0.0145158
-0.0844842
0.0875158
-0.0404842
-0.00948421
0.0825158
-0.0864842
0.0295158
0.0275158
-0.0854842
0.0865158
-0.0494842
-0.0214842
0.0875158
-0.0884842
0.0315158
0.0105158
-0.0794842
0.0885158
-0.0414842
-0.0104842
0.0855158
-0.0884842
0.0345158
0.00851579
-0.0804842
0.0915158
-0.0294842
-0.0214842
0.0855158
-0.0844842
0.0175158
0.0295158
-0.0844842
0.0775158
-0.0234842
-0.0214842
0.0905158
-0.0894842
0.0155158
0.0235158
-0.0844842
0.0795158
-0.0314842
-0.0274842
0.0845158
-0.0834842
0.0145158
0.0355158
-0.0854842
0.0705158
-0.00148421
-0.0514842
0.0835158
-0.0744842
-0.0104842
0.0525158
-0.0854842
0.0685158
0.00951579
-0.0514842
0.0835158
-0.0614842
-0.0234842
0.0685158
-0.0844842
0.0615158
0.0175158
-0.0584842
0.0775158
-0.0654842
-0.0174842
0.0645158
-0.0854842
0.0585158
0.0185158
-0.0554842
0.0805158
-0.0674842
-0.0164842
0.0635158
-0.0834842
0.0535158
0.0285158
-0.0614842
0.0735158
-0.0604842
-0.0234842
0.0625158
-0.0854842
0.0565158
0.0235158
-0.0634842
0.0745158
-0.0544842
-0.0254842
0.0705158
-0.0854842
0.0465158
0.0345158
-0.0684842
0.0775158
-0.0494842
-0.0344842
0.0765158
-0.0744842
0.0325158
0.0485158
-0.0704842
0.0825158
