3.31754
0.0877701
-0.0374842
-0.0584842
0.0875158
-0.0694842
0.0215158
0.0665158
-0.0814842
0.0645158
-0.0344842
-0.0554842
0.0905158
-0.0684842
0.0245158
0.0645158
-0.0784842
0.0655158
-0.0314842
-0.0544842
0.0865158
-0.0664842
0.0235158
0.0585158
-0.0794842
0.0655158
-0.0244842
-0.0644842
0.0865158
-0.0614842
0.0305158
0.0585158
-0.0824842
0.0595158
-0.0324842
-0.0604842
0.0835158
-0.0704842
0.0335158
0.0555158
-0.0854842
0.0595158
-0.0284842
-0.0544842
0.0835158
-0.0674842
0.0165158
0.0685158
-0.0924842
0.0605158
-0.0174842
-0.0634842
0.0915158
-0.0604842
0.00951579
0.0685158
-0.0774842
0.0555158
-0.0184842
-0.0734842
0.0845158
-0.0574842
0.0185158
0.0685158
-0.0814842
0.0525158
-0.00348421
-0.0684842
0.0885158
-0.0484842
-0.00448421
0.0775158
-0.0894842
0.0345158
0.0115158
-0.0814842
0.0825158
-0.0374842
-0.0124842
0.0805158
-0.0864842
0.0265158
0.0295158
-0.0804842
0.0785158
-0.0184842
-0.0154842
0.0835158
-0.0864842
0.0235158
0.0275158
-0.0844842
0.0825158
-0.0204842
-0.0264842
0.0835158
-0.0804842
0.0235158
0.0225158
-0.0834842
0.0725158
-0.0174842
-0.0254842
0.0885158
-0.0844842
0.0255158
0.0285158
-0.0784842
0.0805158
-0.0164842
-0.0204842
0.0795158
-0.0834842
0.0155158
0.0345158
-0.0884842
0.0725158
-0.0154842
-0.0344842
0.0875158
-0.0794842
0.00751579
0.0435158
-0.0884842
0.0745158
0.00251579
-0.0534842
0.0885158
-0.0864842
0.00851579
