4.42363
0.0820949
-0.0832737
0.0407263
0.00172632
-0.0772737
0.0827263
-0.0412737
-0.00727368
0.0827263
-0.0852737
0.0387263
0.0157263
-0.0762737
0.0797263
-0.0422737
-0.00127368
0.0737263
-0.0872737
0.0357263
0.0127263
-0.0782737
0.0787263
-0.0412737
-0.00527368
0.0727263
-0.0862737
0.0277263
0.0187263
-0.0772737
0.0797263
-0.0412737
-0.0192737
0.0767263
-0.0832737
0.0327263
0.00672632
-0.0712737
0.0827263
-0.0432737
-0.00627368
0.0757263
-0.0832737
0.0287263
0.00772632
-0.0742737
0.0827263
-0.0252737
-0.0202737
0.0767263
-0.0832737
0.0167263
0.0267263
-0.0792737
0.0757263
-0.0202737
-0.0182737
0.0777263
-0.0852737
0.0157263
0.0227263
-0.0702737
0.0827263
-0.0232737
-0.0192737
0.0787263
-0.0762737
0.0167263
0.0297263
-0.0832737
0.0717263
-0.0122737
-0.0372737
0.0797263
-0.0772737
-0.00227368
0.0427263
-0.0832737
0.0677263
-0.00127368
-0.0432737
0.0767263
-0.0672737
-0.0152737
0.0567263
-0.0792737
0.0607263
0.00772632
-0.0432737
0.0797263
-0.0692737
-0.0102737
0.0537263
-0.0772737
0.0577263
0.0127263
-0.0472737
0.0757263
-0.0692737
-0.00827368
0.0537263
-0.0802737
0.0567263
0.0187263
-0.0492737
0.0757263
-0.0702737
-0.0102737
0.0517263
-0.0822737
0.0597263
0.0127263
-0.0502737
0.0737263
-0.0612737
-0.0222737
0.0627263
-0.0822737
0.0527263
0.0237263
-0.0552737
0.0727263
-0.0582737
-0.0232737
0.0657263
-0.0742737
0.0377263
0.0387263
-0.0612737
0.0767263
