-0.452428
0.0835527
-0.0152211
0.0847789
-0.0882211
0.0197789
0.0267789
-0.0882211
0.0807789
-0.0212211
-0.0212211
0.0847789
-0.0832211
0.0197789
0.0287789
-0.0832211
0.0827789
-0.0272211
-0.0212211
0.0827789
-0.0862211
0.0147789
0.0257789
-0.0842211
0.0827789
-0.0262211
-0.0262211
0.0837789
-0.0782211
0.0157789
0.0197789
-0.0782211
0.0787789
-0.0152211
-0.0242211
0.0817789
-0.0832211
0.0177789
0.0157789
-0.0812211
0.0787789
-0.0222211
-0.0202211
0.0817789
-0.0832211
0.0247789
0.0367789
-0.0832211
0.0747789
-0.0102211
-0.0312211
0.0817789
-0.0792211
0.00777895
0.0367789
-0.0892211
0.0717789
-0.0132211
-0.0402211
0.0767789
-0.0742211
0.0137789
0.0387789
-0.0842211
0.0717789
-0.00622105
-0.0382211
0.0837789
-0.0722211
-0.00122105
0.0487789
-0.0812211
0.0667789
0.0157789
-0.0532211
0.0757789
-0.0682211
-0.0142211
0.0567789
-0.0812211
0.0547789
0.0257789
-0.0612211
0.0767789
-0.0482211
-0.0352211
0.0607789
-0.0822211
0.0537789
0.0307789
-0.0602211
0.0747789
-0.0502211
-0.0332211
0.0677789
-0.0762211
0.0427789
0.0307789
-0.0622211
0.0747789
-0.0482211
-0.0362211
0.0697789
-0.0812211
0.0437789
0.0267789
-0.0632211
0.0727789
-0.0562211
-0.0322211
0.0647789
-0.0762211
0.0437789
0.0337789
-0.0702211
0.0677789
-0.0452211
-0.0432211
0.0727789
-0.0802211
0.0357789
0.0387789
-0.0702211
0.0657789
-0.0412211
-0.0462211
0.0817789
-0.0732211
0.0377789
0.0407789
