1.20658
0.0908471
0.0908211
-0.0241789
-0.0261789
0.0958211
-0.0921789
0.0188211
0.0328211
-0.0921789
0.0898211
-0.0211789
-0.0331789
0.0908211
-0.0911789
0.0188211
0.0328211
-0.0891789
0.0918211
-0.0151789
-0.0341789
0.0958211
-0.0861789
0.0208211
0.0348211
-0.0911789
0.0818211
-0.00117895
-0.0451789
0.0918211
-0.0911789
0.0188211
0.0488211
-0.0931789
0.0838211
-0.00717895
-0.0311789
0.0888211
-0.0891789
0.0168211
0.0398211
-0.0891789
0.0808211
-0.0141789
-0.0281789
0.0908211
-0.0841789
0.00682105
0.0618211
-0.0921789
0.0758211
-0.00317895
-0.0461789
0.0888211
-0.0761789
-0.00817895
0.0518211
-0.0951789
0.0708211
0.00482105
-0.0401789
0.0978211
-0.0781789
0.00182105
0.0518211
-0.0901789
0.0718211
0.0128211
-0.0531789
0.0878211
-0.0661789
-0.0181789
0.0778211
-0.0811789
0.0508211
0.0428211
-0.0661789
0.0788211
-0.0511789
-0.0341789
0.0758211
-0.0861789
0.0388211
0.0518211
-0.0781789
0.0728211
-0.0531789
-0.0381789
0.0738211
-0.0751789
0.0418211
0.0458211
-0.0761789
0.0688211
-0.0461789
-0.0471789
0.0788211
-0.0781789
0.0428211
0.0458211
-0.0771789
0.0718211
-0.0401789
-0.0461789
0.0828211
-0.0761789
0.0338211
0.0538211
-0.0771789
0.0678211
-0.0491789
-0.0451789
0.0798211
-0.0771789
0.0348211
0.0538211
-0.0811789
0.0658211
-0.0331789
-0.0511789
0.0848211
-0.0751789
0.0288211
0.0618211
-0.0821789
0.0588211
-0.00717895
-0.0661789
0.0908211
-0.0811789
