-0.452428
0.0923942
0.0979579
-0.0680421
0.00995789
0.0819579
-0.0970421
0.0549579
-0.0120421
-0.0740421
0.0969579
-0.0620421
0.0109579
0.0799579
-0.0930421
0.0559579
-0.0200421
-0.0690421
0.0959579
-0.0600421
0.00195789
0.0829579
-0.0910421
0.0519579
-0.0130421
-0.0710421
0.0939579
-0.0530421
-0.00304211
0.0829579
-0.0910421
0.0599579
0.000957895
-0.0790421
0.0979579
-0.0570421
0.0149579
0.0779579
-0.0920421
0.0569579
-0.0130421
-0.0710421
0.0909579
-0.0540421
0.0129579
0.0809579
-0.0910421
0.0469579
0.00995789
-0.0760421
0.0929579
-0.0380421
-0.00504211
0.0849579
-0.0950421
0.0369579
0.0109579
-0.0790421
0.0899579
-0.0460421
-0.00404211
0.0929579
-0.0900421
0.0429579
0.00795789
-0.0790421
0.0979579
-0.0230421
-0.0170421
0.0879579
-0.0900421
0.0259579
0.0339579
-0.0860421
0.0849579
-0.0130421
-0.0300421
0.0909579
-0.0810421
0.0149579
0.0389579
-0.0910421
0.0779579
0.00995789
-0.0480421
0.0899579
-0.0880421
0.00195789
0.0409579
-0.0900421
0.0809579
0.00695789
-0.0500421
0.0879579
-0.0820421
-0.00204211
0.0489579
-0.0930421
0.0769579
-4.21053e-05
-0.0460421
0.0849579
-0.0770421
-0.00704211
0.0529579
-0.0880421
0.0749579
0.00795789
-0.0460421
0.0859579
-0.0810421
-4.21053e-05
0.0509579
-0.0940421
0.0669579
0.0139579
-0.0580421
0.0889579
-0.0770421
-0.0160421
0.0559579
-0.0950421
0.0639579
0.0189579
-0.0550421
0.0819579
-0.0570421
-0.0320421
0.0649579
-0.100042
