3.61916
0.0880426
-0.0682105
-0.0332105
0.0797895
-0.0882105
0.0457895
0.0437895
-0.0742105
0.0747895
-0.0562105
-0.0362105
0.0797895
-0.0812105
0.0477895
0.0377895
-0.0662105
0.0807895
-0.0542105
-0.0322105
0.0757895
-0.0792105
0.0457895
0.0397895
-0.0682105
0.0767895
-0.0512105
-0.0472105
0.0817895
-0.0742105
0.0517895
0.0377895
-0.0762105
0.0737895
-0.0542105
-0.0372105
0.0757895
-0.0822105
0.0517895
0.0337895
-0.0702105
0.0737895
-0.0512105
-0.0362105
0.0737895
-0.0852105
0.0397895
0.0497895
-0.0772105
0.0707895
-0.0432105
-0.0552105
0.0867895
-0.0722105
0.0317895
0.0577895
-0.0772105
0.0707895
-0.0472105
-0.0592105
0.0757895
-0.0692105
0.0317895
0.0547895
-0.0822105
0.0607895
-0.0292105
-0.0572105
0.0897895
-0.0592105
0.0197895
0.0677895
-0.0862105
0.0517895
-0.0132105
-0.0702105
0.0907895
-0.0502105
0.00378947
0.0707895
-0.0882105
0.0417895
0.00978947
-0.0792105
0.0847895
-0.0372105
-0.00221053
0.0807895
-0.0872105
0.0337895
0.0127895
-0.0792105
0.0867895
-0.0352105
-0.00821053
0.0827895
-0.0832105
0.0417895
0.00878947
-0.0772105
0.0837895
-0.0322105
-0.0152105
0.0827895
-0.0852105
0.0297895
0.0137895
-0.0742105
0.0857895
-0.0322105
-0.00421053
0.0807895
-0.0842105
0.0307895
0.0197895
-0.0812105
0.0817895
-0.0252105
-0.0192105
0.0827895
-0.0842105
0.0247895
0.0247895
-0.0852105
0.0807895
-0.0142105
-0.0442105
0.0937895
-0.0892105
0.0187895
