1.35753
0.0842216
0.0852
-0.0488
-0.0048
0.0812
-0.0828
0.0372
0.0112
-0.0778
0.0892
-0.0428
-0.0058
0.0822
-0.0878
0.0362
0.0032
-0.0728
0.0892
-0.0418
-0.0078
0.0822
-0.0858
0.0422
0.0052
-0.0718
0.0872
-0.0348
-0.0168
0.0842
-0.0828
0.0442
0.0112
-0.0748
0.0852
-0.0398
0.0042
0.0832
-0.0808
0.0392
0.0062
-0.0708
0.0862
-0.0408
-0.0008
0.0742
-0.0808
0.0332
0.0202
-0.0788
0.0812
-0.0278
-0.0128
0.0802
-0.0798
0.0242
0.0202
-0.0778
0.0792
-0.0348
-0.0198
0.0802
-0.0828
0.0282
0.0252
-0.0768
0.0822
-0.0188
-0.0248
0.0812
-0.0818
0.0142
0.0382
-0.0828
0.0732
-0.0008
-0.0408
0.0802
-0.0728
0.0012
0.0472
-0.0828
0.0632
0.0142
-0.0548
0.0792
-0.0718
-0.0018
0.0502
-0.0808
0.0592
0.0172
-0.0508
0.0792
-0.0658
-0.0118
0.0542
-0.0828
0.0612
0.0122
-0.0568
0.0772
-0.0618
-0.0158
0.0562
-0.0798
0.0592
0.0192
-0.0558
0.0832
-0.0628
-0.0138
0.0602
-0.0778
0.0532
0.0232
-0.0598
0.0772
-0.0608
-0.0268
0.0622
-0.0808
0.0452
0.0352
-0.0618
0.0702
-0.0348
-0.0418
0.0742
-0.0848
