-0.502698
0.0827975
-0.0204632
0.0875368
-0.0864632
0.0135368
0.0335368
-0.0854632
0.0795368
-0.00946316
-0.0284632
0.0825368
-0.0784632
0.00953684
0.0325368
-0.0854632
0.0815368
-0.0204632
-0.0284632
0.0845368
-0.0794632
0.00453684
0.0395368
-0.0834632
0.0745368
-0.0104632
-0.0354632
0.0795368
-0.0804632
0.00553684
0.0275368
-0.0824632
0.0735368
-0.000463158
-0.0274632
0.0805368
-0.0834632
0.0125368
0.0255368
-0.0824632
0.0755368
-0.0134632
-0.0254632
0.0805368
-0.0844632
0.0155368
0.0375368
-0.0794632
0.0665368
-0.00446316
-0.0404632
0.0775368
-0.0794632
0.00153684
0.0465368
-0.0794632
0.0675368
-0.00246316
-0.0434632
0.0795368
-0.0744632
0.0105368
0.0425368
-0.0834632
0.0665368
0.00153684
-0.0354632
0.0805368
-0.0704632
-0.00846316
0.0585368
-0.0804632
0.0575368
0.0255368
-0.0594632
0.0745368
-0.0584632
-0.0274632
0.0605368
-0.0824632
0.0425368
0.0325368
-0.0664632
0.0685368
-0.0414632
-0.0404632
0.0705368
-0.0744632
0.0505368
0.0385368
-0.0654632
0.0685368
-0.0474632
-0.0394632
0.0725368
-0.0744632
0.0375368
0.0345368
-0.0624632
0.0725368
-0.0404632
-0.0464632
0.0715368
-0.0734632
0.0375368
0.0455368
-0.0714632
0.0655368
-0.0424632
-0.0444632
0.0665368
-0.0694632
0.0385368
0.0435368
-0.0754632
0.0645368
-0.0284632
-0.0524632
0.0735368
-0.0684632
0.0305368
0.0515368
-0.0754632
0.0585368
-0.0284632
-0.0554632
0.0825368
-0.0574632
0.0275368
0.0575368
