2.01045
0.0854134
0.0718842
-0.0821158
0.0498842
0.0368842
-0.0711158
0.0778842
-0.0561158
-0.0301158
0.0758842
-0.0881158
0.0438842
0.0428842
-0.0661158
0.0828842
-0.0591158
-0.0241158
0.0738842
-0.0811158
0.0468842
0.0428842
-0.0661158
0.0798842
-0.0551158
-0.0301158
0.0778842
-0.0801158
0.0378842
0.0468842
-0.0651158
0.0768842
-0.0451158
-0.0401158
0.0728842
-0.0791158
0.0538842
0.0358842
-0.0571158
0.0758842
-0.0511158
-0.0301158
0.0698842
-0.0781158
0.0458842
0.0368842
-0.0701158
0.0708842
-0.0351158
-0.0371158
0.0808842
-0.0721158
0.0328842
0.0558842
-0.0771158
0.0648842
-0.0361158
-0.0441158
0.0808842
-0.0781158
0.0308842
0.0498842
-0.0791158
0.0678842
-0.0321158
-0.0451158
0.0818842
-0.0661158
0.0228842
0.0618842
-0.0821158
0.0618842
-0.0161158
-0.0601158
0.0898842
-0.0551158
0.0108842
0.0668842
-0.0801158
0.0518842
-0.00511579
-0.0701158
0.0828842
-0.0401158
-0.0101158
0.0788842
-0.0811158
0.0438842
-0.00611579
-0.0701158
0.0818842
-0.0401158
-0.00511579
0.0768842
-0.0801158
0.0428842
0.00588421
-0.0711158
0.0858842
-0.0441158
-0.00211579
0.0808842
-0.0851158
0.0328842
0.000884211
-0.0731158
0.0848842
-0.0461158
-0.00311579
0.0768842
-0.0801158
0.0398842
0.00488421
-0.0741158
0.0848842
-0.0341158
-0.0131158
0.0818842
-0.0811158
0.0328842
0.00988421
-0.0721158
0.0858842
-0.0321158
-0.0141158
0.0798842
-0.0791158
0.0158842
0.0188842
-0.0821158
