4.37332
0.0828182
-0.0864947
0.0315053
0.0185053
-0.0814947
0.0875053
-0.0274947
-0.0184947
0.0835053
-0.0834947
0.0265053
0.0195053
-0.0804947
0.0785053
-0.0294947
-0.0134947
0.0755053
-0.0904947
0.0255053
0.0205053
-0.0804947
0.0795053
-0.0314947
-0.0144947
0.0795053
-0.0834947
0.0155053
0.0305053
-0.0814947
0.0835053
-0.0324947
-0.0274947
0.0835053
-0.0844947
0.0185053
0.0185053
-0.0814947
0.0795053
-0.0314947
-0.0184947
0.0785053
-0.0814947
0.0235053
0.0175053
-0.0794947
0.0755053
-0.0154947
-0.0314947
0.0815053
-0.0734947
0.0105053
0.0395053
-0.0784947
0.0725053
-0.00549474
-0.0364947
0.0805053
-0.0834947
-0.000494737
0.0425053
-0.0774947
0.0755053
-0.00749474
-0.0364947
0.0805053
-0.0684947
0.00250526
0.0475053
-0.0844947
0.0605053
0.00550526
-0.0504947
0.0765053
-0.0694947
-0.0214947
0.0585053
-0.0814947
0.0605053
0.0175053
-0.0574947
0.0755053
-0.0534947
-0.0354947
0.0735053
-0.0784947
0.0505053
0.0285053
-0.0554947
0.0705053
-0.0564947
-0.0274947
0.0685053
-0.0784947
0.0465053
0.0305053
-0.0594947
0.0715053
-0.0564947
-0.0304947
0.0675053
-0.0724947
0.0375053
0.0415053
-0.0644947
0.0675053
-0.0524947
-0.0314947
0.0705053
-0.0774947
0.0475053
0.0285053
-0.0654947
0.0665053
-0.0474947
-0.0364947
0.0705053
-0.0724947
0.0345053
0.0455053
-0.0654947
0.0625053
-0.0404947
-0.0424947
0.0755053
-0.0694947
0.0135053
0.0575053
-0.0704947
0.0695053
