1.85956
0.081949
0.0784737
-0.0735263
0.0334737
0.0524737
-0.0715263
0.0674737
-0.0435263
-0.0485263
0.0784737
-0.0765263
0.0304737
0.0514737
-0.0745263
0.0684737
-0.0435263
-0.0365263
0.0774737
-0.0705263
0.0324737
0.0544737
-0.0715263
0.0714737
-0.0455263
-0.0365263
0.0784737
-0.0725263
0.0274737
0.0534737
-0.0665263
0.0714737
-0.0325263
-0.0495263
0.0814737
-0.0725263
0.0384737
0.0484737
-0.0685263
0.0744737
-0.0435263
-0.0435263
0.0744737
-0.0705263
0.0374737
0.0444737
-0.0765263
0.0614737
-0.0215263
-0.0465263
0.0784737
-0.0615263
0.0204737
0.0524737
-0.0755263
0.0594737
-0.0245263
-0.0485263
0.0774737
-0.0645263
0.0244737
0.0544737
-0.0735263
0.0594737
-0.0175263
-0.0585263
0.0844737
-0.0545263
0.0184737
0.0674737
-0.0795263
0.0524737
-0.00352632
-0.0615263
0.0814737
-0.0425263
0.0104737
0.0744737
-0.0765263
0.0424737
0.00447368
-0.0695263
0.0754737
-0.0315263
-0.0185263
0.0744737
-0.0795263
0.0314737
0.00447368
-0.0715263
0.0794737
-0.0295263
-0.0125263
0.0784737
-0.0815263
0.0304737
0.0144737
-0.0685263
0.0764737
-0.0325263
-0.0175263
0.0774737
-0.0795263
0.0234737
0.00947368
-0.0725263
0.0814737
-0.0265263
-0.0135263
0.0764737
-0.0785263
0.0304737
0.0164737
-0.0715263
0.0804737
-0.0255263
-0.0225263
0.0794737
-0.0785263
0.0244737
0.0234737
-0.0765263
0.0754737
-0.0185263
-0.0215263
0.0784737
-0.0765263
0.00547368
0.0284737
-0.0845263
