3.82024
0.088404
-0.0791263
-0.0121263
0.0618737
-0.0921263
0.0578737
0.0228737
-0.0621263
0.0818737
-0.0731263
-0.0191263
0.0658737
-0.0931263
0.0638737
0.0188737
-0.0551263
0.0858737
-0.0701263
-0.0161263
0.0708737
-0.0841263
0.0588737
0.0258737
-0.0631263
0.0858737
-0.0641263
-0.0281263
0.0718737
-0.0891263
0.0638737
0.0188737
-0.0691263
0.0838737
-0.0661263
-0.0231263
0.0638737
-0.0881263
0.0638737
0.0188737
-0.0581263
0.0838737
-0.0641263
-0.0201263
0.0618737
-0.0911263
0.0508737
0.0368737
-0.0711263
0.0818737
-0.0541263
-0.0321263
0.0778737
-0.0801263
0.0428737
0.0438737
-0.0671263
0.0768737
-0.0601263
-0.0441263
0.0688737
-0.0811263
0.0498737
0.0288737
-0.0661263
0.0758737
-0.0481263
-0.0391263
0.0798737
-0.0761263
0.0288737
0.0578737
-0.0801263
0.0638737
-0.0301263
-0.0551263
0.0848737
-0.0701263
0.0258737
0.0598737
-0.0801263
0.0558737
-0.0181263
-0.0681263
0.0818737
-0.0581263
0.0218737
0.0658737
-0.0801263
0.0608737
-0.0141263
-0.0631263
0.0858737
-0.0591263
0.0138737
0.0678737
-0.0791263
0.0558737
-0.0241263
-0.0591263
0.0878737
-0.0571263
0.00987368
0.0668737
-0.0821263
0.0568737
-0.0221263
-0.0691263
0.0848737
-0.0591263
0.0188737
0.0658737
-0.0781263
0.0528737
-0.0101263
-0.0671263
0.0818737
-0.0551263
0.00487368
0.0708737
-0.0871263
0.0548737
-0.00912632
-0.0711263
0.0908737
-0.0451263
-0.0201263
0.0838737
-0.0911263
0.0508737
