-0.452428
0.0880145
-0.0589158
-0.0289158
0.0810842
-0.0839158
0.0390842
0.0520842
-0.0789158
0.0710842
-0.0509158
-0.0439158
0.0870842
-0.0799158
0.0410842
0.0460842
-0.0699158
0.0790842
-0.0489158
-0.0419158
0.0850842
-0.0749158
0.0390842
0.0490842
-0.0729158
0.0750842
-0.0449158
-0.0489158
0.0820842
-0.0729158
0.0440842
0.0410842
-0.0769158
0.0700842
-0.0499158
-0.0449158
0.0750842
-0.0779158
0.0500842
0.0410842
-0.0709158
0.0690842
-0.0479158
-0.0439158
0.0760842
-0.0819158
0.0320842
0.0600842
-0.0789158
0.0660842
-0.0339158
-0.0579158
0.0860842
-0.0689158
0.0230842
0.0690842
-0.0779158
0.0640842
-0.0329158
-0.0629158
0.0830842
-0.0719158
0.0280842
0.0580842
-0.0799158
0.0620842
-0.0189158
-0.0579158
0.0860842
-0.0619158
0.0120842
0.0690842
-0.0879158
0.0470842
-0.00891579
-0.0729158
0.0880842
-0.0469158
0.00108421
0.0780842
-0.0899158
0.0380842
0.0100842
-0.0819158
0.0820842
-0.0339158
-0.00691579
0.0770842
-0.0899158
0.0300842
0.0140842
-0.0809158
0.0880842
-0.0289158
-0.00891579
0.0800842
-0.0839158
0.0350842
0.00808421
-0.0749158
0.0840842
-0.0279158
-0.0129158
0.0820842
-0.0929158
0.0280842
0.0160842
-0.0819158
0.0820842
-0.0269158
-0.0119158
0.0820842
-0.0869158
0.0250842
0.0220842
-0.0839158
0.0790842
-0.0249158
-0.0269158
0.0830842
-0.0899158
0.0150842
0.0290842
-0.0829158
0.0820842
-0.0109158
-0.0499158
0.0880842
-0.0879158
0.0190842
