3.87051
0.0905777
-0.0852211
-0.00922105
0.0607789
-0.0912211
0.0667789
0.0207789
-0.0582211
0.0867789
-0.0782211
-0.0152211
0.0677789
-0.0932211
0.0677789
0.0177789
-0.0552211
0.0877789
-0.0742211
-0.0142211
0.0707789
-0.0872211
0.0627789
0.0207789
-0.0582211
0.0877789
-0.0682211
-0.0252211
0.0717789
-0.0902211
0.0667789
0.0157789
-0.0682211
0.0817789
-0.0752211
-0.0212211
0.0607789
-0.0932211
0.0717789
0.0187789
-0.0582211
0.0847789
-0.0732211
-0.0192211
0.0627789
-0.0942211
0.0547789
0.0377789
-0.0702211
0.0827789
-0.0592211
-0.0322211
0.0767789
-0.0822211
0.0487789
0.0407789
-0.0702211
0.0807789
-0.0662211
-0.0382211
0.0657789
-0.0852211
0.0537789
0.0317789
-0.0642211
0.0817789
-0.0492211
-0.0392211
0.0797789
-0.0772211
0.0377789
0.0567789
-0.0792211
0.0637789
-0.0302211
-0.0572211
0.0867789
-0.0682211
0.0267789
0.0627789
-0.0802211
0.0577789
-0.0222211
-0.0732211
0.0867789
-0.0562211
0.0197789
0.0627789
-0.0872211
0.0557789
-0.0172211
-0.0672211
0.0887789
-0.0572211
0.0167789
0.0687789
-0.0862211
0.0557789
-0.0172211
-0.0672211
0.0897789
-0.0542211
0.00677895
0.0697789
-0.0862211
0.0497789
-0.00722105
-0.0702211
0.0887789
-0.0532211
0.0137789
0.0717789
-0.0892211
0.0487789
-0.00222105
-0.0732211
0.0907789
-0.0482211
0.00277895
0.0747789
-0.0902211
0.0447789
0.000778947
-0.0712211
0.0907789
-0.0382211
-0.0202211
0.0887789
-0.0952211
0.0457789
