1.85956
0.0849535
0.0784105
-0.0785895
0.0414105
0.0534105
-0.0775895
0.0704105
-0.0445895
-0.0445895
0.0804105
-0.0755895
0.0314105
0.0544105
-0.0735895
0.0744105
-0.0485895
-0.0415895
0.0794105
-0.0765895
0.0324105
0.0584105
-0.0755895
0.0724105
-0.0365895
-0.0445895
0.0814105
-0.0685895
0.0254105
0.0594105
-0.0735895
0.0734105
-0.0295895
-0.0485895
0.0804105
-0.0705895
0.0364105
0.0554105
-0.0725895
0.0734105
-0.0365895
-0.0485895
0.0774105
-0.0745895
0.0314105
0.0504105
-0.0805895
0.0604105
-0.0215895
-0.0485895
0.0844105
-0.0595895
0.0114105
0.0654105
-0.0855895
0.0504105
-0.0145895
-0.0575895
0.0814105
-0.0625895
0.0194105
0.0654105
-0.0785895
0.0554105
-0.0145895
-0.0595895
0.0854105
-0.0445895
0.00741053
0.0784105
-0.0805895
0.0454105
0.00941053
-0.0715895
0.0834105
-0.0355895
-0.00658947
0.0774105
-0.0835895
0.0324105
0.00941053
-0.0775895
0.0774105
-0.0225895
-0.0295895
0.0834105
-0.0805895
0.0264105
0.0194105
-0.0815895
0.0794105
-0.0205895
-0.0225895
0.0844105
-0.0745895
0.0224105
0.0274105
-0.0785895
0.0804105
-0.0195895
-0.0225895
0.0824105
-0.0815895
0.0144105
0.0234105
-0.0815895
0.0784105
-0.0175895
-0.0225895
0.0834105
-0.0845895
0.0234105
0.0264105
-0.0795895
0.0764105
-0.0175895
-0.0395895
0.0854105
-0.0765895
0.00941053
0.0334105
-0.0835895
0.0724105
-0.00658947
-0.0365895
0.0814105
-0.0685895
-0.00758947
0.0424105
-0.0905895
