3.61916
0.0890982
-0.0628632
-0.0288632
0.0761368
-0.0878632
0.0531368
0.0441368
-0.0698632
0.0781368
-0.0598632
-0.0358632
0.0811368
-0.0868632
0.0491368
0.0401368
-0.0658632
0.0801368
-0.0618632
-0.0308632
0.0781368
-0.0798632
0.0481368
0.0391368
-0.0678632
0.0831368
-0.0498632
-0.0428632
0.0781368
-0.0788632
0.0511368
0.0361368
-0.0778632
0.0761368
-0.0608632
-0.0398632
0.0791368
-0.0868632
0.0581368
0.0371368
-0.0738632
0.0741368
-0.0538632
-0.0398632
0.0701368
-0.0868632
0.0361368
0.0551368
-0.0718632
0.0691368
-0.0428632
-0.0488632
0.0851368
-0.0748632
0.0301368
0.0611368
-0.0748632
0.0711368
-0.0458632
-0.0558632
0.0811368
-0.0768632
0.0421368
0.0511368
-0.0728632
0.0691368
-0.0338632
-0.0538632
0.0861368
-0.0688632
0.0181368
0.0661368
-0.0878632
0.0451368
-0.00786316
-0.0758632
0.0921368
-0.0508632
0.00613684
0.0751368
-0.0808632
0.0391368
0.00713684
-0.0788632
0.0821368
-0.0318632
-0.00586316
0.0811368
-0.0868632
0.0361368
0.0131368
-0.0758632
0.0811368
-0.0378632
-0.0108632
0.0811368
-0.0878632
0.0351368
0.0121368
-0.0788632
0.0841368
-0.0308632
-0.0198632
0.0851368
-0.0868632
0.0311368
0.0111368
-0.0778632
0.0821368
-0.0358632
-0.00486316
0.0811368
-0.0828632
0.0271368
0.0271368
-0.0818632
0.0781368
-0.0298632
-0.0228632
0.0841368
-0.0838632
0.0241368
0.0261368
-0.0878632
0.0831368
-0.0158632
-0.0428632
0.0901368
-0.0898632
0.0161368
