3.56889
0.0877955
-0.0601368
-0.0311368
0.0758632
-0.0861368
0.0448632
0.0468632
-0.0751368
0.0778632
-0.0521368
-0.0341368
0.0838632
-0.0781368
0.0438632
0.0428632
-0.0681368
0.0778632
-0.0521368
-0.0371368
0.0818632
-0.0801368
0.0378632
0.0488632
-0.0721368
0.0768632
-0.0431368
-0.0441368
0.0828632
-0.0771368
0.0498632
0.0408632
-0.0811368
0.0708632
-0.0511368
-0.0411368
0.0788632
-0.0791368
0.0508632
0.0418632
-0.0721368
0.0708632
-0.0451368
-0.0421368
0.0728632
-0.0801368
0.0358632
0.0528632
-0.0881368
0.0698632
-0.0371368
-0.0571368
0.0828632
-0.0671368
0.0228632
0.0638632
-0.0791368
0.0668632
-0.0391368
-0.0591368
0.0798632
-0.0701368
0.0278632
0.0558632
-0.0841368
0.0618632
-0.0231368
-0.0581368
0.0878632
-0.0611368
0.0138632
0.0688632
-0.0861368
0.0498632
-0.0101368
-0.0721368
0.0838632
-0.0501368
0.00486316
0.0738632
-0.0881368
0.0398632
0.00986316
-0.0781368
0.0888632
-0.0331368
-0.00213684
0.0788632
-0.0851368
0.0348632
0.00686316
-0.0811368
0.0858632
-0.0351368
-0.00813684
0.0818632
-0.0861368
0.0328632
0.00986316
-0.0801368
0.0818632
-0.0301368
-0.0171368
0.0808632
-0.0831368
0.0288632
0.0148632
-0.0811368
0.0868632
-0.0281368
-0.00913684
0.0818632
-0.0901368
0.0248632
0.0258632
-0.0831368
0.0828632
-0.0211368
-0.0231368
0.0808632
-0.0861368
0.0228632
0.0278632
-0.0821368
0.0778632
-0.0131368
-0.0421368
0.0848632
-0.0881368
0.0228632
