2.26185
0.0878729
0.0617474
-0.0872526
0.0687474
0.0217474
-0.0632526
0.0877474
-0.0742526
-0.0192526
0.0607474
-0.0902526
0.0587474
0.0307474
-0.0592526
0.0927474
-0.0742526
-0.00925263
0.0677474
-0.0892526
0.0597474
0.0317474
-0.0632526
0.0837474
-0.0722526
-0.0152526
0.0717474
-0.0872526
0.0497474
0.0317474
-0.0552526
0.0847474
-0.0622526
-0.0262526
0.0687474
-0.0902526
0.0627474
0.0217474
-0.0522526
0.0837474
-0.0652526
-0.0262526
0.0627474
-0.0872526
0.0607474
0.0187474
-0.0642526
0.0807474
-0.0512526
-0.0252526
0.0797474
-0.0802526
0.0437474
0.0417474
-0.0672526
0.0727474
-0.0512526
-0.0332526
0.0737474
-0.0762526
0.0597474
0.0467474
-0.0672526
0.0737474
-0.0562526
-0.0382526
0.0827474
-0.0732526
0.0367474
0.0487474
-0.0772526
0.0757474
-0.0182526
-0.0552526
0.0887474
-0.0592526
0.0197474
0.0667474
-0.0852526
0.0527474
-0.0232526
-0.0652526
0.0867474
-0.0482526
0.000747368
0.0797474
-0.0842526
0.0517474
-0.00625263
-0.0682526
0.0897474
-0.0512526
0.00274737
0.0737474
-0.0822526
0.0467474
-0.00625263
-0.0742526
0.0867474
-0.0462526
-0.000252632
0.0777474
-0.0852526
0.0377474
0.00174737
-0.0732526
0.0897474
-0.0452526
0.00274737
0.0807474
-0.0882526
0.0427474
0.00674737
-0.0752526
0.0837474
-0.0342526
-0.0152526
0.0827474
-0.0852526
0.0337474
0.00974737
-0.0752526
0.0857474
-0.0302526
-0.0152526
0.0827474
-0.0812526
0.0197474
0.0187474
-0.0822526
