3.06619
0.0886873
-0.0155368
-0.0715368
0.0874632
-0.0515368
0.00146316
0.0804632
-0.0925368
0.0484632
-0.00553684
-0.0745368
0.0924632
-0.0485368
0.00346316
0.0794632
-0.0865368
0.0614632
-0.00553684
-0.0725368
0.0904632
-0.0475368
0.00346316
0.0774632
-0.0905368
0.0474632
0.00246316
-0.0825368
0.0884632
-0.0455368
0.0104632
0.0744632
-0.0905368
0.0424632
-0.00553684
-0.0745368
0.0874632
-0.0545368
0.0104632
0.0744632
-0.0895368
0.0454632
-0.00253684
-0.0745368
0.0844632
-0.0555368
-0.00153684
0.0814632
-0.0925368
0.0404632
0.0114632
-0.0775368
0.0884632
-0.0345368
-0.0115368
0.0844632
-0.0895368
0.0424632
0.00546316
-0.0785368
0.0974632
-0.0285368
-0.00853684
0.0754632
-0.0865368
0.0334632
0.0194632
-0.0775368
0.0824632
-0.0315368
-0.0235368
0.0894632
-0.0765368
0.0204632
0.0354632
-0.0905368
0.0744632
-0.0105368
-0.0375368
0.0814632
-0.0885368
0.00446316
0.0464632
-0.0825368
0.0734632
0.00846316
-0.0355368
0.0904632
-0.0775368
0.000463158
0.0444632
-0.0895368
0.0674632
-0.00653684
-0.0435368
0.0834632
-0.0765368
0.00246316
0.0434632
-0.0845368
0.0704632
0.00846316
-0.0455368
0.0844632
-0.0795368
0.000463158
0.0524632
-0.0875368
0.0684632
0.00546316
-0.0405368
0.0904632
-0.0715368
-0.00353684
0.0574632
-0.0865368
0.0624632
0.00846316
-0.0475368
0.0834632
-0.0675368
-0.00553684
0.0634632
-0.0855368
0.0634632
0.0224632
-0.0675368
0.0834632
-0.0765368
-0.0135368
