2.61376
0.0845737
0.0308105
-0.0861895
0.0808105
-0.0111895
-0.0321895
0.0878105
-0.0811895
0.00781053
0.0368105
-0.0821895
0.0758105
-0.00818947
-0.0341895
0.0888105
-0.0821895
0.0168105
0.0368105
-0.0871895
0.0768105
0.00181053
-0.0351895
0.0888105
-0.0781895
0.0128105
0.0488105
-0.0821895
0.0678105
0.00381053
-0.0351895
0.0828105
-0.0801895
-0.000189474
0.0388105
-0.0851895
0.0808105
-0.00818947
-0.0301895
0.0838105
-0.0791895
0.00781053
0.0378105
-0.0821895
0.0738105
-0.00818947
-0.0421895
0.0838105
-0.0641895
-0.000189474
0.0488105
-0.0841895
0.0618105
0.0138105
-0.0491895
0.0798105
-0.0711895
-0.00518947
0.0468105
-0.0851895
0.0638105
0.00981053
-0.0441895
0.0848105
-0.0671895
-0.00518947
0.0588105
-0.0801895
0.0608105
0.0188105
-0.0551895
0.0838105
-0.0601895
-0.0231895
0.0708105
-0.0771895
0.0468105
0.0348105
-0.0621895
0.0738105
-0.0521895
-0.0381895
0.0788105
-0.0741895
0.0298105
0.0468105
-0.0701895
0.0678105
-0.0511895
-0.0441895
0.0798105
-0.0701895
0.0348105
0.0488105
-0.0671895
0.0668105
-0.0401895
-0.0401895
0.0758105
-0.0711895
0.0318105
0.0538105
-0.0741895
0.0638105
-0.0421895
-0.0481895
0.0778105
-0.0701895
0.0338105
0.0528105
-0.0721895
0.0658105
-0.0371895
-0.0471895
0.0858105
-0.0681895
0.0198105
0.0588105
-0.0801895
0.0568105
-0.0361895
-0.0521895
0.0838105
-0.0621895
0.0198105
0.0638105
-0.0831895
0.0498105
-0.0261895
-0.0571895
