0.251348
0.0861547
0.0392947
0.0572947
-0.0837053
0.0702947
-0.0297053
-0.0577053
0.0862947
-0.0667053
0.0292947
0.0562947
-0.0837053
0.0602947
-0.0377053
-0.0527053
0.0852947
-0.0757053
0.0252947
0.0632947
-0.0837053
0.0602947
-0.0247053
-0.0527053
0.0802947
-0.0677053
0.0132947
0.0682947
-0.0867053
0.0532947
-0.0387053
-0.0527053
0.0862947
-0.0607053
0.0202947
0.0652947
-0.0787053
0.0612947
-0.0347053
-0.0507053
0.0842947
-0.0647053
0.0182947
0.0572947
-0.0837053
0.0622947
-0.0197053
-0.0597053
0.0972947
-0.0627053
0.00529474
0.0682947
-0.0887053
0.0432947
-0.00570526
-0.0697053
0.0832947
-0.0527053
0.0102947
0.0782947
-0.0717053
0.0562947
-0.00770526
-0.0667053
0.0762947
-0.0477053
-0.00170526
0.0762947
-0.0837053
0.0372947
0.0152947
-0.0717053
0.0922947
-0.0207053
-0.0207053
0.0792947
-0.0837053
0.0222947
0.0252947
-0.0827053
0.0752947
-0.0167053
-0.0317053
0.0842947
-0.0717053
0.00229474
0.0352947
-0.0817053
0.0762947
-0.0107053
-0.0337053
0.0782947
-0.0817053
0.000294737
0.0462947
-0.0847053
0.0752947
-0.00670526
-0.0367053
0.0872947
-0.0717053
-0.000705263
0.0462947
-0.0827053
0.0712947
-0.00270526
-0.0447053
0.0812947
-0.0767053
-0.000705263
0.0402947
-0.0837053
0.0722947
0.00329474
-0.0427053
0.0842947
-0.0677053
-0.00870526
0.0532947
-0.0887053
0.0632947
0.0102947
-0.0507053
0.0832947
-0.0647053
-0.0197053
0.0762947
-0.0867053
0.0682947
0.0132947
