-1.40791
0.0860076
-0.0811368
0.0718632
-0.0331368
-0.0581368
0.0868632
-0.0671368
0.0248632
0.0618632
-0.0831368
0.0628632
-0.0291368
-0.0601368
0.0848632
-0.0681368
0.0288632
0.0538632
-0.0801368
0.0638632
-0.0211368
-0.0611368
0.0848632
-0.0671368
0.0198632
0.0568632
-0.0851368
0.0578632
-0.0181368
-0.0651368
0.0818632
-0.0721368
0.0128632
0.0688632
-0.0861368
0.0608632
-0.0341368
-0.0571368
0.0798632
-0.0721368
0.0258632
0.0638632
-0.0781368
0.0588632
-0.0321368
-0.0541368
0.0848632
-0.0671368
0.0138632
0.0668632
-0.0821368
0.0478632
-0.0111368
-0.0661368
0.0828632
-0.0531368
0.00986316
0.0698632
-0.0861368
0.0548632
-0.00413684
-0.0521368
0.0828632
-0.0681368
0.00386316
0.0678632
-0.0821368
0.0468632
-0.00713684
-0.0731368
0.0848632
-0.0401368
-0.00113684
0.0858632
-0.0861368
0.0248632
0.0118632
-0.0801368
0.0788632
-0.0371368
-0.0201368
0.0818632
-0.0821368
0.00986316
0.0388632
-0.0881368
0.0748632
-0.0221368
-0.0181368
0.0848632
-0.0801368
0.0128632
0.0308632
-0.0841368
0.0748632
-0.0171368
-0.0291368
0.0818632
-0.0831368
0.0138632
0.0378632
-0.0801368
0.0728632
-0.0101368
-0.0291368
0.0808632
-0.0791368
0.0168632
0.0338632
-0.0821368
0.0758632
-0.0141368
-0.0241368
0.0848632
-0.0801368
0.00686316
0.0368632
-0.0891368
0.0728632
-0.00513684
-0.0401368
0.0828632
-0.0761368
0.00186316
0.0458632
-0.0841368
0.0658632
0.0178632
-0.0391368
0.0918632
