3.87051
0.0896837
-0.0814105
-0.0114105
0.0645895
-0.0924105
0.0635895
0.0255895
-0.0564105
0.0885895
-0.0794105
-0.0104105
0.0655895
-0.0914105
0.0665895
0.0155895
-0.0544105
0.0865895
-0.0744105
-0.0174105
0.0655895
-0.0914105
0.0635895
0.0185895
-0.0524105
0.0935895
-0.0714105
-0.0274105
0.0745895
-0.0884105
0.0715895
0.0125895
-0.0654105
0.0835895
-0.0764105
-0.0144105
0.0635895
-0.0944105
0.0705895
0.0155895
-0.0544105
0.0865895
-0.0704105
-0.0164105
0.0615895
-0.0884105
0.0565895
0.0335895
-0.0674105
0.0815895
-0.0604105
-0.0284105
0.0745895
-0.0814105
0.0505895
0.0415895
-0.0644105
0.0815895
-0.0744105
-0.0374105
0.0645895
-0.0844105
0.0535895
0.0285895
-0.0674105
0.0805895
-0.0514105
-0.0384105
0.0805895
-0.0794105
0.0405895
0.0525895
-0.0824105
0.0675895
-0.0384105
-0.0604105
0.0805895
-0.0704105
0.0255895
0.0625895
-0.0814105
0.0585895
-0.0184105
-0.0694105
0.0875895
-0.0584105
0.0175895
0.0735895
-0.0854105
0.0505895
-0.0134105
-0.0664105
0.0865895
-0.0584105
0.0135895
0.0735895
-0.0894105
0.0485895
-0.0174105
-0.0624105
0.0835895
-0.0514105
0.00658947
0.0735895
-0.0834105
0.0525895
-0.00941053
-0.0694105
0.0915895
-0.0514105
0.0115895
0.0705895
-0.0864105
0.0455895
-0.00141053
-0.0734105
0.0805895
-0.0484105
0.000589474
0.0775895
-0.0844105
0.0425895
0.00558947
-0.0724105
0.0865895
-0.0364105
-0.0244105
0.0875895
-0.0924105
0.0405895
