-0.904879
0.086764
-0.0508737
0.0891263
-0.0708737
-0.0168737
0.0641263
-0.0878737
0.0621263
0.0191263
-0.0578737
0.0821263
-0.0688737
-0.0148737
0.0591263
-0.0928737
0.0701263
0.0101263
-0.0578737
0.0841263
-0.0688737
-0.0228737
0.0621263
-0.0888737
0.0651263
0.0151263
-0.0628737
0.0801263
-0.0588737
-0.0238737
0.0591263
-0.0888737
0.0581263
0.0261263
-0.0568737
0.0811263
-0.0728737
-0.0158737
0.0521263
-0.0868737
0.0631263
0.0191263
-0.0568737
0.0861263
-0.0698737
-0.0148737
0.0721263
-0.0878737
0.0441263
0.0301263
-0.0638737
0.0801263
-0.0558737
-0.0248737
0.0731263
-0.0848737
0.0541263
0.0361263
-0.0678737
0.0721263
-0.0678737
-0.0248737
0.0651263
-0.0848737
0.0511263
0.0311263
-0.0658737
0.0781263
-0.0478737
-0.0378737
0.0821263
-0.0768737
0.0271263
0.0591263
-0.0788737
0.0591263
-0.0308737
-0.0528737
0.0791263
-0.0698737
0.0251263
0.0641263
-0.0848737
0.0501263
-0.0118737
-0.0668737
0.0801263
-0.0678737
0.0211263
0.0651263
-0.0828737
0.0561263
-0.0138737
-0.0578737
0.0831263
-0.0638737
0.0151263
0.0691263
-0.0838737
0.0511263
-0.0118737
-0.0688737
0.0841263
-0.0578737
0.00712632
0.0661263
-0.0838737
0.0541263
-0.00987368
-0.0638737
0.0811263
-0.0618737
0.0161263
0.0651263
-0.0858737
0.0501263
-0.00787368
-0.0688737
0.0851263
-0.0578737
0.00412632
0.0721263
-0.0858737
0.0421263
0.00112632
-0.0738737
0.0831263
-0.0368737
0.000126316
0.0811263
