2.01045
0.0853872
0.0741263
-0.0858737
0.0551263
0.0381263
-0.0728737
0.0771263
-0.0578737
-0.0338737
0.0741263
-0.0818737
0.0411263
0.0411263
-0.0718737
0.0811263
-0.0598737
-0.0208737
0.0761263
-0.0808737
0.0461263
0.0421263
-0.0678737
0.0771263
-0.0568737
-0.0318737
0.0801263
-0.0748737
0.0381263
0.0471263
-0.0628737
0.0801263
-0.0478737
-0.0388737
0.0741263
-0.0798737
0.0491263
0.0441263
-0.0638737
0.0831263
-0.0508737
-0.0348737
0.0721263
-0.0748737
0.0501263
0.0361263
-0.0678737
0.0701263
-0.0498737
-0.0368737
0.0811263
-0.0718737
0.0311263
0.0541263
-0.0728737
0.0631263
-0.0328737
-0.0418737
0.0771263
-0.0738737
0.0391263
0.0451263
-0.0698737
0.0711263
-0.0368737
-0.0448737
0.0841263
-0.0648737
0.0251263
0.0541263
-0.0788737
0.0621263
-0.0188737
-0.0578737
0.0881263
-0.0578737
0.0181263
0.0641263
-0.0768737
0.0571263
-0.00687368
-0.0668737
0.0781263
-0.0468737
-0.00387368
0.0761263
-0.0838737
0.0431263
-0.0108737
-0.0658737
0.0841263
-0.0468737
0.00612632
0.0711263
-0.0798737
0.0421263
-0.000873684
-0.0708737
0.0841263
-0.0458737
0.00312632
0.0761263
-0.0828737
0.0431263
0.000126316
-0.0678737
0.0871263
-0.0458737
0.00412632
0.0771263
-0.0848737
0.0451263
0.000126316
-0.0678737
0.0881263
-0.0418737
-0.00887368
0.0781263
-0.0838737
0.0361263
0.00612632
-0.0698737
0.0841263
-0.0348737
-0.0148737
0.0821263
-0.0828737
0.0211263
0.00912632
-0.0788737
