2.91538
0.0859255
-0.00287368
-0.0768737
0.0911263
-0.0428737
-0.00887368
0.0851263
-0.0878737
0.0381263
0.00712632
-0.0748737
0.0871263
-0.0348737
0.000126316
0.0761263
-0.0868737
0.0431263
0.00612632
-0.0778737
0.0881263
-0.0358737
-0.00587368
0.0821263
-0.0848737
0.0371263
0.00912632
-0.0818737
0.0851263
-0.0348737
0.00112632
0.0751263
-0.0848737
0.0361263
0.00312632
-0.0758737
0.0871263
-0.0428737
0.00512632
0.0761263
-0.0928737
0.0401263
0.00212632
-0.0738737
0.0831263
-0.0458737
-0.00687368
0.0781263
-0.0868737
0.0331263
0.0171263
-0.0778737
0.0851263
-0.0268737
-0.0148737
0.0821263
-0.0838737
0.0291263
0.0101263
-0.0828737
0.0801263
-0.0318737
-0.0118737
0.0801263
-0.0858737
0.0251263
0.0271263
-0.0828737
0.0831263
-0.0158737
-0.0258737
0.0861263
-0.0818737
0.00812632
0.0371263
-0.0858737
0.0711263
-0.00287368
-0.0368737
0.0901263
-0.0818737
-0.00287368
0.0501263
-0.0868737
0.0641263
0.0141263
-0.0418737
0.0801263
-0.0728737
-0.00687368
0.0551263
-0.0818737
0.0651263
0.0151263
-0.0438737
0.0801263
-0.0708737
-0.00987368
0.0481263
-0.0878737
0.0591263
0.0191263
-0.0548737
0.0831263
-0.0718737
-0.0108737
0.0581263
-0.0848737
0.0631263
0.0181263
-0.0468737
0.0811263
-0.0618737
-0.0178737
0.0611263
-0.0808737
0.0501263
0.0261263
-0.0538737
0.0771263
-0.0658737
-0.0198737
0.0681263
-0.0828737
0.0451263
0.0351263
-0.0688737
0.0721263
-0.0658737
-0.0268737
