-0.653512
0.0821021
-0.0378211
0.0871789
-0.0748211
0.000178947
0.0471789
-0.0858211
0.0711789
0.00417895
-0.0448211
0.0841789
-0.0688211
0.00117895
0.0461789
-0.0848211
0.0721789
-0.00882105
-0.0418211
0.0761789
-0.0718211
-0.00882105
0.0461789
-0.0858211
0.0741789
0.00517895
-0.0448211
0.0811789
-0.0668211
-0.00782105
0.0421789
-0.0838211
0.0641789
0.0131789
-0.0418211
0.0801789
-0.0768211
-0.00182105
0.0391789
-0.0818211
0.0671789
0.00517895
-0.0428211
0.0831789
-0.0748211
-0.00382105
0.0541789
-0.0828211
0.0621789
0.0131789
-0.0528211
0.0771789
-0.0598211
-0.0208211
0.0641789
-0.0848211
0.0561789
0.0131789
-0.0598211
0.0701789
-0.0638211
-0.00982105
0.0601789
-0.0818211
0.0561789
0.0231789
-0.0558211
0.0771789
-0.0568211
-0.0288211
0.0671789
-0.0838211
0.0391789
0.0411789
-0.0698211
0.0641789
-0.0468211
-0.0408211
0.0721789
-0.0718211
0.0411789
0.0441789
-0.0708211
0.0601789
-0.0208211
-0.0538211
0.0741789
-0.0688211
0.0341789
0.0491789
-0.0728211
0.0591789
-0.0348211
-0.0498211
0.0761789
-0.0698211
0.0271789
0.0481789
-0.0728211
0.0611789
-0.0298211
-0.0498211
0.0781789
-0.0638211
0.0281789
0.0551789
-0.0748211
0.0631789
-0.0268211
-0.0548211
0.0711789
-0.0658211
0.0241789
0.0541789
-0.0798211
0.0531789
-0.0188211
-0.0598211
0.0721789
-0.0588211
0.0131789
0.0621789
-0.0758211
0.0481789
-0.0108211
-0.0658211
0.0791789
-0.0398211
0.0101789
0.0681789
