-0.502698
0.0839405
-0.0212105
0.0867895
-0.0922105
0.0147895
0.0337895
-0.0852105
0.0797895
-0.0172105
-0.0272105
0.0817895
-0.0842105
0.0137895
0.0307895
-0.0822105
0.0807895
-0.0202105
-0.0282105
0.0867895
-0.0842105
0.0117895
0.0327895
-0.0852105
0.0747895
-0.0182105
-0.0332105
0.0837895
-0.0802105
0.00778947
0.0227895
-0.0852105
0.0787895
-0.0132105
-0.0232105
0.0847895
-0.0842105
0.0167895
0.0187895
-0.0802105
0.0757895
-0.0192105
-0.0212105
0.0877895
-0.0822105
0.0217895
0.0367895
-0.0812105
0.0737895
-0.00921053
-0.0372105
0.0817895
-0.0792105
-0.00121053
0.0467895
-0.0852105
0.0757895
-0.00521053
-0.0422105
0.0797895
-0.0732105
0.00778947
0.0447895
-0.0772105
0.0687895
-0.000210526
-0.0392105
0.0827895
-0.0742105
-0.00421053
0.0547895
-0.0842105
0.0637895
0.0157895
-0.0542105
0.0717895
-0.0692105
-0.0172105
0.0617895
-0.0802105
0.0527895
0.0227895
-0.0622105
0.0717895
-0.0492105
-0.0302105
0.0617895
-0.0822105
0.0527895
0.0327895
-0.0612105
0.0757895
-0.0522105
-0.0302105
0.0667895
-0.0772105
0.0467895
0.0267895
-0.0632105
0.0717895
-0.0492105
-0.0392105
0.0697895
-0.0762105
0.0497895
0.0327895
-0.0632105
0.0727895
-0.0582105
-0.0352105
0.0637895
-0.0782105
0.0457895
0.0337895
-0.0682105
0.0687895
-0.0412105
-0.0412105
0.0657895
-0.0722105
0.0367895
0.0387895
-0.0732105
0.0667895
-0.0412105
-0.0462105
0.0837895
-0.0662105
0.0387895
0.0457895
