0.452428
0.0864835
0.0479789
0.0409789
-0.0770211
0.0719789
-0.0490211
-0.0410211
0.0789789
-0.0820211
0.0399789
0.0459789
-0.0740211
0.0739789
-0.0490211
-0.0400211
0.0749789
-0.0840211
0.0379789
0.0479789
-0.0770211
0.0669789
-0.0430211
-0.0380211
0.0799789
-0.0780211
0.0319789
0.0559789
-0.0800211
0.0639789
-0.0520211
-0.0420211
0.0849789
-0.0730211
0.0399789
0.0519789
-0.0720211
0.0719789
-0.0470211
-0.0390211
0.0809789
-0.0730211
0.0319789
0.0499789
-0.0760211
0.0709789
-0.0340211
-0.0510211
0.0919789
-0.0740211
0.0229789
0.0609789
-0.0810211
0.0569789
-0.0180211
-0.0600211
0.0829789
-0.0650211
0.0179789
0.0609789
-0.0720211
0.0679789
-0.0230211
-0.0520211
0.0879789
-0.0650211
0.0189789
0.0739789
-0.0830211
0.0509789
-0.00602105
-0.0660211
0.0849789
-0.0500211
-0.00102105
0.0769789
-0.0870211
0.0359789
0.00497895
-0.0720211
0.0849789
-0.0420211
-0.00902105
0.0849789
-0.0810211
0.0259789
0.0119789
-0.0760211
0.0839789
-0.0320211
-0.0110211
0.0819789
-0.0800211
0.0299789
0.0179789
-0.0800211
0.0799789
-0.0360211
-0.0170211
0.0829789
-0.0840211
0.0199789
0.0289789
-0.0820211
0.0849789
-0.0240211
-0.0230211
0.0849789
-0.0820211
0.0229789
0.0149789
-0.0800211
0.0849789
-0.0230211
-0.0320211
0.0839789
-0.0800211
0.0179789
0.0289789
-0.0840211
0.0709789
-0.0200211
-0.0350211
0.0829789
-0.0770211
0.00497895
0.0579789
-0.0890211
0.0819789
-0.0170211
