-3.58047e-15
0.0898742
-0.0139368
0.0910632
-0.0909368
0.0280632
0.0200632
-0.0869368
0.0900632
-0.0269368
-0.0149368
0.0880632
-0.0899368
0.0190632
0.0200632
-0.0879368
0.0880632
-0.0399368
-0.0139368
0.0880632
-0.0899368
0.0200632
0.0220632
-0.0879368
0.0870632
-0.0329368
-0.0259368
0.0890632
-0.0839368
0.0150632
0.0150632
-0.0869368
0.0860632
-0.0189368
-0.0229368
0.0900632
-0.0859368
0.0190632
0.0170632
-0.0829368
0.0830632
-0.0229368
-0.0259368
0.0860632
-0.0899368
0.0190632
0.0250632
-0.0939368
0.0920632
-0.0159368
-0.0339368
0.0900632
-0.0759368
0.00506316
0.0480632
-0.0939368
0.0790632
-0.00693684
-0.0399368
0.0860632
-0.0899368
0.00706316
0.0370632
-0.0889368
0.0780632
6.31579e-05
-0.0449368
0.0910632
-0.0709368
-0.00693684
0.0570632
-0.0919368
0.0650632
0.0220632
-0.0569368
0.0840632
-0.0659368
-0.0199368
0.0640632
-0.0869368
0.0590632
0.0250632
-0.0679368
0.0740632
-0.0509368
-0.0339368
0.0660632
-0.0879368
0.0590632
0.0350632
-0.0679368
0.0800632
-0.0559368
-0.0299368
0.0710632
-0.0829368
0.0530632
0.0350632
-0.0679368
0.0790632
-0.0479368
-0.0469368
0.0780632
-0.0779368
0.0490632
0.0420632
-0.0719368
0.0800632
-0.0569368
-0.0369368
0.0750632
-0.0829368
0.0470632
0.0440632
-0.0749368
0.0740632
-0.0429368
-0.0419368
0.0770632
-0.0749368
0.0390632
0.0490632
-0.0769368
0.0690632
-0.0389368
-0.0509368
0.0900632
-0.0669368
0.0380632
0.0560632
