-0.60324
0.0856478
-0.0295789
0.0874211
-0.0845789
0.00442105
0.0374211
-0.0885789
0.0774211
-0.00257895
-0.0345789
0.0874211
-0.0795789
0.00842105
0.0444211
-0.0865789
0.0774211
-0.0135789
-0.0355789
0.0834211
-0.0835789
-0.000578947
0.0444211
-0.0865789
0.0774211
-0.00757895
-0.0425789
0.0834211
-0.0745789
-0.00257895
0.0354211
-0.0885789
0.0724211
0.00342105
-0.0395789
0.0844211
-0.0845789
0.00542105
0.0324211
-0.0835789
0.0774211
-0.00457895
-0.0355789
0.0854211
-0.0835789
0.00942105
0.0474211
-0.0885789
0.0714211
0.000421053
-0.0465789
0.0804211
-0.0725789
-0.00857895
0.0554211
-0.0845789
0.0634211
0.00442105
-0.0475789
0.0844211
-0.0575789
0.00442105
0.0534211
-0.0905789
0.0614211
0.0104211
-0.0515789
0.0804211
-0.0695789
-0.0225789
0.0674211
-0.0795789
0.0534211
0.0404211
-0.0705789
0.0684211
-0.0525789
-0.0365789
0.0684211
-0.0845789
0.0364211
0.0424211
-0.0735789
0.0664211
-0.0315789
-0.0505789
0.0754211
-0.0725789
0.0384211
0.0514211
-0.0755789
0.0634211
-0.0385789
-0.0495789
0.0794211
-0.0735789
0.0324211
0.0534211
-0.0765789
0.0644211
-0.0265789
-0.0535789
0.0844211
-0.0655789
0.0234211
0.0594211
-0.0755789
0.0584211
-0.0315789
-0.0575789
0.0784211
-0.0665789
0.0254211
0.0594211
-0.0835789
0.0564211
-0.0185789
-0.0615789
0.0834211
-0.0605789
0.0164211
0.0604211
-0.0795789
0.0514211
-0.0145789
-0.0625789
0.0894211
-0.0435789
0.0134211
0.0744211
