-0.452428
0.0851399
-0.0770947
0.0649053
-0.0410947
-0.0540947
0.0879053
-0.0750947
0.0269053
0.0549053
-0.0820947
0.0669053
-0.0320947
-0.0550947
0.0839053
-0.0750947
0.0349053
0.0499053
-0.0840947
0.0599053
-0.0270947
-0.0560947
0.0829053
-0.0710947
0.0249053
0.0589053
-0.0810947
0.0579053
-0.0210947
-0.0600947
0.0799053
-0.0760947
0.0149053
0.0679053
-0.0770947
0.0609053
-0.0370947
-0.0520947
0.0739053
-0.0770947
0.0229053
0.0519053
-0.0770947
0.0649053
-0.0360947
-0.0500947
0.0879053
-0.0620947
0.0109053
0.0639053
-0.0780947
0.0519053
-0.0150947
-0.0660947
0.0849053
-0.0560947
0.0129053
0.0649053
-0.0860947
0.0599053
-0.0100947
-0.0480947
0.0809053
-0.0670947
0.00990526
0.0649053
-0.0790947
0.0459053
-0.00509474
-0.0730947
0.0869053
-0.0350947
-0.00709474
0.0839053
-0.0850947
0.0269053
0.0139053
-0.0810947
0.0789053
-0.0340947
-0.0200947
0.0779053
-0.0850947
0.0179053
0.0389053
-0.0840947
0.0819053
-0.0210947
-0.0120947
0.0829053
-0.0850947
0.0229053
0.0269053
-0.0820947
0.0779053
-0.0220947
-0.0270947
0.0769053
-0.0840947
0.0169053
0.0319053
-0.0800947
0.0809053
-0.0140947
-0.0250947
0.0819053
-0.0860947
0.0139053
0.0289053
-0.0800947
0.0799053
-0.0220947
-0.0230947
0.0829053
-0.0740947
0.0119053
0.0379053
-0.0850947
0.0719053
-0.0100947
-0.0300947
0.0839053
-0.0810947
0.00390526
0.0419053
-0.0840947
0.0629053
0.00690526
-0.0400947
0.0879053
