1.96016
0.0831678
0.0791579
-0.0788421
0.0371579
0.0501579
-0.0748421
0.0671579
-0.0378421
-0.0448421
0.0791579
-0.0728421
0.0311579
0.0551579
-0.0718421
0.0721579
-0.0398421
-0.0418421
0.0801579
-0.0738421
0.0291579
0.0571579
-0.0768421
0.0691579
-0.0408421
-0.0478421
0.0841579
-0.0668421
0.0201579
0.0551579
-0.0698421
0.0691579
-0.0308421
-0.0448421
0.0801579
-0.0708421
0.0361579
0.0541579
-0.0678421
0.0711579
-0.0358421
-0.0448421
0.0731579
-0.0738421
0.0351579
0.0471579
-0.0728421
0.0591579
-0.0278421
-0.0508421
0.0811579
-0.0618421
0.0251579
0.0611579
-0.0778421
0.0601579
-0.0268421
-0.0478421
0.0801579
-0.0668421
0.0191579
0.0541579
-0.0758421
0.0611579
-0.0218421
-0.0518421
0.0811579
-0.0588421
0.0201579
0.0681579
-0.0758421
0.0551579
-0.00584211
-0.0638421
0.0801579
-0.0498421
0.00315789
0.0721579
-0.0828421
0.0401579
-0.00384211
-0.0658421
0.0871579
-0.0368421
-0.0128421
0.0771579
-0.0818421
0.0401579
0.00215789
-0.0718421
0.0861579
-0.0338421
-0.00684211
0.0811579
-0.0808421
0.0381579
0.00815789
-0.0738421
0.0801579
-0.0388421
-0.0158421
0.0761579
-0.0818421
0.0301579
0.0111579
-0.0748421
0.0851579
-0.0348421
0.000157895
0.0811579
-0.0788421
0.0381579
0.00815789
-0.0738421
0.0801579
-0.0328421
-0.0208421
0.0791579
-0.0788421
0.0221579
0.0201579
-0.0778421
0.0801579
-0.0228421
-0.0218421
0.0841579
-0.0758421
0.00515789
0.0271579
-0.0848421
