2.96565
0.0856346
-0.00518947
-0.0731895
0.0888105
-0.0471895
-0.00518947
0.0838105
-0.0881895
0.0398105
0.00381053
-0.0741895
0.0908105
-0.0451895
-0.00218947
0.0748105
-0.0861895
0.0468105
0.00581053
-0.0701895
0.0898105
-0.0401895
-0.00318947
0.0778105
-0.0861895
0.0438105
0.00781053
-0.0751895
0.0858105
-0.0401895
0.00581053
0.0738105
-0.0891895
0.0338105
0.00281053
-0.0731895
0.0898105
-0.0471895
0.00781053
0.0748105
-0.0861895
0.0398105
0.000810526
-0.0721895
0.0858105
-0.0501895
-0.00618947
0.0818105
-0.0901895
0.0378105
0.0128105
-0.0761895
0.0858105
-0.0331895
-0.0151895
0.0868105
-0.0861895
0.0338105
0.00881053
-0.0801895
0.0818105
-0.0381895
-0.00618947
0.0788105
-0.0881895
0.0318105
0.0248105
-0.0811895
0.0818105
-0.0211895
-0.0261895
0.0848105
-0.0781895
0.0118105
0.0448105
-0.0841895
0.0698105
-0.00718947
-0.0371895
0.0808105
-0.0771895
-0.00618947
0.0488105
-0.0891895
0.0648105
0.0108105
-0.0421895
0.0818105
-0.0791895
-0.000189474
0.0518105
-0.0831895
0.0668105
0.00581053
-0.0441895
0.0808105
-0.0691895
-0.00418947
0.0528105
-0.0811895
0.0608105
0.0158105
-0.0511895
0.0788105
-0.0691895
-0.00518947
0.0538105
-0.0851895
0.0648105
0.0128105
-0.0431895
0.0848105
-0.0711895
-0.0101895
0.0598105
-0.0791895
0.0578105
0.0198105
-0.0501895
0.0808105
-0.0661895
-0.0121895
0.0648105
-0.0831895
0.0558105
0.0258105
-0.0721895
0.0778105
-0.0641895
-0.0141895
