1.05571
0.0909278
0.0862632
-0.0147368
-0.0397368
0.0962632
-0.0877368
0.00626316
0.0482632
-0.0947368
0.0812632
-0.00573684
-0.0437368
0.0932632
-0.0857368
0.0122632
0.0412632
-0.0887368
0.0842632
-0.00373684
-0.0427368
0.0932632
-0.0847368
0.00726316
0.0472632
-0.0887368
0.0762632
0.00426316
-0.0497368
0.0842632
-0.0897368
0.0112632
0.0542632
-0.0947368
0.0802632
-0.00173684
-0.0347368
0.0932632
-0.0857368
0.0112632
0.0432632
-0.0927368
0.0752632
-0.00473684
-0.0387368
0.0952632
-0.0847368
-0.00473684
0.0702632
-0.0887368
0.0732632
0.0132632
-0.0527368
0.0862632
-0.0757368
-0.0107368
0.0622632
-0.0907368
0.0712632
0.0152632
-0.0497368
0.0932632
-0.0737368
-0.00273684
0.0602632
-0.0867368
0.0692632
0.0272632
-0.0617368
0.0842632
-0.0637368
-0.0207368
0.0772632
-0.0807368
0.0512632
0.0462632
-0.0707368
0.0752632
-0.0537368
-0.0367368
0.0762632
-0.0847368
0.0352632
0.0542632
-0.0827368
0.0672632
-0.0477368
-0.0477368
0.0802632
-0.0727368
0.0382632
0.0512632
-0.0827368
0.0642632
-0.0387368
-0.0467368
0.0822632
-0.0787368
0.0362632
0.0532632
-0.0807368
0.0632632
-0.0337368
-0.0537368
0.0852632
-0.0787368
0.0322632
0.0592632
-0.0747368
0.0682632
-0.0417368
-0.0497368
0.0782632
-0.0727368
0.0252632
0.0582632
-0.0837368
0.0632632
-0.0297368
-0.0557368
0.0862632
-0.0707368
0.0182632
0.0612632
-0.0837368
0.0542632
0.000263158
-0.0767368
0.0932632
-0.0717368
