3.16673
0.088179
-0.024
-0.062
0.092
-0.063
0.006
0.076
-0.091
0.058
-0.013
-0.066
0.094
-0.056
0.015
0.072
-0.085
0.059
-0.013
-0.063
0.087
-0.057
0.006
0.071
-0.089
0.055
-0.01
-0.075
0.089
-0.051
0.021
0.071
-0.084
0.044
-0.012
-0.065
0.089
-0.058
0.021
0.067
-0.086
0.05
-0.014
-0.071
0.088
-0.066
0.002
0.079
-0.091
0.045
0.002
-0.073
0.092
-0.04
-0.001
0.081
-0.086
0.045
-0.004
-0.079
0.082
-0.048
0.002
0.074
-0.088
0.042
0.004
-0.073
0.088
-0.041
-0.012
0.085
-0.088
0.026
0.023
-0.08
0.083
-0.023
-0.021
0.084
-0.089
0.015
0.036
-0.089
0.077
-0.003
-0.026
0.086
-0.088
0.006
0.036
-0.087
0.08
-0.009
-0.032
0.086
-0.084
0.013
0.032
-0.089
0.072
-0.004
-0.039
0.089
-0.083
0.012
0.037
-0.089
0.078
-0.003
-0.026
0.083
-0.079
0.004
0.046
-0.09
0.067
-0.001
-0.043
0.086
-0.08
0.007
0.049
-0.086
0.064
0.007
-0.059
0.091
-0.083
0.004
