-1.50923
0.0819676
-0.0811158
0.0558842
-0.0151158
-0.0641158
0.0848842
-0.0561158
0.00988421
0.0698842
-0.0821158
0.0508842
-0.00511579
-0.0661158
0.0848842
-0.0551158
0.00888421
0.0598842
-0.0821158
0.0488842
-0.00111579
-0.0671158
0.0848842
-0.0541158
0.00788421
0.0668842
-0.0831158
0.0388842
0.00288421
-0.0701158
0.0818842
-0.0611158
-0.00211579
0.0698842
-0.0841158
0.0458842
-0.0161158
-0.0651158
0.0798842
-0.0561158
0.00688421
0.0658842
-0.0821158
0.0538842
-0.0121158
-0.0601158
0.0858842
-0.0491158
-0.00811579
0.0678842
-0.0851158
0.0368842
-0.00511579
-0.0711158
0.0788842
-0.0441158
0.000884211
0.0738842
-0.0891158
0.0308842
0.00388421
-0.0621158
0.0858842
-0.0481158
0.000884211
0.0748842
-0.0791158
0.0318842
0.0118842
-0.0781158
0.0758842
-0.0321158
-0.0191158
0.0778842
-0.0821158
0.0138842
0.0228842
-0.0771158
0.0728842
-0.0191158
-0.0261158
0.0798842
-0.0771158
0.00688421
0.0498842
-0.0821158
0.0748842
-0.0121158
-0.0291158
0.0808842
-0.0761158
0.00788421
0.0378842
-0.0821158
0.0728842
-0.00611579
-0.0331158
0.0748842
-0.0801158
0.00888421
0.0368842
-0.0801158
0.0708842
0.00488421
-0.0331158
0.0808842
-0.0741158
0.000884211
0.0338842
-0.0851158
0.0718842
-0.0141158
-0.0321158
0.0728842
-0.0731158
-0.000115789
0.0438842
-0.0831158
0.0658842
-0.00211579
-0.0431158
0.0738842
-0.0691158
-0.00411579
0.0518842
-0.0811158
0.0528842
0.0238842
-0.0481158
0.0868842
