0.301617
0.0862271
0.0431684
0.0531684
-0.0768316
0.0701684
-0.0408316
-0.0508316
0.0821684
-0.0688316
0.0321684
0.0531684
-0.0808316
0.0611684
-0.0348316
-0.0508316
0.0801684
-0.0788316
0.0341684
0.0521684
-0.0788316
0.0661684
-0.0398316
-0.0478316
0.0841684
-0.0738316
0.0291684
0.0631684
-0.0788316
0.0651684
-0.0498316
-0.0438316
0.0861684
-0.0708316
0.0331684
0.0591684
-0.0768316
0.0671684
-0.0508316
-0.0428316
0.0811684
-0.0738316
0.0351684
0.0491684
-0.0738316
0.0681684
-0.0358316
-0.0558316
0.0871684
-0.0708316
0.0221684
0.0631684
-0.0768316
0.0561684
-0.0228316
-0.0618316
0.0811684
-0.0698316
0.0231684
0.0741684
-0.0628316
0.0681684
-0.0278316
-0.0608316
0.0771684
-0.0638316
0.0181684
0.0681684
-0.0848316
0.0501684
-0.0108316
-0.0608316
0.0911684
-0.0438316
-0.00183158
0.0761684
-0.0838316
0.0361684
0.00516842
-0.0808316
0.0791684
-0.0348316
-0.0108316
0.0811684
-0.0848316
0.0261684
0.0151684
-0.0798316
0.0841684
-0.0258316
-0.0148316
0.0801684
-0.0848316
0.0261684
0.0181684
-0.0778316
0.0841684
-0.0238316
-0.0158316
0.0841684
-0.0788316
0.0221684
0.0251684
-0.0838316
0.0811684
-0.0208316
-0.0208316
0.0811684
-0.0848316
0.0211684
0.0191684
-0.0778316
0.0861684
-0.0208316
-0.0248316
0.0831684
-0.0818316
0.0181684
0.0241684
-0.0848316
0.0771684
-0.0188316
-0.0248316
0.0821684
-0.0758316
0.0141684
0.0551684
-0.0888316
0.0871684
-0.0128316
