1.96016
0.0810838
0.0712211
-0.0807789
0.0462211
0.0442211
-0.0667789
0.0692211
-0.0527789
-0.0337789
0.0702211
-0.0797789
0.0382211
0.0412211
-0.0647789
0.0762211
-0.0537789
-0.0267789
0.0762211
-0.0757789
0.0412211
0.0472211
-0.0707789
0.0702211
-0.0527789
-0.0317789
0.0772211
-0.0707789
0.0342211
0.0472211
-0.0637789
0.0762211
-0.0387789
-0.0407789
0.0762211
-0.0727789
0.0452211
0.0402211
-0.0607789
0.0722211
-0.0457789
-0.0417789
0.0702211
-0.0747789
0.0412211
0.0352211
-0.0687789
0.0632211
-0.0327789
-0.0387789
0.0772211
-0.0657789
0.0312211
0.0512211
-0.0717789
0.0612211
-0.0317789
-0.0447789
0.0752211
-0.0717789
0.0292211
0.0492211
-0.0727789
0.0662211
-0.0257789
-0.0447789
0.0802211
-0.0557789
0.0222211
0.0612211
-0.0747789
0.0522211
-0.0127789
-0.0597789
0.0822211
-0.0487789
0.0132211
0.0682211
-0.0797789
0.0412211
-0.00277895
-0.0677789
0.0832211
-0.0337789
-0.0107789
0.0772211
-0.0817789
0.0392211
-0.00577895
-0.0717789
0.0822211
-0.0317789
-0.00677895
0.0742211
-0.0757789
0.0382211
0.00622105
-0.0707789
0.0782211
-0.0387789
-0.00677895
0.0762211
-0.0797789
0.0342211
0.00922105
-0.0677789
0.0832211
-0.0327789
-0.000778947
0.0772211
-0.0777789
0.0372211
0.00722105
-0.0627789
0.0822211
-0.0307789
-0.0117789
0.0782211
-0.0787789
0.0332211
0.0142211
-0.0707789
0.0792211
-0.0307789
-0.0137789
0.0782211
-0.0747789
0.0122211
0.0232211
-0.0777789
