-1.30719
0.0924425
-0.0825263
0.0764737
-0.0375263
-0.0625263
0.0944737
-0.0765263
0.0324737
0.0634737
-0.0805263
0.0744737
-0.0375263
-0.0615263
0.0904737
-0.0775263
0.0384737
0.0524737
-0.0825263
0.0734737
-0.0315263
-0.0655263
0.0884737
-0.0805263
0.0334737
0.0594737
-0.0865263
0.0614737
-0.0285263
-0.0635263
0.0834737
-0.0815263
0.0184737
0.0694737
-0.0835263
0.0694737
-0.0415263
-0.0555263
0.0874737
-0.0755263
0.0374737
0.0634737
-0.0825263
0.0684737
-0.0415263
-0.0575263
0.0904737
-0.0685263
0.0144737
0.0644737
-0.0895263
0.0584737
-0.0175263
-0.0695263
0.0914737
-0.0635263
0.0174737
0.0704737
-0.0915263
0.0564737
-0.0295263
-0.0655263
0.0914737
-0.0635263
0.0184737
0.0724737
-0.0915263
0.0544737
-0.00552632
-0.0735263
0.0894737
-0.0565263
-0.00752632
0.0834737
-0.0925263
0.0334737
0.00947368
-0.0875263
0.0824737
-0.0425263
-0.0135263
0.0854737
-0.0895263
0.0184737
0.0304737
-0.0865263
0.0874737
-0.0315263
-0.0135263
0.0904737
-0.0915263
0.0244737
0.0284737
-0.0835263
0.0834737
-0.0275263
-0.0225263
0.0824737
-0.0895263
0.0244737
0.0274737
-0.0895263
0.0804737
-0.0195263
-0.0215263
0.0914737
-0.0865263
0.0234737
0.0274737
-0.0895263
0.0894737
-0.0195263
-0.0185263
0.0904737
-0.0865263
0.0164737
0.0374737
-0.0935263
0.0764737
-0.0125263
-0.0315263
0.0894737
-0.0855263
0.00547368
0.0464737
-0.0885263
0.0734737
0.00947368
-0.0405263
0.0994737
