2.61376
0.0912862
0.0279263
-0.0930737
0.0869263
-0.0160737
-0.0400737
0.0929263
-0.0860737
0.00792632
0.0379263
-0.0960737
0.0839263
-0.00407368
-0.0340737
0.0959263
-0.0860737
0.0169263
0.0419263
-0.0940737
0.0819263
0.00492632
-0.0420737
0.0949263
-0.0860737
0.00492632
0.0459263
-0.0930737
0.0769263
0.00492632
-0.0330737
0.0899263
-0.0830737
0.000926316
0.0469263
-0.0930737
0.0879263
-0.00307368
-0.0280737
0.0939263
-0.0810737
0.00392632
0.0429263
-0.0920737
0.0789263
-0.00607368
-0.0480737
0.0909263
-0.0670737
-0.00207368
0.0589263
-0.0900737
0.0679263
0.0149263
-0.0560737
0.0889263
-0.0780737
-0.00907368
0.0479263
-0.0940737
0.0779263
0.0179263
-0.0420737
0.0909263
-0.0770737
-0.00907368
0.0659263
-0.0840737
0.0609263
0.0259263
-0.0640737
0.0849263
-0.0500737
-0.0370737
0.0739263
-0.0870737
0.0479263
0.0429263
-0.0700737
0.0709263
-0.0550737
-0.0450737
0.0809263
-0.0740737
0.0319263
0.0579263
-0.0740737
0.0759263
-0.0460737
-0.0490737
0.0859263
-0.0740737
0.0319263
0.0579263
-0.0800737
0.0709263
-0.0420737
-0.0520737
0.0789263
-0.0780737
0.0279263
0.0599263
-0.0830737
0.0659263
-0.0400737
-0.0510737
0.0869263
-0.0740737
0.0319263
0.0519263
-0.0760737
0.0759263
-0.0440737
-0.0520737
0.0859263
-0.0710737
0.0269263
0.0619263
-0.0840737
0.0659263
-0.0380737
-0.0550737
0.0909263
-0.0690737
0.0229263
0.0689263
-0.0850737
0.0499263
-0.0260737
-0.0610737
