3.87051
0.0862607
-0.0723789
-0.0133789
0.0606211
-0.0883789
0.0636211
0.0196211
-0.0573789
0.0846211
-0.0683789
-0.0183789
0.0706211
-0.0873789
0.0636211
0.0276211
-0.0553789
0.0866211
-0.0663789
-0.0153789
0.0656211
-0.0823789
0.0616211
0.0196211
-0.0563789
0.0776211
-0.0643789
-0.0313789
0.0716211
-0.0883789
0.0616211
0.0186211
-0.0653789
0.0786211
-0.0663789
-0.0243789
0.0626211
-0.0833789
0.0656211
0.0176211
-0.0643789
0.0766211
-0.0613789
-0.0243789
0.0606211
-0.0873789
0.0446211
0.0336211
-0.0703789
0.0736211
-0.0553789
-0.0403789
0.0796211
-0.0793789
0.0416211
0.0436211
-0.0693789
0.0736211
-0.0533789
-0.0343789
0.0876211
-0.0613789
0.0506211
0.0346211
-0.0753789
0.0646211
-0.0413789
-0.0453789
0.0826211
-0.0713789
0.0246211
0.0636211
-0.0773789
0.0536211
-0.0133789
-0.0733789
0.0836211
-0.0553789
0.00962105
0.0636211
-0.0863789
0.0396211
-0.000378947
-0.0703789
0.0866211
-0.0403789
0.00662105
0.0746211
-0.0773789
0.0416211
-0.00437895
-0.0713789
0.0816211
-0.0483789
0.000621053
0.0736211
-0.0823789
0.0396211
-0.00137895
-0.0693789
0.0866211
-0.0373789
-0.00737895
0.0786211
-0.0903789
0.0346211
0.00762105
-0.0763789
0.0846211
-0.0383789
0.00262105
0.0786211
-0.0823789
0.0366211
0.0196211
-0.0763789
0.0846211
-0.0353789
-0.0133789
0.0806211
-0.0893789
0.0256211
0.0146211
-0.0753789
0.0876211
-0.0213789
-0.0353789
0.0876211
-0.0903789
0.0296211
