2.41267
0.0868326
0.0537579
-0.0922421
0.0737579
0.0147579
-0.0542421
0.0887579
-0.0772421
-0.00424211
0.0567579
-0.0892421
0.0657579
0.0187579
-0.0492421
0.0897579
-0.0782421
-0.00224211
0.0587579
-0.0872421
0.0697579
0.0177579
-0.0532421
0.0887579
-0.0742421
-0.00524211
0.0657579
-0.0862421
0.0627579
0.0187579
-0.0442421
0.0887579
-0.0672421
-0.0112421
0.0577579
-0.0882421
0.0727579
0.0107579
-0.0422421
0.0837579
-0.0712421
-0.00924211
0.0547579
-0.0872421
0.0687579
0.0107579
-0.0542421
0.0827579
-0.0672421
-0.0142421
0.0677579
-0.0792421
0.0547579
0.0247579
-0.0622421
0.0797579
-0.0652421
-0.0172421
0.0607579
-0.0922421
0.0527579
0.0217579
-0.0592421
0.0807579
-0.0612421
-0.0252421
0.0757579
-0.0762421
0.0467579
0.0397579
-0.0712421
0.0757579
-0.0422421
-0.0412421
0.0797579
-0.0682421
0.0337579
0.0517579
-0.0702421
0.0677579
-0.0322421
-0.0532421
0.0867579
-0.0672421
0.0127579
0.0677579
-0.0782421
0.0587579
-0.0352421
-0.0552421
0.0847579
-0.0622421
0.0157579
0.0647579
-0.0792421
0.0617579
-0.0282421
-0.0562421
0.0797579
-0.0662421
0.0167579
0.0657579
-0.0802421
0.0567579
-0.0232421
-0.0562421
0.0857579
-0.0612421
0.0187579
0.0697579
-0.0772421
0.0607579
-0.0252421
-0.0572421
0.0857579
-0.0622421
0.00575789
0.0697579
-0.0822421
0.0537579
-0.0172421
-0.0622421
0.0887579
-0.0562421
0.00775789
0.0757579
-0.0882421
0.0407579
-0.0102421
-0.0732421
