4.12189
0.0862096
-0.0906211
0.0143789
0.0373789
-0.0876211
0.0773789
-0.0106211
-0.0396211
0.0863789
-0.0866211
0.0133789
0.0433789
-0.0896211
0.0813789
-0.0156211
-0.0326211
0.0873789
-0.0836211
0.0153789
0.0443789
-0.0856211
0.0743789
-0.0146211
-0.0276211
0.0853789
-0.0846211
0.00537895
0.0473789
-0.0866211
0.0773789
-0.0206211
-0.0436211
0.0843789
-0.0846211
0.00337895
0.0373789
-0.0856211
0.0803789
-0.0186211
-0.0346211
0.0813789
-0.0766211
0.0113789
0.0363789
-0.0846211
0.0673789
0.00137895
-0.0546211
0.0853789
-0.0776211
-0.00762105
0.0543789
-0.0866211
0.0673789
0.00737895
-0.0456211
0.0823789
-0.0766211
-0.00162105
0.0633789
-0.0736211
0.0733789
-0.00662105
-0.0526211
0.0773789
-0.0676211
-0.0136211
0.0633789
-0.0876211
0.0543789
0.0313789
-0.0606211
0.0803789
-0.0526211
-0.0366211
0.0763789
-0.0796211
0.0423789
0.0333789
-0.0716211
0.0693789
-0.0356211
-0.0466211
0.0843789
-0.0676211
0.0353789
0.0453789
-0.0706211
0.0673789
-0.0376211
-0.0486211
0.0743789
-0.0756211
0.0273789
0.0493789
-0.0736211
0.0633789
-0.0376211
-0.0436211
0.0843789
-0.0656211
0.0243789
0.0533789
-0.0836211
0.0633789
-0.0356211
-0.0466211
0.0833789
-0.0696211
0.0313789
0.0503789
-0.0746211
0.0663789
-0.0286211
-0.0506211
0.0833789
-0.0646211
0.0243789
0.0543789
-0.0776211
0.0603789
-0.0306211
-0.0536211
0.0803789
-0.0556211
0.000378947
0.0733789
-0.0846211
0.0643789
