3.06619
0.0869159
-0.0121053
-0.0691053
0.0908947
-0.0541053
0.00789474
0.0738947
-0.0871053
0.0478947
-0.00710526
-0.0681053
0.0948947
-0.0441053
0.00689474
0.0788947
-0.0851053
0.0488947
-0.000105263
-0.0721053
0.0898947
-0.0461053
-0.000105263
0.0768947
-0.0861053
0.0498947
0.00189474
-0.0761053
0.0838947
-0.0451053
0.0108947
0.0738947
-0.0891053
0.0398947
-0.00310526
-0.0721053
0.0898947
-0.0491053
0.00989474
0.0728947
-0.0861053
0.0408947
-0.00110526
-0.0671053
0.0828947
-0.0551053
-0.00710526
0.0788947
-0.0861053
0.0348947
0.00989474
-0.0791053
0.0828947
-0.0311053
-0.0191053
0.0818947
-0.0871053
0.0318947
0.0138947
-0.0861053
0.0838947
-0.0311053
-0.0121053
0.0798947
-0.0881053
0.0268947
0.0248947
-0.0821053
0.0838947
-0.0191053
-0.0291053
0.0858947
-0.0861053
0.0128947
0.0368947
-0.0881053
0.0798947
-0.00610526
-0.0401053
0.0828947
-0.0761053
0.00389474
0.0538947
-0.0841053
0.0608947
0.0128947
-0.0421053
0.0838947
-0.0791053
-0.00510526
0.0558947
-0.0851053
0.0678947
0.00989474
-0.0481053
0.0838947
-0.0691053
-0.00910526
0.0528947
-0.0841053
0.0628947
0.0168947
-0.0531053
0.0768947
-0.0741053
-0.0171053
0.0548947
-0.0891053
0.0648947
0.0188947
-0.0441053
0.0858947
-0.0691053
-0.0141053
0.0638947
-0.0841053
0.0538947
0.0248947
-0.0571053
0.0768947
-0.0681053
-0.0191053
0.0668947
-0.0791053
0.0508947
0.0348947
-0.0741053
0.0738947
-0.0671053
-0.0201053
