2.11102
0.086166
0.067
-0.09
0.055
0.031
-0.067
0.083
-0.061
-0.029
0.073
-0.089
0.05
0.036
-0.065
0.082
-0.066
-0.018
0.073
-0.086
0.05
0.041
-0.065
0.082
-0.062
-0.028
0.075
-0.08
0.047
0.046
-0.058
0.081
-0.053
-0.037
0.071
-0.085
0.053
0.035
-0.053
0.083
-0.059
-0.03
0.069
-0.08
0.05
0.031
-0.066
0.077
-0.041
-0.028
0.079
-0.076
0.037
0.047
-0.073
0.071
-0.045
-0.039
0.069
-0.081
0.036
0.045
-0.067
0.078
-0.039
-0.041
0.083
-0.071
0.032
0.062
-0.079
0.062
-0.016
-0.061
0.083
-0.057
0.013
0.073
-0.081
0.052
-0.008
-0.067
0.084
-0.044
-0.008
0.077
-0.081
0.044
-0.005
-0.068
0.086
-0.045
-0.004
0.075
-0.084
0.042
0.003
-0.071
0.083
-0.049
-0.007
0.08
-0.083
0.035
0.002
-0.076
0.084
-0.041
-0.005
0.078
-0.082
0.043
0.001
-0.07
0.085
-0.039
-0.011
0.081
-0.08
0.034
0.011
-0.078
0.087
-0.035
-0.019
0.084
-0.076
0.012
0.02
-0.083
