2.56349
0.0839935
0.0301368
-0.0888632
0.0781368
-0.00886316
-0.0358632
0.0871368
-0.0838632
0.00713684
0.0451368
-0.0838632
0.0761368
-0.00286316
-0.0318632
0.0831368
-0.0818632
0.0161368
0.0431368
-0.0858632
0.0771368
-0.00186316
-0.0368632
0.0861368
-0.0808632
0.00813684
0.0421368
-0.0828632
0.0711368
0.00113684
-0.0288632
0.0901368
-0.0738632
-0.000863158
0.0391368
-0.0828632
0.0821368
-0.00886316
-0.0238632
0.0781368
-0.0798632
0.00813684
0.0331368
-0.0868632
0.0741368
-0.0128632
-0.0378632
0.0821368
-0.0698632
0.00113684
0.0471368
-0.0828632
0.0641368
0.0101368
-0.0508632
0.0841368
-0.0718632
-0.00586316
0.0461368
-0.0898632
0.0641368
0.0111368
-0.0478632
0.0811368
-0.0648632
-0.00886316
0.0591368
-0.0808632
0.0621368
0.0191368
-0.0548632
0.0811368
-0.0588632
-0.0218632
0.0641368
-0.0778632
0.0521368
0.0371368
-0.0628632
0.0741368
-0.0468632
-0.0388632
0.0761368
-0.0708632
0.0301368
0.0531368
-0.0668632
0.0681368
-0.0438632
-0.0398632
0.0751368
-0.0668632
0.0291368
0.0541368
-0.0688632
0.0681368
-0.0418632
-0.0438632
0.0741368
-0.0748632
0.0301368
0.0501368
-0.0728632
0.0591368
-0.0338632
-0.0478632
0.0811368
-0.0648632
0.0281368
0.0571368
-0.0678632
0.0631368
-0.0328632
-0.0488632
0.0791368
-0.0688632
0.0211368
0.0571368
-0.0798632
0.0561368
-0.0328632
-0.0498632
0.0841368
-0.0588632
0.0161368
0.0681368
-0.0848632
0.0471368
-0.0208632
-0.0598632
