0.653512
0.0878584
0.0709684
0.0209684
-0.0640316
0.0839684
-0.0670316
-0.0210316
0.0679684
-0.0860316
0.0599684
0.0249684
-0.0690316
0.0819684
-0.0720316
-0.0210316
0.0609684
-0.0900316
0.0639684
0.0209684
-0.0620316
0.0849684
-0.0660316
-0.0140316
0.0579684
-0.0900316
0.0589684
0.0279684
-0.0630316
0.0829684
-0.0740316
-0.0130316
0.0679684
-0.0840316
0.0689684
0.0199684
-0.0550316
0.0849684
-0.0750316
-0.00803158
0.0619684
-0.0860316
0.0639684
0.0179684
-0.0500316
0.0819684
-0.0640316
-0.0210316
0.0649684
-0.0870316
0.0489684
0.0369684
-0.0660316
0.0779684
-0.0560316
-0.0320316
0.0739684
-0.0830316
0.0569684
0.0429684
-0.0490316
0.0869684
-0.0630316
-0.0260316
0.0619684
-0.0830316
0.0469684
0.0409684
-0.0700316
0.0719684
-0.0420316
-0.0380316
0.0899684
-0.0690316
0.0309684
0.0599684
-0.0730316
0.0669684
-0.0360316
-0.0520316
0.0799684
-0.0680316
0.0189684
0.0709684
-0.0760316
0.0579684
-0.0250316
-0.0620316
0.0819684
-0.0600316
0.0179684
0.0619684
-0.0840316
0.0529684
-0.0200316
-0.0620316
0.0869684
-0.0570316
0.0179684
0.0659684
-0.0830316
0.0499684
-0.00703158
-0.0660316
0.0839684
-0.0630316
0.0149684
0.0699684
-0.0840316
0.0489684
-0.0190316
-0.0630316
0.0889684
-0.0530316
0.00696842
0.0749684
-0.0850316
0.0469684
-0.00703158
-0.0700316
0.0869684
-0.0480316
-0.00203158
0.0799684
-0.0860316
0.0369684
0.0289684
-0.0820316
0.0909684
-0.0500316
