2.81484
0.0857703
0.0149053
-0.0820947
0.0869053
-0.0320947
-0.0210947
0.0839053
-0.0860947
0.0269053
0.0179053
-0.0810947
0.0849053
-0.0260947
-0.0170947
0.0869053
-0.0870947
0.0339053
0.0209053
-0.0810947
0.0849053
-0.0240947
-0.0220947
0.0859053
-0.0860947
0.0289053
0.0259053
-0.0850947
0.0839053
-0.0190947
-0.00909474
0.0859053
-0.0870947
0.0199053
0.0189053
-0.0850947
0.0849053
-0.0270947
-0.00809474
0.0809053
-0.0850947
0.0239053
0.0219053
-0.0800947
0.0829053
-0.0310947
-0.0240947
0.0869053
-0.0850947
0.0199053
0.0299053
-0.0840947
0.0789053
-0.00809474
-0.0300947
0.0869053
-0.0800947
0.0179053
0.0299053
-0.0890947
0.0789053
-0.0200947
-0.0220947
0.0829053
-0.0830947
0.0149053
0.0419053
-0.0820947
0.0779053
-0.00209474
-0.0390947
0.0849053
-0.0780947
-0.00309474
0.0489053
-0.0810947
0.0659053
0.0159053
-0.0480947
0.0809053
-0.0710947
-0.0150947
0.0629053
-0.0820947
0.0489053
0.0289053
-0.0600947
0.0789053
-0.0660947
-0.0180947
0.0669053
-0.0780947
0.0479053
0.0269053
-0.0570947
0.0779053
-0.0580947
-0.0250947
0.0659053
-0.0790947
0.0469053
0.0329053
-0.0660947
0.0729053
-0.0600947
-0.0320947
0.0699053
-0.0790947
0.0489053
0.0359053
-0.0600947
0.0719053
-0.0500947
-0.0300947
0.0719053
-0.0760947
0.0419053
0.0409053
-0.0650947
0.0689053
-0.0470947
-0.0360947
0.0829053
-0.0690947
0.0339053
0.0549053
-0.0810947
0.0619053
-0.0400947
-0.0470947
