2.56349
0.0856725
0.0316211
-0.0873789
0.0816211
-0.00937895
-0.0383789
0.0896211
-0.0823789
0.00762105
0.0376211
-0.0893789
0.0806211
-0.00237895
-0.0343789
0.0886211
-0.0823789
0.0166211
0.0386211
-0.0863789
0.0756211
-0.00437895
-0.0373789
0.0836211
-0.0793789
0.0146211
0.0416211
-0.0863789
0.0706211
-0.00337895
-0.0263789
0.0876211
-0.0753789
0.00762105
0.0406211
-0.0903789
0.0786211
-0.0143789
-0.0203789
0.0846211
-0.0853789
0.0126211
0.0356211
-0.0833789
0.0816211
-0.0143789
-0.0293789
0.0876211
-0.0893789
0.00562105
0.0486211
-0.0853789
0.0726211
0.00362105
-0.0453789
0.0876211
-0.0753789
0.00462105
0.0416211
-0.0913789
0.0686211
-0.00137895
-0.0373789
0.0866211
-0.0753789
0.00362105
0.0576211
-0.0843789
0.0676211
0.0206211
-0.0473789
0.0816211
-0.0613789
-0.0223789
0.0686211
-0.0793789
0.0546211
0.0266211
-0.0623789
0.0816211
-0.0583789
-0.0333789
0.0726211
-0.0763789
0.0376211
0.0446211
-0.0643789
0.0786211
-0.0543789
-0.0313789
0.0736211
-0.0793789
0.0366211
0.0396211
-0.0703789
0.0686211
-0.0503789
-0.0383789
0.0736211
-0.0753789
0.0396211
0.0476211
-0.0693789
0.0686211
-0.0433789
-0.0433789
0.0796211
-0.0733789
0.0396211
0.0446211
-0.0673789
0.0686211
-0.0403789
-0.0423789
0.0776211
-0.0723789
0.0256211
0.0516211
-0.0713789
0.0696211
-0.0353789
-0.0423789
0.0816211
-0.0703789
0.0226211
0.0606211
-0.0823789
0.0506211
-0.0323789
-0.0533789
