3.7197
0.0870423
-0.0718
-0.0208
0.0692
-0.0898
0.0562
0.0342
-0.0648
0.0792
-0.0638
-0.0218
0.0722
-0.0828
0.0562
0.0272
-0.0638
0.0792
-0.0658
-0.0258
0.0772
-0.0848
0.0472
0.0312
-0.0648
0.0772
-0.0508
-0.0338
0.0802
-0.0798
0.0572
0.0252
-0.0688
0.0772
-0.0578
-0.0268
0.0722
-0.0848
0.0582
0.0282
-0.0608
0.0762
-0.0608
-0.0268
0.0712
-0.0848
0.0402
0.0462
-0.0768
0.0742
-0.0468
-0.0468
0.0812
-0.0778
0.0342
0.0502
-0.0738
0.0732
-0.0538
-0.0528
0.0802
-0.0668
0.0422
0.0422
-0.0738
0.0692
-0.0358
-0.0478
0.0872
-0.0738
0.0182
0.0602
-0.0828
0.0582
-0.0208
-0.0658
0.0842
-0.0548
0.0122
0.0692
-0.0838
0.0472
0.0002
-0.0728
0.0892
-0.0398
0.0062
0.0692
-0.0848
0.0352
0.0002
-0.0708
0.0822
-0.0478
-0.0008
0.0752
-0.0848
0.0412
0.0002
-0.0698
0.0792
-0.0398
-0.0088
0.0802
-0.0838
0.0372
0.0032
-0.0728
0.0862
-0.0438
-0.0018
0.0732
-0.0878
0.0352
0.0092
-0.0748
0.0792
-0.0428
-0.0098
0.0782
-0.0818
0.0312
0.0142
-0.0828
0.0842
-0.0268
-0.0408
0.0892
-0.0878
0.0302
