-3.58047e-15
0.0860572
0.0206211
0.0656211
-0.0863789
0.0526211
-0.0173789
-0.0683789
0.0876211
-0.0553789
0.0116211
0.0716211
-0.0863789
0.0496211
-0.0103789
-0.0593789
0.0856211
-0.0663789
0.0146211
0.0686211
-0.0873789
0.0486211
-0.00937895
-0.0633789
0.0836211
-0.0623789
0.00762105
0.0776211
-0.0853789
0.0466211
-0.0173789
-0.0683789
0.0896211
-0.0483789
0.00962105
0.0726211
-0.0813789
0.0546211
-0.0243789
-0.0623789
0.0856211
-0.0553789
0.0106211
0.0686211
-0.0823789
0.0506211
-0.00437895
-0.0693789
0.0916211
-0.0503789
-0.000378947
0.0806211
-0.0863789
0.0376211
0.00462105
-0.0773789
0.0826211
-0.0483789
0.000621053
0.0736211
-0.0853789
0.0436211
-0.00437895
-0.0653789
0.0846211
-0.0443789
-0.00237895
0.0796211
-0.0803789
0.0336211
0.0156211
-0.0783789
0.0806211
-0.0273789
-0.0233789
0.0836211
-0.0823789
0.0206211
0.0206211
-0.0803789
0.0746211
-0.0183789
-0.0363789
0.0866211
-0.0793789
0.0106211
0.0356211
-0.0833789
0.0776211
-0.0133789
-0.0313789
0.0866211
-0.0793789
0.00962105
0.0356211
-0.0833789
0.0776211
-0.00837895
-0.0323789
0.0806211
-0.0713789
0.00262105
0.0436211
-0.0823789
0.0766211
-0.00437895
-0.0353789
0.0886211
-0.0743789
0.00662105
0.0376211
-0.0843789
0.0756211
-0.00937895
-0.0403789
0.0856211
-0.0743789
0.00162105
0.0386211
-0.0893789
0.0696211
-0.00137895
-0.0413789
0.0856211
-0.0703789
-0.00237895
0.0636211
-0.0883789
0.0786211
-0.00137895
