-1.00543
0.0857799
-0.0595053
0.0814947
-0.0605053
-0.0275053
0.0694947
-0.0855053
0.0544947
0.0354947
-0.0665053
0.0784947
-0.0595053
-0.0305053
0.0714947
-0.0885053
0.0584947
0.0234947
-0.0615053
0.0784947
-0.0585053
-0.0355053
0.0724947
-0.0865053
0.0504947
0.0334947
-0.0645053
0.0724947
-0.0545053
-0.0365053
0.0674947
-0.0895053
0.0444947
0.0434947
-0.0615053
0.0794947
-0.0685053
-0.0255053
0.0654947
-0.0885053
0.0504947
0.0314947
-0.0625053
0.0734947
-0.0615053
-0.0295053
0.0724947
-0.0835053
0.0364947
0.0434947
-0.0725053
0.0664947
-0.0475053
-0.0375053
0.0724947
-0.0785053
0.0384947
0.0464947
-0.0725053
0.0714947
-0.0305053
-0.0285053
0.0784947
-0.0855053
0.0314947
0.0434947
-0.0765053
0.0654947
-0.0385053
-0.0585053
0.0844947
-0.0675053
0.0224947
0.0684947
-0.0805053
0.0454947
-0.0145053
-0.0625053
0.0804947
-0.0625053
0.00949474
0.0724947
-0.0845053
0.0434947
0.00549474
-0.0675053
0.0804947
-0.0525053
0.0104947
0.0754947
-0.0785053
0.0444947
-0.00250526
-0.0705053
0.0814947
-0.0485053
0.00549474
0.0714947
-0.0875053
0.0424947
0.00549474
-0.0715053
0.0804947
-0.0455053
0.00249474
0.0684947
-0.0805053
0.0414947
-0.00150526
-0.0765053
0.0834947
-0.0505053
0.00449474
0.0784947
-0.0845053
0.0384947
0.0114947
-0.0765053
0.0794947
-0.0395053
-0.0145053
0.0764947
-0.0865053
0.0294947
0.0144947
-0.0775053
0.0794947
-0.0175053
-0.0165053
0.0874947
