3.61916
0.0860669
-0.0648211
-0.0328211
0.0721789
-0.0858211
0.0461789
0.0411789
-0.0688211
0.0791789
-0.0598211
-0.0298211
0.0781789
-0.0818211
0.0491789
0.0391789
-0.0648211
0.0831789
-0.0578211
-0.0358211
0.0771789
-0.0808211
0.0441789
0.0381789
-0.0668211
0.0741789
-0.0488211
-0.0458211
0.0811789
-0.0768211
0.0511789
0.0291789
-0.0768211
0.0691789
-0.0538211
-0.0358211
0.0721789
-0.0798211
0.0551789
0.0331789
-0.0608211
0.0721789
-0.0548211
-0.0358211
0.0681789
-0.0828211
0.0401789
0.0511789
-0.0728211
0.0721789
-0.0418211
-0.0438211
0.0811789
-0.0698211
0.0271789
0.0601789
-0.0748211
0.0691789
-0.0388211
-0.0478211
0.0881789
-0.0628211
0.0361789
0.0451789
-0.0828211
0.0601789
-0.0268211
-0.0518211
0.0831789
-0.0628211
0.0151789
0.0751789
-0.0758211
0.0491789
-0.00582105
-0.0748211
0.0831789
-0.0468211
-0.00182105
0.0701789
-0.0868211
0.0351789
0.00817895
-0.0788211
0.0841789
-0.0318211
-0.00482105
0.0801789
-0.0828211
0.0331789
0.00417895
-0.0758211
0.0821789
-0.0358211
-0.0118211
0.0781789
-0.0858211
0.0271789
0.0111789
-0.0748211
0.0821789
-0.0228211
-0.0168211
0.0791789
-0.0858211
0.0281789
0.0161789
-0.0798211
0.0801789
-0.0288211
-0.0118211
0.0841789
-0.0848211
0.0191789
0.0291789
-0.0808211
0.0761789
-0.0248211
-0.0228211
0.0851789
-0.0848211
0.0191789
0.0291789
-0.0868211
0.0811789
-0.00682105
-0.0438211
0.0861789
-0.0878211
0.0191789
