-0.60324
0.0829774
-0.0314947
0.0885053
-0.0794947
-0.000494737
0.0485053
-0.0844947
0.0725053
0.00250526
-0.0384947
0.0815053
-0.0764947
-0.00149474
0.0475053
-0.0844947
0.0725053
-0.00249474
-0.0444947
0.0805053
-0.0764947
-0.00849474
0.0435053
-0.0844947
0.0745053
0.00450526
-0.0454947
0.0815053
-0.0674947
-0.00549474
0.0425053
-0.0844947
0.0695053
0.00850526
-0.0394947
0.0815053
-0.0754947
0.00350526
0.0385053
-0.0854947
0.0695053
-0.00149474
-0.0434947
0.0795053
-0.0774947
0.00350526
0.0535053
-0.0874947
0.0615053
0.0155053
-0.0504947
0.0755053
-0.0654947
-0.0114947
0.0575053
-0.0824947
0.0615053
0.0125053
-0.0554947
0.0755053
-0.0654947
-0.00849474
0.0575053
-0.0844947
0.0605053
0.0175053
-0.0564947
0.0775053
-0.0564947
-0.0244947
0.0665053
-0.0814947
0.0475053
0.0385053
-0.0694947
0.0695053
-0.0454947
-0.0374947
0.0725053
-0.0754947
0.0395053
0.0455053
-0.0734947
0.0615053
-0.0264947
-0.0554947
0.0725053
-0.0764947
0.0295053
0.0515053
-0.0724947
0.0625053
-0.0414947
-0.0484947
0.0745053
-0.0704947
0.0315053
0.0475053
-0.0744947
0.0605053
-0.0254947
-0.0554947
0.0785053
-0.0604947
0.0265053
0.0565053
-0.0754947
0.0615053
-0.0294947
-0.0554947
0.0775053
-0.0674947
0.0265053
0.0555053
-0.0804947
0.0585053
-0.0144947
-0.0574947
0.0785053
-0.0634947
0.0175053
0.0615053
-0.0754947
0.0485053
-0.00949474
-0.0634947
0.0825053
-0.0464947
0.0125053
0.0715053
