-0.452428
0.0872278
-0.0424632
-0.0484632
0.0875368
-0.0754632
0.0325368
0.0575368
-0.0854632
0.0645368
-0.0384632
-0.0504632
0.0885368
-0.0724632
0.0315368
0.0615368
-0.0784632
0.0685368
-0.0344632
-0.0524632
0.0875368
-0.0704632
0.0255368
0.0555368
-0.0794632
0.0625368
-0.0274632
-0.0564632
0.0865368
-0.0634632
0.0355368
0.0525368
-0.0884632
0.0605368
-0.0324632
-0.0544632
0.0815368
-0.0694632
0.0405368
0.0505368
-0.0794632
0.0685368
-0.0354632
-0.0524632
0.0785368
-0.0794632
0.0235368
0.0615368
-0.0904632
0.0595368
-0.0194632
-0.0584632
0.0905368
-0.0604632
0.0135368
0.0705368
-0.0844632
0.0575368
-0.0274632
-0.0564632
0.0955368
-0.0544632
0.0195368
0.0555368
-0.0914632
0.0535368
-0.0114632
-0.0634632
0.0855368
-0.0534632
-0.000463158
0.0835368
-0.0774632
0.0315368
0.0165368
-0.0764632
0.0855368
-0.0324632
-0.0144632
0.0775368
-0.0914632
0.0195368
0.0315368
-0.0814632
0.0825368
-0.0124632
-0.0144632
0.0845368
-0.0834632
0.0125368
0.0265368
-0.0824632
0.0815368
-0.0194632
-0.0254632
0.0815368
-0.0854632
0.0145368
0.0315368
-0.0804632
0.0805368
-0.0114632
-0.0334632
0.0835368
-0.0784632
0.0155368
0.0335368
-0.0814632
0.0785368
-0.0134632
-0.0244632
0.0855368
-0.0824632
0.0135368
0.0385368
-0.0894632
0.0775368
-0.00946316
-0.0314632
0.0865368
-0.0814632
0.00153684
0.0475368
-0.0854632
0.0735368
0.00453684
-0.0514632
0.0845368
-0.0804632
0.00453684
