-0.452428
0.0853668
-0.0111263
0.0828737
-0.0901263
0.0268737
0.0218737
-0.0881263
0.0868737
-0.0251263
-0.0191263
0.0858737
-0.0841263
0.0228737
0.0248737
-0.0831263
0.0848737
-0.0271263
-0.0181263
0.0818737
-0.0881263
0.0108737
0.0258737
-0.0871263
0.0788737
-0.0251263
-0.0261263
0.0858737
-0.0811263
0.0148737
0.0208737
-0.0801263
0.0758737
-0.0141263
-0.0211263
0.0848737
-0.0841263
0.0208737
0.0188737
-0.0811263
0.0768737
-0.0241263
-0.0261263
0.0838737
-0.0901263
0.0208737
0.0348737
-0.0891263
0.0818737
-0.0121263
-0.0321263
0.0848737
-0.0811263
0.00487368
0.0418737
-0.0891263
0.0738737
-0.00912632
-0.0361263
0.0878737
-0.0691263
0.0188737
0.0368737
-0.0891263
0.0658737
-0.00712632
-0.0341263
0.0818737
-0.0801263
-0.00312632
0.0558737
-0.0781263
0.0658737
0.0198737
-0.0571263
0.0758737
-0.0671263
-0.0221263
0.0608737
-0.0851263
0.0488737
0.0278737
-0.0631263
0.0788737
-0.0431263
-0.0341263
0.0678737
-0.0821263
0.0518737
0.0388737
-0.0641263
0.0708737
-0.0551263
-0.0341263
0.0688737
-0.0801263
0.0438737
0.0328737
-0.0651263
0.0738737
-0.0441263
-0.0361263
0.0728737
-0.0781263
0.0448737
0.0338737
-0.0701263
0.0738737
-0.0551263
-0.0311263
0.0698737
-0.0791263
0.0468737
0.0388737
-0.0711263
0.0728737
-0.0351263
-0.0441263
0.0768737
-0.0751263
0.0378737
0.0508737
-0.0751263
0.0628737
-0.0381263
-0.0501263
0.0898737
-0.0641263
0.0338737
0.0558737
