4.42363
0.0926301
-0.0964947
0.0435053
0.0125053
-0.0874947
0.0965053
-0.0374947
-0.0154947
0.0915053
-0.0934947
0.0355053
0.0205053
-0.0904947
0.0865053
-0.0414947
-0.0124947
0.0855053
-0.0984947
0.0335053
0.0195053
-0.0884947
0.0925053
-0.0374947
-0.0104947
0.0935053
-0.0924947
0.0235053
0.0285053
-0.0894947
0.0895053
-0.0374947
-0.0254947
0.0885053
-0.0964947
0.0265053
0.0115053
-0.0844947
0.0935053
-0.0484947
-0.0184947
0.0915053
-0.0894947
0.0345053
0.00950526
-0.0844947
0.0845053
-0.0294947
-0.0224947
0.0865053
-0.0924947
0.0165053
0.0335053
-0.0904947
0.0865053
-0.0174947
-0.0304947
0.0955053
-0.0934947
0.0105053
0.0285053
-0.0894947
0.0865053
-0.0244947
-0.0304947
0.0915053
-0.0834947
0.00950526
0.0445053
-0.0904947
0.0785053
-0.0104947
-0.0454947
0.0895053
-0.0834947
-0.00649474
0.0525053
-0.0934947
0.0745053
0.00350526
-0.0544947
0.0905053
-0.0714947
-0.0204947
0.0665053
-0.0914947
0.0685053
0.0165053
-0.0534947
0.0875053
-0.0684947
-0.0214947
0.0635053
-0.0954947
0.0635053
0.0215053
-0.0544947
0.0875053
-0.0724947
-0.0114947
0.0635053
-0.0894947
0.0575053
0.0265053
-0.0604947
0.0815053
-0.0714947
-0.0174947
0.0615053
-0.0924947
0.0605053
0.0175053
-0.0584947
0.0835053
-0.0624947
-0.0244947
0.0685053
-0.0864947
0.0545053
0.0295053
-0.0664947
0.0855053
-0.0584947
-0.0324947
0.0765053
-0.0844947
0.0325053
0.0485053
-0.0734947
0.0855053
