1.85956
0.0818363
0.0792421
-0.0797579
0.0362421
0.0532421
-0.0717579
0.0712421
-0.0377579
-0.0457579
0.0812421
-0.0757579
0.0312421
0.0552421
-0.0697579
0.0712421
-0.0447579
-0.0387579
0.0812421
-0.0757579
0.0322421
0.0552421
-0.0697579
0.0672421
-0.0357579
-0.0377579
0.0792421
-0.0687579
0.0252421
0.0512421
-0.0667579
0.0702421
-0.0317579
-0.0487579
0.0772421
-0.0727579
0.0372421
0.0512421
-0.0627579
0.0702421
-0.0377579
-0.0427579
0.0722421
-0.0687579
0.0402421
0.0432421
-0.0707579
0.0622421
-0.0257579
-0.0427579
0.0812421
-0.0627579
0.0212421
0.0602421
-0.0737579
0.0562421
-0.0257579
-0.0557579
0.0732421
-0.0707579
0.0252421
0.0602421
-0.0717579
0.0642421
-0.0247579
-0.0507579
0.0772421
-0.0507579
0.0182421
0.0672421
-0.0817579
0.0482421
-0.00275789
-0.0687579
0.0822421
-0.0457579
0.00324211
0.0682421
-0.0777579
0.0412421
0.00324211
-0.0737579
0.0782421
-0.0327579
-0.0127579
0.0732421
-0.0797579
0.0362421
0.00124211
-0.0707579
0.0772421
-0.0387579
-0.00875789
0.0772421
-0.0787579
0.0282421
0.0102421
-0.0657579
0.0772421
-0.0337579
-0.0107579
0.0792421
-0.0797579
0.0272421
0.0162421
-0.0737579
0.0772421
-0.0317579
-0.0107579
0.0812421
-0.0777579
0.0362421
0.0152421
-0.0727579
0.0782421
-0.0247579
-0.0157579
0.0822421
-0.0787579
0.0222421
0.0212421
-0.0737579
0.0772421
-0.0177579
-0.0237579
0.0822421
-0.0697579
0.00824211
0.0322421
-0.0847579
