-1.106
0.0877426
-0.0662632
0.0837368
-0.0652632
-0.0362632
0.0737368
-0.0832632
0.0497368
0.0387368
-0.0702632
0.0787368
-0.0562632
-0.0322632
0.0727368
-0.0802632
0.0537368
0.0317368
-0.0672632
0.0837368
-0.0482632
-0.0402632
0.0737368
-0.0842632
0.0537368
0.0357368
-0.0742632
0.0737368
-0.0452632
-0.0462632
0.0717368
-0.0862632
0.0337368
0.0497368
-0.0702632
0.0777368
-0.0612632
-0.0352632
0.0677368
-0.0802632
0.0457368
0.0407368
-0.0682632
0.0767368
-0.0562632
-0.0322632
0.0837368
-0.0842632
0.0307368
0.0507368
-0.0752632
0.0697368
-0.0382632
-0.0482632
0.0847368
-0.0722632
0.0357368
0.0537368
-0.0822632
0.0597368
-0.0462632
-0.0472632
0.0787368
-0.0762632
0.0307368
0.0527368
-0.0772632
0.0617368
-0.0292632
-0.0582632
0.0887368
-0.0632632
0.00573684
0.0737368
-0.0862632
0.0497368
-0.0132632
-0.0662632
0.0837368
-0.0592632
0.000736842
0.0777368
-0.0892632
0.0347368
0.0127368
-0.0772632
0.0857368
-0.0472632
-0.00226316
0.0777368
-0.0832632
0.0397368
0.0107368
-0.0752632
0.0807368
-0.0442632
0.000736842
0.0787368
-0.0862632
0.0387368
0.00673684
-0.0832632
0.0847368
-0.0392632
-0.00726316
0.0717368
-0.0872632
0.0377368
0.00873684
-0.0782632
0.0827368
-0.0402632
-0.00326316
0.0767368
-0.0842632
0.0327368
0.0197368
-0.0852632
0.0807368
-0.0302632
-0.0142632
0.0857368
-0.0892632
0.0217368
0.0217368
-0.0842632
0.0767368
-0.0142632
-0.0252632
0.0897368
