-0.452428
0.0919542
0.0951895
-0.0678105
0.0141895
0.0781895
-0.0938105
0.0571895
-0.0128105
-0.0728105
0.0951895
-0.0658105
0.00718947
0.0771895
-0.0928105
0.0611895
-0.0188105
-0.0658105
0.0941895
-0.0628105
0.0121895
0.0821895
-0.0898105
0.0601895
-0.0128105
-0.0698105
0.0901895
-0.0538105
0.00118947
0.0771895
-0.0888105
0.0581895
-0.00181053
-0.0728105
0.0921895
-0.0578105
0.0181895
0.0771895
-0.0848105
0.0641895
-0.0108105
-0.0688105
0.0931895
-0.0608105
0.0121895
0.0761895
-0.0898105
0.0461895
0.00518947
-0.0758105
0.0911895
-0.0428105
-0.00281053
0.0831895
-0.0938105
0.0381895
0.00318947
-0.0788105
0.0851895
-0.0488105
0.00418947
0.0891895
-0.0868105
0.0481895
0.00218947
-0.0808105
0.0921895
-0.0348105
-0.00981053
0.0851895
-0.0898105
0.0281895
0.0311895
-0.0888105
0.0841895
-0.0148105
-0.0248105
0.0921895
-0.0838105
0.0131895
0.0391895
-0.0918105
0.0791895
0.00518947
-0.0498105
0.0941895
-0.0858105
0.0101895
0.0391895
-0.0898105
0.0771895
0.00418947
-0.0458105
0.0871895
-0.0828105
0.00318947
0.0471895
-0.0888105
0.0801895
-0.00281053
-0.0458105
0.0891895
-0.0808105
-0.000810526
0.0511895
-0.0928105
0.0741895
0.00618947
-0.0438105
0.0911895
-0.0848105
0.000189474
0.0441895
-0.0908105
0.0691895
0.00918947
-0.0548105
0.0901895
-0.0758105
-0.00581053
0.0611895
-0.0908105
0.0711895
0.0151895
-0.0598105
0.0861895
-0.0588105
-0.0248105
0.0681895
-0.0988105
