-0.301617
0.083056
-0.0086
0.0844
-0.0906
0.0234
0.0204
-0.0816
0.0824
-0.0256
-0.0156
0.0824
-0.0846
0.0224
0.0194
-0.0806
0.0804
-0.0356
-0.0186
0.0844
-0.0826
0.0174
0.0214
-0.0776
0.0804
-0.0326
-0.0226
0.0834
-0.0846
0.0164
0.0134
-0.0786
0.0804
-0.0206
-0.0186
0.0794
-0.0846
0.0274
0.0094
-0.0726
0.0784
-0.0266
-0.0146
0.0814
-0.0796
0.0264
0.0234
-0.0826
0.0784
-0.0236
-0.0276
0.0784
-0.0796
0.0144
0.0384
-0.0806
0.0784
-0.0166
-0.0316
0.0814
-0.0766
0.0244
0.0344
-0.0806
0.0734
-0.0156
-0.0296
0.0844
-0.0776
-0.0016
0.0474
-0.0826
0.0684
0.0104
-0.0486
0.0744
-0.0656
-0.0126
0.0554
-0.0796
0.0594
0.0214
-0.0576
0.0764
-0.0546
-0.0296
0.0574
-0.0846
0.0574
0.0264
-0.0536
0.0764
-0.0576
-0.0266
0.0644
-0.0806
0.0464
0.0204
-0.0586
0.0794
-0.0576
-0.0336
0.0694
-0.0776
0.0494
0.0284
-0.0626
0.0714
-0.0556
-0.0296
0.0604
-0.0836
0.0544
0.0314
-0.0646
0.0724
-0.0496
-0.0326
0.0684
-0.0766
0.0414
0.0344
-0.0676
0.0704
-0.0466
-0.0406
0.0794
-0.0656
0.0374
0.0464
