1.25688
0.0922827
0.0941368
-0.0388632
-0.0148632
0.0931368
-0.0948632
0.0331368
0.0231368
-0.0898632
0.0911368
-0.0378632
-0.0208632
0.0941368
-0.0928632
0.0301368
0.0161368
-0.0858632
0.0911368
-0.0278632
-0.0208632
0.0911368
-0.0928632
0.0331368
0.0221368
-0.0838632
0.0911368
-0.0248632
-0.0278632
0.0871368
-0.0928632
0.0371368
0.0381368
-0.0888632
0.0881368
-0.0298632
-0.0118632
0.0891368
-0.0928632
0.0351368
0.0221368
-0.0818632
0.0881368
-0.0308632
-0.0188632
0.0891368
-0.0908632
0.0171368
0.0451368
-0.0908632
0.0841368
-0.0128632
-0.0338632
0.0921368
-0.0858632
0.0111368
0.0351368
-0.0948632
0.0781368
-0.0198632
-0.0258632
0.0921368
-0.0808632
0.0181368
0.0381368
-0.0888632
0.0871368
-0.00186316
-0.0378632
0.0861368
-0.0808632
0.00413684
0.0581368
-0.0928632
0.0691368
0.0161368
-0.0518632
0.0861368
-0.0668632
-0.0128632
0.0621368
-0.0908632
0.0591368
0.0321368
-0.0678632
0.0811368
-0.0668632
-0.0198632
0.0641368
-0.0858632
0.0561368
0.0311368
-0.0698632
0.0831368
-0.0608632
-0.0278632
0.0771368
-0.0868632
0.0571368
0.0321368
-0.0688632
0.0821368
-0.0588632
-0.0378632
0.0741368
-0.0878632
0.0481368
0.0411368
-0.0698632
0.0801368
-0.0608632
-0.0308632
0.0741368
-0.0838632
0.0511368
0.0421368
-0.0738632
0.0791368
-0.0568632
-0.0328632
0.0751368
-0.0908632
0.0441368
0.0481368
-0.0738632
0.0711368
-0.0238632
-0.0598632
0.0871368
-0.0928632
