0.452428
0.0865601
0.0596
0.0316
-0.0674
0.0796
-0.0574
-0.0354
0.0786
-0.0774
0.0506
0.0356
-0.0704
0.0756
-0.0584
-0.0344
0.0716
-0.0824
0.0466
0.0386
-0.0684
0.0736
-0.0534
-0.0314
0.0736
-0.0744
0.0486
0.0496
-0.0724
0.0696
-0.0614
-0.0274
0.0856
-0.0774
0.0466
0.0416
-0.0624
0.0736
-0.0624
-0.0284
0.0706
-0.0794
0.0466
0.0386
-0.0704
0.0746
-0.0494
-0.0434
0.0906
-0.0824
0.0356
0.0506
-0.0764
0.0686
-0.0414
-0.0424
0.0786
-0.0764
0.0346
0.0496
-0.0744
0.0696
-0.0464
-0.0384
0.0806
-0.0704
0.0266
0.0606
-0.0734
0.0626
-0.0264
-0.0564
0.0876
-0.0564
0.0166
0.0676
-0.0814
0.0466
-0.0144
-0.0664
0.0896
-0.0484
0.0006
0.0756
-0.0874
0.0386
-0.0044
-0.0714
0.0846
-0.0424
-0.0004
0.0776
-0.0844
0.0376
0.0016
-0.0714
0.0886
-0.0434
-0.0014
0.0746
-0.0874
0.0296
0.0146
-0.0804
0.0856
-0.0414
-0.0064
0.0786
-0.0844
0.0326
-0.0024
-0.0754
0.0856
-0.0334
-0.0134
0.0846
-0.0864
0.0276
0.0086
-0.0764
0.0856
-0.0394
-0.0194
0.0846
-0.0844
0.0206
0.0366
-0.0884
0.0876
-0.0344
