-1.25688
0.0852026
-0.0737263
0.0752737
-0.0497263
-0.0457263
0.0812737
-0.0777263
0.0372737
0.0502737
-0.0737263
0.0682737
-0.0437263
-0.0437263
0.0812737
-0.0817263
0.0382737
0.0402737
-0.0797263
0.0682737
-0.0397263
-0.0507263
0.0812737
-0.0807263
0.0332737
0.0512737
-0.0777263
0.0652737
-0.0287263
-0.0507263
0.0762737
-0.0807263
0.0262737
0.0562737
-0.0737263
0.0632737
-0.0517263
-0.0457263
0.0712737
-0.0797263
0.0352737
0.0482737
-0.0737263
0.0662737
-0.0457263
-0.0407263
0.0812737
-0.0707263
0.0282737
0.0552737
-0.0777263
0.0572737
-0.0297263
-0.0587263
0.0832737
-0.0677263
0.0272737
0.0552737
-0.0807263
0.0602737
-0.0227263
-0.0387263
0.0832737
-0.0697263
0.0182737
0.0582737
-0.0797263
0.0522737
-0.0167263
-0.0637263
0.0862737
-0.0497263
0.00927368
0.0802737
-0.0817263
0.0352737
0.000273684
-0.0717263
0.0802737
-0.0467263
-0.00672632
0.0772737
-0.0837263
0.0272737
0.0262737
-0.0797263
0.0842737
-0.0377263
-0.00472632
0.0792737
-0.0847263
0.0212737
0.0172737
-0.0777263
0.0782737
-0.0297263
-0.0127263
0.0822737
-0.0827263
0.0282737
0.0252737
-0.0777263
0.0842737
-0.0217263
-0.0187263
0.0802737
-0.0837263
0.0212737
0.0152737
-0.0787263
0.0822737
-0.0327263
-0.0117263
0.0832737
-0.0837263
0.0202737
0.0272737
-0.0767263
0.0742737
-0.0227263
-0.0247263
0.0812737
-0.0847263
0.0152737
0.0332737
-0.0817263
0.0702737
-0.00172632
-0.0217263
0.0892737
