0.552969
0.0864715
0.0580632
0.0260632
-0.0699368
0.0810632
-0.0579368
-0.0279368
0.0760632
-0.0859368
0.0520632
0.0340632
-0.0679368
0.0800632
-0.0599368
-0.0269368
0.0690632
-0.0849368
0.0530632
0.0320632
-0.0679368
0.0770632
-0.0529368
-0.0299368
0.0700632
-0.0819368
0.0470632
0.0400632
-0.0719368
0.0730632
-0.0629368
-0.0209368
0.0780632
-0.0799368
0.0530632
0.0370632
-0.0659368
0.0790632
-0.0579368
-0.0289368
0.0690632
-0.0789368
0.0500632
0.0380632
-0.0649368
0.0780632
-0.0459368
-0.0369368
0.0840632
-0.0789368
0.0400632
0.0480632
-0.0759368
0.0690632
-0.0439368
-0.0429368
0.0730632
-0.0779368
0.0380632
0.0390632
-0.0759368
0.0740632
-0.0469368
-0.0389368
0.0770632
-0.0699368
0.0330632
0.0590632
-0.0759368
0.0640632
-0.0229368
-0.0549368
0.0860632
-0.0599368
0.0160632
0.0640632
-0.0839368
0.0510632
-0.0149368
-0.0629368
0.0870632
-0.0539368
0.00206316
0.0740632
-0.0809368
0.0400632
-0.00493684
-0.0659368
0.0820632
-0.0459368
0.00506316
0.0740632
-0.0849368
0.0450632
0.00706316
-0.0689368
0.0840632
-0.0479368
-0.00293684
0.0750632
-0.0839368
0.0390632
0.0100632
-0.0729368
0.0890632
-0.0449368
-0.00693684
0.0750632
-0.0859368
0.0350632
0.00206316
-0.0679368
0.0880632
-0.0379368
-0.0109368
0.0840632
-0.0869368
0.0310632
0.0110632
-0.0749368
0.0880632
-0.0389368
-0.0129368
0.0810632
-0.0849368
0.0240632
0.0420632
-0.0839368
0.0840632
-0.0399368
