-1.35753
0.0919073
-0.0852421
0.0757579
-0.0242421
-0.0642421
0.0937579
-0.0722421
0.0277579
0.0667579
-0.0852421
0.0667579
-0.0252421
-0.0652421
0.0917579
-0.0772421
0.0317579
0.0607579
-0.0932421
0.0637579
-0.0242421
-0.0652421
0.0927579
-0.0692421
0.0267579
0.0697579
-0.0942421
0.0597579
-0.0122421
-0.0672421
0.0897579
-0.0742421
0.00775789
0.0747579
-0.0892421
0.0577579
-0.0342421
-0.0652421
0.0877579
-0.0732421
0.0247579
0.0657579
-0.0862421
0.0627579
-0.0292421
-0.0622421
0.0957579
-0.0622421
0.00675789
0.0727579
-0.0892421
0.0537579
-0.0112421
-0.0682421
0.0927579
-0.0582421
0.0117579
0.0697579
-0.0932421
0.0517579
-0.0212421
-0.0632421
0.0867579
-0.0692421
0.0117579
0.0737579
-0.0912421
0.0447579
0.00375789
-0.0762421
0.0927579
-0.0492421
-0.00924211
0.0807579
-0.0952421
0.0257579
0.0117579
-0.0842421
0.0867579
-0.0382421
-0.0172421
0.0817579
-0.0882421
0.0167579
0.0407579
-0.0862421
0.0867579
-0.0312421
-0.0182421
0.0867579
-0.0902421
0.0187579
0.0337579
-0.0892421
0.0837579
-0.0232421
-0.0302421
0.0857579
-0.0912421
0.0167579
0.0337579
-0.0912421
0.0837579
-0.0112421
-0.0312421
0.0877579
-0.0882421
0.0157579
0.0367579
-0.0892421
0.0847579
-0.0172421
-0.0332421
0.0877579
-0.0812421
0.00775789
0.0477579
-0.0922421
0.0757579
-0.00124211
-0.0442421
0.0907579
-0.0832421
-0.00224211
0.0547579
-0.0872421
0.0637579
0.0177579
-0.0542421
0.0967579
