-1.106
0.0812019
-0.0651053
0.0738947
-0.0561053
-0.0341053
0.0708947
-0.0811053
0.0408947
0.0448947
-0.0641053
0.0718947
-0.0441053
-0.0371053
0.0728947
-0.0791053
0.0458947
0.0318947
-0.0681053
0.0718947
-0.0481053
-0.0411053
0.0728947
-0.0801053
0.0408947
0.0348947
-0.0691053
0.0648947
-0.0391053
-0.0421053
0.0648947
-0.0771053
0.0348947
0.0478947
-0.0611053
0.0718947
-0.0541053
-0.0321053
0.0628947
-0.0751053
0.0398947
0.0378947
-0.0671053
0.0658947
-0.0561053
-0.0361053
0.0748947
-0.0711053
0.0398947
0.0468947
-0.0691053
0.0618947
-0.0381053
-0.0471053
0.0768947
-0.0701053
0.0318947
0.0478947
-0.0771053
0.0558947
-0.0381053
-0.0391053
0.0728947
-0.0701053
0.0328947
0.0478947
-0.0681053
0.0588947
-0.0301053
-0.0511053
0.0808947
-0.0561053
0.0178947
0.0668947
-0.0811053
0.0438947
-0.0131053
-0.0611053
0.0778947
-0.0531053
0.00789474
0.0658947
-0.0811053
0.0338947
0.0138947
-0.0711053
0.0768947
-0.0431053
0.00889474
0.0738947
-0.0791053
0.0358947
0.00589474
-0.0711053
0.0798947
-0.0451053
-0.00610526
0.0688947
-0.0861053
0.0378947
0.00489474
-0.0711053
0.0738947
-0.0341053
0.00189474
0.0778947
-0.0781053
0.0378947
0.00389474
-0.0721053
0.0788947
-0.0411053
0.000894737
0.0658947
-0.0831053
0.0328947
0.0168947
-0.0771053
0.0728947
-0.0331053
-0.0111053
0.0748947
-0.0821053
0.0258947
0.0178947
-0.0751053
0.0718947
-0.0171053
-0.0201053
0.0848947
