2.26185
0.0926592
0.0666526
-0.0963474
0.0696526
0.0256526
-0.0623474
0.0906526
-0.0743474
-0.0243474
0.0746526
-0.0923474
0.0646526
0.0306526
-0.0653474
0.0936526
-0.0743474
-0.0143474
0.0716526
-0.0933474
0.0596526
0.0386526
-0.0673474
0.0926526
-0.0693474
-0.0223474
0.0766526
-0.0863474
0.0556526
0.0386526
-0.0613474
0.0906526
-0.0603474
-0.0303474
0.0746526
-0.0913474
0.0646526
0.0296526
-0.0623474
0.0906526
-0.0673474
-0.0243474
0.0716526
-0.0863474
0.0646526
0.0246526
-0.0693474
0.0856526
-0.0573474
-0.0333474
0.0776526
-0.0823474
0.0486526
0.0436526
-0.0763474
0.0776526
-0.0553474
-0.0383474
0.0726526
-0.0923474
0.0566526
0.0456526
-0.0683474
0.0816526
-0.0543474
-0.0373474
0.0836526
-0.0763474
0.0426526
0.0546526
-0.0843474
0.0746526
-0.0273474
-0.0613474
0.0826526
-0.0683474
0.0226526
0.0666526
-0.0823474
0.0606526
-0.0213474
-0.0653474
0.0936526
-0.0553474
0.00165263
0.0856526
-0.0853474
0.0536526
-0.0153474
-0.0733474
0.0936526
-0.0563474
0.00565263
0.0756526
-0.0863474
0.0536526
-0.0123474
-0.0733474
0.0876526
-0.0593474
0.00765263
0.0826526
-0.0873474
0.0446526
-0.00534737
-0.0693474
0.0966526
-0.0513474
-0.000347368
0.0796526
-0.0893474
0.0456526
-0.00934737
-0.0763474
0.0876526
-0.0483474
-0.00934737
0.0846526
-0.0893474
0.0416526
0.00565263
-0.0793474
0.0936526
-0.0393474
-0.0123474
0.0926526
-0.0883474
0.0226526
0.0106526
-0.0903474
