-0.150808
0.0891989
-0.00522105
0.0897789
-0.0922211
0.0337789
0.0137789
-0.0842211
0.0897789
-0.0342211
-0.0132211
0.0837789
-0.0892211
0.0257789
0.0127789
-0.0832211
0.0897789
-0.0432211
-0.00822105
0.0817789
-0.0922211
0.0247789
0.0147789
-0.0812211
0.0897789
-0.0372211
-0.0172211
0.0867789
-0.0882211
0.0257789
0.00677895
-0.0792211
0.0887789
-0.0282211
-0.0132211
0.0887789
-0.0892211
0.0317789
0.000778947
-0.0782211
0.0907789
-0.0362211
-0.0122211
0.0867789
-0.0872211
0.0347789
0.0147789
-0.0892211
0.0827789
-0.0302211
-0.0192211
0.0867789
-0.0862211
0.0157789
0.0257789
-0.0882211
0.0847789
-0.0252211
-0.0262211
0.0847789
-0.0912211
0.0207789
0.0227789
-0.0852211
0.0857789
-0.0212211
-0.0292211
0.0877789
-0.0812211
0.0147789
0.0397789
-0.0822211
0.0807789
-0.00622105
-0.0372211
0.0847789
-0.0812211
-0.000221053
0.0467789
-0.0842211
0.0757789
0.00677895
-0.0452211
0.0807789
-0.0722211
-0.0122211
0.0517789
-0.0882211
0.0737789
0.0127789
-0.0502211
0.0827789
-0.0702211
-0.0122211
0.0557789
-0.0882211
0.0697789
0.00877895
-0.0542211
0.0847789
-0.0712211
-0.0212211
0.0627789
-0.0862211
0.0647789
0.0157789
-0.0582211
0.0837789
-0.0732211
-0.0172211
0.0557789
-0.0852211
0.0677789
0.0197789
-0.0592211
0.0847789
-0.0652211
-0.0202211
0.0617789
-0.0862211
0.0567789
0.0217789
-0.0582211
0.0777789
-0.0662211
-0.0332211
0.0797789
-0.0842211
0.0617789
0.0247789
