2.26185
0.0830716
0.0571895
-0.0888105
0.0611895
0.0211895
-0.0568105
0.0821895
-0.0668105
-0.0218105
0.0651895
-0.0818105
0.0551895
0.0291895
-0.0588105
0.0801895
-0.0718105
-0.0118105
0.0651895
-0.0848105
0.0531895
0.0351895
-0.0578105
0.0831895
-0.0658105
-0.0158105
0.0651895
-0.0808105
0.0491895
0.0311895
-0.0488105
0.0831895
-0.0578105
-0.0218105
0.0611895
-0.0838105
0.0641895
0.0241895
-0.0488105
0.0821895
-0.0618105
-0.0198105
0.0601895
-0.0838105
0.0551895
0.0241895
-0.0598105
0.0761895
-0.0468105
-0.0258105
0.0731895
-0.0748105
0.0451895
0.0391895
-0.0708105
0.0681895
-0.0478105
-0.0338105
0.0681895
-0.0808105
0.0431895
0.0381895
-0.0598105
0.0721895
-0.0478105
-0.0298105
0.0751895
-0.0728105
0.0371895
0.0511895
-0.0718105
0.0651895
-0.0298105
-0.0478105
0.0791895
-0.0658105
0.0251895
0.0581895
-0.0788105
0.0601895
-0.0238105
-0.0618105
0.0811895
-0.0538105
0.00418947
0.0661895
-0.0728105
0.0561895
-0.0208105
-0.0588105
0.0831895
-0.0548105
0.0111895
0.0661895
-0.0778105
0.0531895
-0.0128105
-0.0558105
0.0781895
-0.0608105
0.00818947
0.0691895
-0.0788105
0.0471895
-0.0118105
-0.0598105
0.0831895
-0.0518105
0.0101895
0.0691895
-0.0778105
0.0511895
-0.0118105
-0.0618105
0.0851895
-0.0518105
-0.00181053
0.0711895
-0.0808105
0.0461895
-0.00581053
-0.0618105
0.0851895
-0.0468105
-0.00181053
0.0751895
-0.0838105
0.0291895
0.00118947
-0.0768105
