-1.50923
0.0813343
-0.0778526
0.0601474
-0.0248526
-0.0598526
0.0841474
-0.0618526
0.0161474
0.0651474
-0.0788526
0.0531474
-0.0188526
-0.0618526
0.0781474
-0.0648526
0.0221474
0.0571474
-0.0818526
0.0541474
-0.0138526
-0.0628526
0.0801474
-0.0618526
0.0131474
0.0621474
-0.0778526
0.0451474
-0.00285263
-0.0668526
0.0791474
-0.0578526
0.00414737
0.0681474
-0.0788526
0.0531474
-0.0208526
-0.0638526
0.0791474
-0.0618526
0.0131474
0.0651474
-0.0808526
0.0511474
-0.0178526
-0.0618526
0.0821474
-0.0548526
0.00214737
0.0681474
-0.0798526
0.0301474
0.000147368
-0.0688526
0.0821474
-0.0408526
0.000147368
0.0721474
-0.0848526
0.0361474
0.00514737
-0.0558526
0.0841474
-0.0508526
-0.00185263
0.0711474
-0.0778526
0.0311474
0.0101474
-0.0758526
0.0751474
-0.0328526
-0.0218526
0.0791474
-0.0768526
0.0101474
0.0281474
-0.0808526
0.0751474
-0.0148526
-0.0288526
0.0781474
-0.0698526
0.000147368
0.0491474
-0.0838526
0.0721474
-0.00485263
-0.0308526
0.0771474
-0.0738526
0.00914737
0.0411474
-0.0828526
0.0671474
-0.00185263
-0.0388526
0.0761474
-0.0738526
0.000147368
0.0401474
-0.0838526
0.0641474
0.00214737
-0.0408526
0.0761474
-0.0718526
-0.00485263
0.0451474
-0.0818526
0.0681474
0.00114737
-0.0388526
0.0801474
-0.0708526
-0.00385263
0.0541474
-0.0838526
0.0621474
0.0101474
-0.0498526
0.0771474
-0.0668526
-0.0128526
0.0561474
-0.0798526
0.0471474
0.0341474
-0.0538526
0.0791474
