-0.452428
0.0850287
0.00843158
0.0804316
-0.0855684
0.0424316
0.00343158
-0.0745684
0.0844316
-0.0415684
-0.000568421
0.0764316
-0.0885684
0.0354316
0.000431579
-0.0735684
0.0844316
-0.0545684
-0.00356842
0.0764316
-0.0895684
0.0304316
0.00343158
-0.0735684
0.0844316
-0.0455684
-0.00756842
0.0814316
-0.0855684
0.0334316
-0.00556842
-0.0685684
0.0854316
-0.0385684
-0.00256842
0.0794316
-0.0845684
0.0404316
-0.00856842
-0.0655684
0.0834316
-0.0375684
-0.00256842
0.0754316
-0.0845684
0.0394316
0.0104316
-0.0775684
0.0864316
-0.0365684
-0.0125684
0.0814316
-0.0855684
0.0274316
0.0144316
-0.0795684
0.0814316
-0.0375684
-0.00756842
0.0874316
-0.0785684
0.0384316
0.00943158
-0.0785684
0.0774316
-0.0335684
-0.0125684
0.0834316
-0.0855684
0.0194316
0.0344316
-0.0765684
0.0794316
-0.000568421
-0.0385684
0.0824316
-0.0835684
0.00143158
0.0354316
-0.0865684
0.0724316
0.00143158
-0.0495684
0.0834316
-0.0645684
-0.00856842
0.0434316
-0.0865684
0.0724316
0.00643158
-0.0455684
0.0794316
-0.0745684
-0.00756842
0.0514316
-0.0845684
0.0674316
0.00743158
-0.0435684
0.0824316
-0.0665684
-0.0165684
0.0584316
-0.0855684
0.0654316
0.0124316
-0.0505684
0.0814316
-0.0695684
-0.0135684
0.0484316
-0.0855684
0.0674316
0.0194316
-0.0555684
0.0814316
-0.0655684
-0.0185684
0.0564316
-0.0805684
0.0514316
0.0214316
-0.0585684
0.0804316
-0.0595684
-0.0285684
0.0774316
-0.0795684
0.0644316
0.0244316
