-0.754056
0.085811
-0.0409789
0.0890211
-0.0759789
-0.00297895
0.0520211
-0.0929789
0.0700211
0.00802105
-0.0449789
0.0850211
-0.0789789
-0.00697895
0.0510211
-0.0859789
0.0740211
2.10526e-05
-0.0459789
0.0840211
-0.0779789
-0.00597895
0.0540211
-0.0899789
0.0730211
0.00202105
-0.0469789
0.0850211
-0.0689789
-0.0109789
0.0390211
-0.0909789
0.0640211
0.00802105
-0.0459789
0.0830211
-0.0839789
2.10526e-05
0.0350211
-0.0849789
0.0710211
0.00402105
-0.0359789
0.0880211
-0.0769789
0.00502105
0.0550211
-0.0899789
0.0620211
0.00802105
-0.0549789
0.0770211
-0.0729789
-0.0149789
0.0560211
-0.0889789
0.0640211
0.0120211
-0.0499789
0.0890211
-0.0599789
2.10526e-05
0.0580211
-0.0879789
0.0610211
0.0190211
-0.0559789
0.0810211
-0.0649789
-0.0239789
0.0700211
-0.0739789
0.0470211
0.0410211
-0.0759789
0.0660211
-0.0489789
-0.0459789
0.0710211
-0.0809789
0.0350211
0.0470211
-0.0729789
0.0640211
-0.0229789
-0.0559789
0.0780211
-0.0729789
0.0380211
0.0540211
-0.0759789
0.0610211
-0.0329789
-0.0519789
0.0790211
-0.0719789
0.0360211
0.0490211
-0.0749789
0.0640211
-0.0299789
-0.0559789
0.0780211
-0.0619789
0.0310211
0.0570211
-0.0749789
0.0630211
-0.0409789
-0.0539789
0.0780211
-0.0729789
0.0320211
0.0530211
-0.0769789
0.0610211
-0.0199789
-0.0589789
0.0810211
-0.0649789
0.0260211
0.0610211
-0.0789789
0.0520211
-0.0269789
-0.0579789
0.0880211
-0.0509789
0.0220211
0.0620211
