0.452428
0.0885493
0.0800842
-0.00391579
-0.0449158
0.0930842
-0.0779158
-0.00191579
0.0520842
-0.0909158
0.0800842
0.00208421
-0.0479158
0.0910842
-0.0779158
8.42105e-05
0.0470842
-0.0899158
0.0730842
0.00108421
-0.0499158
0.0890842
-0.0799158
-0.000915789
0.0480842
-0.0909158
0.0640842
0.0130842
-0.0559158
0.0890842
-0.0809158
-0.000915789
0.0600842
-0.0919158
0.0740842
0.00708421
-0.0479158
0.0910842
-0.0819158
-0.00291579
0.0520842
-0.0849158
0.0680842
0.00508421
-0.0499158
0.0900842
-0.0759158
-0.0109158
0.0710842
-0.0879158
0.0630842
0.0260842
-0.0539158
0.0800842
-0.0669158
-0.0199158
0.0630842
-0.0879158
0.0620842
0.0270842
-0.0439158
0.0940842
-0.0659158
-0.0209158
0.0580842
-0.0859158
0.0540842
0.0300842
-0.0629158
0.0760842
-0.0459158
-0.0289158
0.0870842
-0.0719158
0.0350842
0.0540842
-0.0769158
0.0710842
-0.0399158
-0.0499158
0.0810842
-0.0779158
0.0250842
0.0650842
-0.0759158
0.0600842
-0.0309158
-0.0509158
0.0840842
-0.0679158
0.0260842
0.0590842
-0.0809158
0.0600842
-0.0249158
-0.0619158
0.0820842
-0.0639158
0.0200842
0.0630842
-0.0789158
0.0500842
-0.0189158
-0.0649158
0.0880842
-0.0619158
0.0150842
0.0660842
-0.0779158
0.0560842
-0.0289158
-0.0569158
0.0840842
-0.0599158
0.00808421
0.0700842
-0.0879158
0.0500842
-0.0159158
-0.0659158
0.0830842
-0.0579158
0.00508421
0.0760842
-0.0829158
0.0450842
0.0180842
-0.0789158
0.0930842
-0.0559158
