2.31213
0.0885162
0.0513053
-0.0966947
0.0753053
0.0143053
-0.0536947
0.0923053
-0.0766947
-0.00769474
0.0563053
-0.0906947
0.0713053
0.0193053
-0.0536947
0.0883053
-0.0786947
-0.00369474
0.0613053
-0.0916947
0.0673053
0.0193053
-0.0556947
0.0863053
-0.0726947
-0.00669474
0.0613053
-0.0876947
0.0613053
0.0253053
-0.0486947
0.0903053
-0.0666947
-0.0176947
0.0543053
-0.0886947
0.0753053
0.0113053
-0.0436947
0.0863053
-0.0746947
-0.00969474
0.0543053
-0.0876947
0.0703053
0.0103053
-0.0576947
0.0843053
-0.0666947
-0.0146947
0.0673053
-0.0866947
0.0513053
0.0263053
-0.0596947
0.0793053
-0.0646947
-0.0226947
0.0663053
-0.0796947
0.0743053
0.0323053
-0.0606947
0.0803053
-0.0666947
-0.0236947
0.0723053
-0.0806947
0.0503053
0.0373053
-0.0716947
0.0803053
-0.0316947
-0.0486947
0.0843053
-0.0706947
0.0273053
0.0603053
-0.0806947
0.0623053
-0.0316947
-0.0596947
0.0873053
-0.0526947
0.0133053
0.0733053
-0.0806947
0.0573053
-0.0236947
-0.0626947
0.0853053
-0.0606947
0.0133053
0.0633053
-0.0806947
0.0523053
-0.0156947
-0.0636947
0.0893053
-0.0566947
0.0123053
0.0733053
-0.0826947
0.0523053
-0.0186947
-0.0676947
0.0863053
-0.0536947
0.0123053
0.0723053
-0.0826947
0.0563053
-0.0136947
-0.0666947
0.0893053
-0.0486947
0.00330526
0.0753053
-0.0866947
0.0473053
-0.0106947
-0.0726947
0.0913053
-0.0446947
0.00230526
0.0793053
-0.0846947
0.0333053
-0.00469474
-0.0746947
