0.703783
0.0843651
0.0680842
0.0100842
-0.0529158
0.0830842
-0.0689158
-0.0119158
0.0630842
-0.0859158
0.0640842
0.0120842
-0.0599158
0.0840842
-0.0669158
-0.00991579
0.0600842
-0.0869158
0.0640842
0.0190842
-0.0549158
0.0800842
-0.0689158
-0.0119158
0.0620842
-0.0829158
0.0550842
0.0230842
-0.0649158
0.0770842
-0.0709158
-0.0109158
0.0670842
-0.0809158
0.0620842
0.0210842
-0.0459158
0.0830842
-0.0739158
-0.00991579
0.0590842
-0.0789158
0.0620842
0.0180842
-0.0519158
0.0800842
-0.0629158
-0.0229158
0.0770842
-0.0849158
0.0470842
0.0330842
-0.0669158
0.0750842
-0.0519158
-0.0259158
0.0670842
-0.0759158
0.0540842
0.0250842
-0.0639158
0.0780842
-0.0599158
-0.0249158
0.0680842
-0.0779158
0.0390842
0.0410842
-0.0629158
0.0730842
-0.0379158
-0.0469158
0.0790842
-0.0659158
0.0280842
0.0540842
-0.0739158
0.0610842
-0.0269158
-0.0479158
0.0810842
-0.0609158
0.0130842
0.0680842
-0.0839158
0.0510842
-0.0229158
-0.0579158
0.0830842
-0.0549158
0.0160842
0.0650842
-0.0799158
0.0540842
-0.0139158
-0.0619158
0.0840842
-0.0589158
0.0150842
0.0630842
-0.0749158
0.0460842
-0.00991579
-0.0649158
0.0820842
-0.0549158
0.0120842
0.0700842
-0.0769158
0.0500842
-0.0219158
-0.0539158
0.0840842
-0.0519158
0.00708421
0.0670842
-0.0789158
0.0450842
-0.00591579
-0.0649158
0.0870842
-0.0489158
0.00608421
0.0760842
-0.0799158
0.0400842
0.0270842
-0.0749158
0.0920842
-0.0549158
