4.22245
0.0867479
-0.0905579
0.0234421
0.0354421
-0.0855579
0.0854421
-0.0155579
-0.0305579
0.0854421
-0.0865579
0.0164421
0.0414421
-0.0905579
0.0804421
-0.0155579
-0.0295579
0.0854421
-0.0855579
0.0144421
0.0354421
-0.0885579
0.0814421
-0.0165579
-0.0285579
0.0884421
-0.0815579
0.00844211
0.0464421
-0.0865579
0.0824421
-0.0165579
-0.0455579
0.0864421
-0.0845579
0.00844211
0.0314421
-0.0875579
0.0804421
-0.0215579
-0.0315579
0.0844421
-0.0865579
0.0114421
0.0274421
-0.0865579
0.0754421
0.00144211
-0.0455579
0.0864421
-0.0725579
-0.00255789
0.0504421
-0.0865579
0.0694421
0.00644211
-0.0465579
0.0854421
-0.0795579
-0.00255789
0.0564421
-0.0745579
0.0704421
-0.00655789
-0.0495579
0.0784421
-0.0685579
-0.0135579
0.0514421
-0.0865579
0.0624421
0.0274421
-0.0585579
0.0804421
-0.0605579
-0.0325579
0.0704421
-0.0785579
0.0494421
0.0264421
-0.0705579
0.0684421
-0.0445579
-0.0445579
0.0844421
-0.0745579
0.0404421
0.0414421
-0.0655579
0.0694421
-0.0475579
-0.0415579
0.0754421
-0.0795579
0.0324421
0.0394421
-0.0715579
0.0664421
-0.0495579
-0.0425579
0.0804421
-0.0645579
0.0304421
0.0564421
-0.0755579
0.0714421
-0.0425579
-0.0445579
0.0764421
-0.0725579
0.0384421
0.0534421
-0.0755579
0.0624421
-0.0255579
-0.0515579
0.0814421
-0.0675579
0.0184421
0.0584421
-0.0825579
0.0564421
-0.0235579
-0.0535579
0.0834421
-0.0585579
-0.00155789
0.0764421
-0.0865579
0.0634421
