2.86511
0.0848084
0.00971579
-0.0772842
0.0897158
-0.0322842
-0.0112842
0.0837158
-0.0862842
0.0267158
0.0167158
-0.0792842
0.0817158
-0.0292842
-0.0112842
0.0827158
-0.0862842
0.0347158
0.0167158
-0.0762842
0.0847158
-0.0252842
-0.0162842
0.0807158
-0.0842842
0.0327158
0.0207158
-0.0802842
0.0747158
-0.0282842
-0.00228421
0.0797158
-0.0832842
0.0257158
0.0157158
-0.0772842
0.0867158
-0.0282842
-0.00528421
0.0807158
-0.0862842
0.0307158
0.0137158
-0.0762842
0.0837158
-0.0332842
-0.0162842
0.0827158
-0.0872842
0.0217158
0.0297158
-0.0802842
0.0777158
-0.0162842
-0.0262842
0.0807158
-0.0792842
0.0237158
0.0227158
-0.0892842
0.0747158
-0.0232842
-0.0192842
0.0787158
-0.0852842
0.0207158
0.0337158
-0.0822842
0.0817158
-0.00428421
-0.0342842
0.0807158
-0.0742842
-0.00228421
0.0507158
-0.0822842
0.0687158
0.00671579
-0.0452842
0.0807158
-0.0702842
-0.0132842
0.0587158
-0.0842842
0.0497158
0.0207158
-0.0432842
0.0787158
-0.0702842
-0.0142842
0.0587158
-0.0842842
0.0567158
0.0237158
-0.0532842
0.0787158
-0.0712842
-0.0162842
0.0607158
-0.0812842
0.0547158
0.0297158
-0.0602842
0.0767158
-0.0652842
-0.0212842
0.0637158
-0.0832842
0.0607158
0.0227158
-0.0502842
0.0797158
-0.0622842
-0.0162842
0.0707158
-0.0822842
0.0507158
0.0267158
-0.0602842
0.0747158
-0.0632842
-0.0202842
0.0697158
-0.0742842
0.0537158
0.0347158
-0.0762842
0.0727158
-0.0602842
-0.0292842
