4.27273
0.0882149
-0.0925053
0.0154947
0.0304947
-0.0865053
0.0824947
-0.0195053
-0.0335053
0.0914947
-0.0885053
0.0204947
0.0374947
-0.0895053
0.0844947
-0.0205053
-0.0265053
0.0864947
-0.0915053
0.0174947
0.0394947
-0.0885053
0.0814947
-0.0165053
-0.0305053
0.0864947
-0.0805053
0.00549474
0.0464947
-0.0895053
0.0844947
-0.0165053
-0.0475053
0.0884947
-0.0865053
0.00749474
0.0334947
-0.0895053
0.0824947
-0.0155053
-0.0375053
0.0824947
-0.0835053
0.0104947
0.0344947
-0.0895053
0.0744947
0.00549474
-0.0495053
0.0824947
-0.0785053
-0.00450526
0.0514947
-0.0875053
0.0714947
0.00649474
-0.0495053
0.0874947
-0.0825053
-0.0105053
0.0484947
-0.0885053
0.0754947
-0.00250526
-0.0465053
0.0844947
-0.0745053
-0.00750526
0.0624947
-0.0855053
0.0604947
0.0204947
-0.0645053
0.0834947
-0.0675053
-0.0225053
0.0684947
-0.0805053
0.0524947
0.0314947
-0.0635053
0.0754947
-0.0505053
-0.0375053
0.0794947
-0.0735053
0.0474947
0.0384947
-0.0695053
0.0734947
-0.0535053
-0.0385053
0.0784947
-0.0735053
0.0384947
0.0454947
-0.0725053
0.0684947
-0.0495053
-0.0375053
0.0754947
-0.0715053
0.0364947
0.0554947
-0.0765053
0.0684947
-0.0435053
-0.0455053
0.0774947
-0.0735053
0.0444947
0.0444947
-0.0705053
0.0654947
-0.0375053
-0.0475053
0.0764947
-0.0695053
0.0314947
0.0524947
-0.0785053
0.0674947
-0.0335053
-0.0485053
0.0864947
-0.0635053
0.00649474
0.0684947
-0.0875053
0.0654947
