0.402157
0.0865428
0.0488
0.0428
-0.0752
0.0728
-0.0442
-0.0392
0.0828
-0.0782
0.0388
0.0498
-0.0742
0.0678
-0.0462
-0.0422
0.0768
-0.0812
0.0408
0.0448
-0.0762
0.0688
-0.0432
-0.0382
0.0758
-0.0782
0.0348
0.0528
-0.0802
0.0668
-0.0492
-0.0402
0.0848
-0.0772
0.0428
0.0518
-0.0722
0.0708
-0.0542
-0.0372
0.0808
-0.0752
0.0378
0.0478
-0.0702
0.0738
-0.0392
-0.0472
0.0908
-0.0702
0.0268
0.0608
-0.0812
0.0608
-0.0282
-0.0552
0.0808
-0.0702
0.0228
0.0558
-0.0782
0.0608
-0.0322
-0.0512
0.0818
-0.0652
0.0248
0.0698
-0.0762
0.0548
-0.0142
-0.0662
0.0848
-0.0512
0.0058
0.0738
-0.0872
0.0438
-0.0042
-0.0692
0.0908
-0.0402
-0.0022
0.0768
-0.0842
0.0278
0.0068
-0.0762
0.0858
-0.0362
-0.0112
0.0798
-0.0882
0.0318
0.0208
-0.0772
0.0848
-0.0362
-0.0122
0.0778
-0.0832
0.0218
0.0228
-0.0802
0.0868
-0.0312
-0.0162
0.0838
-0.0822
0.0288
0.0138
-0.0722
0.0818
-0.0262
-0.0212
0.0818
-0.0802
0.0218
0.0278
-0.0772
0.0868
-0.0282
-0.0212
0.0828
-0.0832
0.0098
0.0508
-0.0862
0.0808
-0.0262
