3.56889
0.08828
-0.0577053
-0.0347053
0.0812947
-0.0877053
0.0432947
0.0522947
-0.0747053
0.0772947
-0.0557053
-0.0387053
0.0872947
-0.0847053
0.0432947
0.0432947
-0.0707053
0.0782947
-0.0517053
-0.0357053
0.0822947
-0.0817053
0.0402947
0.0482947
-0.0717053
0.0772947
-0.0477053
-0.0427053
0.0812947
-0.0807053
0.0482947
0.0402947
-0.0807053
0.0722947
-0.0507053
-0.0417053
0.0742947
-0.0797053
0.0532947
0.0372947
-0.0687053
0.0742947
-0.0527053
-0.0367053
0.0772947
-0.0827053
0.0352947
0.0522947
-0.0777053
0.0722947
-0.0387053
-0.0497053
0.0822947
-0.0727053
0.0282947
0.0622947
-0.0777053
0.0692947
-0.0417053
-0.0567053
0.0802947
-0.0707053
0.0332947
0.0512947
-0.0737053
0.0632947
-0.0317053
-0.0577053
0.0842947
-0.0687053
0.0222947
0.0662947
-0.0817053
0.0552947
-0.0197053
-0.0677053
0.0882947
-0.0587053
0.0132947
0.0702947
-0.0867053
0.0472947
-0.00270526
-0.0767053
0.0852947
-0.0447053
0.00129474
0.0742947
-0.0857053
0.0422947
-0.000705263
-0.0747053
0.0862947
-0.0487053
0.000294737
0.0792947
-0.0867053
0.0452947
-0.00270526
-0.0727053
0.0822947
-0.0417053
-0.0107053
0.0812947
-0.0867053
0.0392947
-0.00170526
-0.0767053
0.0842947
-0.0397053
0.000294737
0.0762947
-0.0847053
0.0382947
0.0132947
-0.0787053
0.0812947
-0.0397053
-0.0147053
0.0822947
-0.0867053
0.0302947
0.0192947
-0.0807053
0.0812947
-0.0247053
-0.0387053
0.0852947
-0.0927053
0.0322947
