-0.754056
0.0810007
-0.0392632
0.0817368
-0.0782632
-0.00426316
0.0467368
-0.0842632
0.0677368
0.00673684
-0.0412632
0.0827368
-0.0712632
-0.00526316
0.0507368
-0.0812632
0.0737368
0.00173684
-0.0392632
0.0787368
-0.0702632
-0.00826316
0.0477368
-0.0812632
0.0667368
0.000736842
-0.0522632
0.0737368
-0.0662632
-0.0142632
0.0417368
-0.0802632
0.0587368
0.0137368
-0.0402632
0.0807368
-0.0762632
-0.00326316
0.0397368
-0.0832632
0.0697368
0.00373684
-0.0432632
0.0787368
-0.0782632
0.00173684
0.0497368
-0.0862632
0.0587368
0.0127368
-0.0542632
0.0717368
-0.0662632
-0.0132632
0.0607368
-0.0802632
0.0577368
0.0147368
-0.0562632
0.0697368
-0.0612632
-0.00126316
0.0557368
-0.0832632
0.0587368
0.0157368
-0.0512632
0.0777368
-0.0592632
-0.0282632
0.0647368
-0.0772632
0.0427368
0.0457368
-0.0702632
0.0607368
-0.0512632
-0.0402632
0.0717368
-0.0762632
0.0377368
0.0447368
-0.0752632
0.0607368
-0.0202632
-0.0522632
0.0777368
-0.0602632
0.0367368
0.0527368
-0.0682632
0.0577368
-0.0302632
-0.0492632
0.0767368
-0.0672632
0.0267368
0.0527368
-0.0762632
0.0547368
-0.0252632
-0.0532632
0.0777368
-0.0632632
0.0237368
0.0587368
-0.0792632
0.0527368
-0.0252632
-0.0512632
0.0757368
-0.0642632
0.0237368
0.0557368
-0.0772632
0.0527368
-0.0172632
-0.0602632
0.0777368
-0.0592632
0.0157368
0.0577368
-0.0802632
0.0427368
-0.0182632
-0.0632632
0.0807368
-0.0402632
0.00973684
0.0677368
