-0.452428
0.0835683
-0.0875895
0.0134105
0.0354105
-0.0865895
0.0774105
-0.00658947
-0.0305895
0.0814105
-0.0805895
0.0144105
0.0374105
-0.0845895
0.0794105
-0.0135895
-0.0285895
0.0844105
-0.0835895
0.00741053
0.0404105
-0.0825895
0.0744105
-0.0125895
-0.0275895
0.0834105
-0.0785895
0.00741053
0.0444105
-0.0825895
0.0774105
-0.0205895
-0.0415895
0.0804105
-0.0795895
0.0134105
0.0284105
-0.0825895
0.0824105
-0.0175895
-0.0245895
0.0814105
-0.0795895
0.0114105
0.0254105
-0.0855895
0.0724105
-0.00758947
-0.0475895
0.0854105
-0.0805895
-0.000589474
0.0454105
-0.0865895
0.0754105
0.00641053
-0.0345895
0.0864105
-0.0855895
-0.00258947
0.0434105
-0.0765895
0.0794105
-0.00658947
-0.0365895
0.0804105
-0.0715895
-0.00358947
0.0514105
-0.0885895
0.0614105
0.0114105
-0.0535895
0.0734105
-0.0685895
-0.0245895
0.0584105
-0.0805895
0.0564105
0.0274105
-0.0585895
0.0734105
-0.0545895
-0.0365895
0.0714105
-0.0735895
0.0474105
0.0344105
-0.0655895
0.0724105
-0.0515895
-0.0335895
0.0704105
-0.0795895
0.0404105
0.0334105
-0.0655895
0.0674105
-0.0515895
-0.0335895
0.0694105
-0.0695895
0.0374105
0.0444105
-0.0625895
0.0724105
-0.0485895
-0.0325895
0.0704105
-0.0735895
0.0484105
0.0314105
-0.0645895
0.0714105
-0.0435895
-0.0415895
0.0734105
-0.0715895
0.0334105
0.0424105
-0.0735895
0.0644105
-0.0425895
-0.0415895
0.0784105
-0.0635895
0.0134105
0.0624105
-0.0815895
0.0714105
