1.70846
0.109675
0.0956105
-0.102389
0.0116105
0.0996105
-0.101389
0.0786105
-0.0433895
-0.0793895
0.111611
-0.0853895
0.0296105
0.0916105
-0.106389
0.0666105
-0.0233895
-0.0793895
0.112611
-0.0673895
0.0256105
0.0946105
-0.0983895
0.0616105
-0.0233895
-0.0833895
0.109611
-0.0753895
0.0316105
0.0946105
-0.102389
0.0616105
-0.0323895
-0.0793895
0.109611
-0.0703895
0.0276105
0.0876105
-0.0983895
0.0696105
-0.0493895
-0.0703895
0.103611
-0.0883895
0.0406105
0.0766105
-0.108389
0.0686105
-0.00638947
-0.0733895
0.109611
-0.0623895
0.0156105
0.0916105
-0.103389
0.0556105
-0.0123895
-0.0803895
0.112611
-0.0563895
0.0276105
0.0896105
-0.103389
0.0606105
-0.0243895
-0.0843895
0.106611
-0.0813895
0.0546105
0.0646105
-0.0923895
0.0776105
-0.0523895
-0.0593895
0.0986105
-0.0933895
0.0616105
0.0606105
-0.0803895
0.0946105
-0.0673895
-0.0523895
0.0936105
-0.0983895
0.0636105
0.0436105
-0.0743895
0.100611
-0.0903895
-0.0343895
0.0766105
-0.104389
0.0696105
0.0396105
-0.0683895
0.100611
-0.0823895
-0.0273895
0.0696105
-0.101389
0.0776105
0.0356105
-0.0683895
0.0936105
-0.0833895
-0.0263895
0.0786105
-0.105389
0.0816105
0.0366105
-0.0663895
0.0996105
-0.0903895
-0.0263895
0.0796105
-0.104389
0.0826105
0.0126105
-0.0653895
0.0996105
-0.0793895
-0.0243895
0.0936105
-0.105389
0.0846105
0.0196105
-0.0453895
0.109611
-0.104389
-0.0173895
