-1.05571
0.107753
-0.0532211
0.108779
-0.0642211
-0.0582211
0.0857789
-0.107221
0.0767789
0.0437789
-0.0712211
0.102779
-0.0822211
-0.0422211
0.0897789
-0.102221
0.0657789
0.0537789
-0.0732211
0.0937789
-0.0862211
-0.0402211
0.0767789
-0.103221
0.0707789
0.0417789
-0.0682211
0.0967789
-0.0902211
-0.0432211
0.0757789
-0.107221
0.0777789
0.0417789
-0.0662211
0.101779
-0.0922211
-0.0232211
0.0747789
-0.110221
0.0857789
0.0267789
-0.0512211
0.105779
-0.0992211
-0.0132211
0.0837789
-0.109221
0.0587789
0.0307789
-0.0612211
0.0937789
-0.0782211
-0.0412211
0.0857789
-0.103221
0.0687789
0.0447789
-0.0912211
0.0857789
-0.0882211
-0.0282211
0.0857789
-0.0982211
0.0717789
0.0367789
-0.0622211
0.105779
-0.102221
-0.000221053
0.0617789
-0.108221
0.0837789
0.0167789
-0.0492211
0.103779
-0.0962211
-0.00822105
0.0397789
-0.107221
0.0997789
-0.00522105
-0.0312211
0.107779
-0.104221
0.0177789
0.0267789
-0.101221
0.103779
-0.0242211
-0.0192211
0.106779
-0.105221
0.0197789
0.0127789
-0.101221
0.101779
-0.0332211
-0.0172211
0.106779
-0.106221
0.0247789
0.0217789
-0.100221
0.101779
-0.0282211
-0.0172211
0.0997789
-0.107221
0.0267789
0.0177789
-0.102221
0.103779
-0.0332211
-0.0162211
0.106779
-0.111221
0.0357789
0.00677895
-0.100221
0.104779
-0.0372211
-0.0472211
0.0957789
-0.104221
0.0297789
-0.00222105
-0.0952211
0.114779
-0.0482211
