4.32302
0.108934
-0.114379
0.0506211
0.0536211
-0.115379
0.111621
-0.0293789
-0.0233789
0.105621
-0.116379
0.0236211
0.0296211
-0.109379
0.0996211
-0.0113789
-0.0313789
0.112621
-0.111379
0.00862105
0.0316211
-0.108379
0.102621
-0.00937895
-0.0363789
0.110621
-0.112379
0.0186211
0.0286211
-0.108379
0.104621
-0.0163789
-0.0243789
0.108621
-0.109379
0.0216211
0.0186211
-0.105379
0.103621
-0.0273789
-0.00637895
0.106621
-0.107379
0.0376211
-0.00137895
-0.0993789
0.111621
-0.0303789
-0.0353789
0.105621
-0.110379
0.0146211
0.0336211
-0.103379
0.107621
-0.0183789
-0.0233789
0.104621
-0.110379
0.00862105
0.0106211
-0.110379
0.102621
-0.0263789
-0.0193789
0.105621
-0.110379
0.0376211
-0.0123789
-0.0903789
0.107621
-0.0493789
0.00662105
0.0956211
-0.105379
0.0516211
-0.0263789
-0.0873789
0.108621
-0.0743789
0.0296211
0.0846211
-0.104379
0.0666211
-0.0423789
-0.0713789
0.0976211
-0.0923789
0.0436211
0.0716211
-0.0933789
0.0766211
-0.0453789
-0.0673789
0.0966211
-0.0983789
0.0406211
0.0696211
-0.0933789
0.0836211
-0.0533789
-0.0623789
0.0936211
-0.0893789
0.0356211
0.0676211
-0.0863789
0.0816211
-0.0623789
-0.0613789
0.0896211
-0.0993789
0.0536211
0.0606211
-0.0903789
0.0796211
-0.0663789
-0.0403789
0.0946211
-0.0973789
0.0406211
0.0586211
-0.101379
0.0946211
-0.0763789
-0.0473789
0.0896211
-0.101379
0.0646211
0.0546211
