4.17217
0.111708
-0.118589
0.0374105
0.0704105
-0.121589
0.102411
-0.0165895
-0.0375895
0.111411
-0.116589
0.0124105
0.0494105
-0.117589
0.0964105
0.00541053
-0.0485895
0.111411
-0.114589
-0.00758947
0.0494105
-0.113589
0.103411
0.00441053
-0.0405895
0.107411
-0.115589
0.00341053
0.0454105
-0.118589
0.0964105
0.00841053
-0.0375895
0.106411
-0.111589
-0.00158947
0.0474105
-0.109589
0.0984105
-0.00158947
-0.0235895
0.108411
-0.112589
0.0174105
0.0244105
-0.112589
0.100411
-0.00458947
-0.0545895
0.105411
-0.108589
-0.00858947
0.0514105
-0.117589
0.0934105
0.0134105
-0.0425895
0.107411
-0.0935895
-0.0125895
0.0504105
-0.105589
0.0974105
0.00141053
-0.0385895
0.107411
-0.108589
0.0214105
0.00541053
-0.102589
0.106411
-0.0215895
-0.0255895
0.108411
-0.110589
0.0204105
0.0154105
-0.102589
0.111411
-0.0555895
0.00241053
0.0984105
-0.109589
0.0554105
-0.0105895
-0.0925895
0.110411
-0.0745895
0.0244105
0.0904105
-0.102589
0.0644105
-0.0315895
-0.0835895
0.100411
-0.0865895
0.0224105
0.0824105
-0.0995895
0.0714105
-0.0315895
-0.0805895
0.107411
-0.0695895
0.0224105
0.0864105
-0.104589
0.0674105
-0.0375895
-0.0805895
0.0984105
-0.0795895
0.0324105
0.0814105
-0.0995895
0.0644105
-0.0455895
-0.0685895
0.106411
-0.0865895
0.0204105
0.0814105
-0.108589
0.0834105
-0.0375895
-0.0755895
0.101411
-0.0835895
0.0404105
0.0894105
