3.217
0.110513
-0.0744
-0.0564
0.1166
-0.0594
0.0286
0.0876
-0.1024
0.0576
-0.0374
-0.0814
0.1116
-0.0654
0.0096
0.0966
-0.1084
0.0596
-0.0254
-0.0864
0.1076
-0.0704
0.0266
0.0976
-0.1084
0.0576
-0.0394
-0.0804
0.1126
-0.0714
0.0226
0.0946
-0.1054
0.0586
-0.0324
-0.0804
0.1076
-0.0834
0.0346
0.0836
-0.0984
0.0766
-0.0574
-0.0704
0.1036
-0.0954
0.0256
0.0816
-0.1104
0.0676
-0.0404
-0.0854
0.1076
-0.0794
0.0196
0.0946
-0.1034
0.0576
-0.0074
-0.0834
0.1136
-0.0694
0.0246
0.0896
-0.1034
0.0616
-0.0464
-0.0634
0.0936
-0.1034
0.0506
0.0726
-0.0904
0.0856
-0.0734
-0.0554
0.0936
-0.0994
0.0696
0.0416
-0.0784
0.0976
-0.0824
-0.0264
0.0826
-0.1074
0.0876
0.0236
-0.0584
0.1066
-0.0974
-0.0164
0.0676
-0.1114
0.0846
0.0096
-0.0604
0.1066
-0.0944
-0.0094
0.0706
-0.1134
0.0846
0.0196
-0.0624
0.1006
-0.0974
-0.0154
0.0676
-0.1074
0.0866
0.0146
-0.0514
0.1086
-0.0974
-0.0154
0.0506
-0.1104
0.0906
0.0076
-0.0664
0.0996
-0.0814
0.0126
0.0566
-0.1074
0.0956
0.0056
-0.0444
0.1156
