4.07161
0.10591
-0.113505
0.0284947
0.0734947
-0.112505
0.0924947
-0.00250526
-0.0415053
0.103495
-0.104505
0.00349474
0.0564947
-0.111505
0.0864947
0.0194947
-0.0535053
0.103495
-0.0995053
-0.0135053
0.0564947
-0.105505
0.0974947
0.0194947
-0.0485053
0.100495
-0.0995053
-0.00450526
0.0484947
-0.112505
0.0904947
0.0104947
-0.0505053
0.0994947
-0.0985053
-0.00350526
0.0504947
-0.108505
0.0924947
0.00749474
-0.0365053
0.102495
-0.102505
0.00649474
0.0314947
-0.103505
0.0954947
0.00249474
-0.0635053
0.102495
-0.102505
-0.0125053
0.0654947
-0.108505
0.0804947
0.0144947
-0.0555053
0.100495
-0.0855053
-0.0285053
0.0464947
-0.107505
0.0754947
0.0104947
-0.0515053
0.100495
-0.101505
0.00649474
0.0284947
-0.101505
0.0974947
-0.0155053
-0.0265053
0.102495
-0.106505
0.0204947
0.0144947
-0.0975053
0.103495
-0.0505053
-0.00950526
0.0964947
-0.102505
0.0414947
0.00349474
-0.0925053
0.101495
-0.0595053
0.0114947
0.100495
-0.100505
0.0494947
-0.00750526
-0.0865053
0.102495
-0.0665053
0.00649474
0.0904947
-0.0985053
0.0514947
-0.0135053
-0.0875053
0.103495
-0.0555053
0.00249474
0.0914947
-0.0985053
0.0444947
-0.0115053
-0.0865053
0.104495
-0.0655053
0.0114947
0.0894947
-0.101505
0.0564947
-0.0285053
-0.0705053
0.103495
-0.0765053
0.00549474
0.0874947
-0.101505
0.0714947
-0.0195053
-0.0735053
0.101495
-0.0735053
0.0264947
0.0874947
