4.02133
0.108464
-0.116979
0.0110211
0.0900211
-0.107979
0.0870211
0.0160211
-0.0579789
0.108021
-0.103979
-0.00997895
0.0730211
-0.112979
0.0780211
0.0280211
-0.0629789
0.107021
-0.0949789
-0.0309789
0.0720211
-0.108979
0.0870211
0.0270211
-0.0649789
0.101021
-0.0969789
-0.0189789
0.0660211
-0.109979
0.0780211
0.0300211
-0.0569789
0.101021
-0.0959789
-0.0169789
0.0650211
-0.109979
0.0910211
0.0230211
-0.0439789
0.104021
-0.104979
-0.00697895
0.0490211
-0.112979
0.0830211
0.0180211
-0.0719789
0.106021
-0.0959789
-0.0249789
0.0690211
-0.111979
0.0800211
0.0330211
-0.0629789
0.0970211
-0.0849789
-0.0339789
0.0570211
-0.111979
0.0840211
0.0270211
-0.0589789
0.0990211
-0.100979
-0.00197895
0.0370211
-0.107979
0.0990211
0.00302105
-0.0449789
0.105021
-0.105979
0.00402105
0.0320211
-0.111979
0.103021
-0.0359789
-0.0249789
0.102021
-0.103979
0.0280211
0.0230211
-0.102979
0.104021
-0.0439789
-0.00197895
0.103021
-0.111979
0.0380211
0.0120211
-0.0979789
0.103021
-0.0499789
-0.00597895
0.100021
-0.106979
0.0470211
0.00602105
-0.0979789
0.104021
-0.0389789
-0.0159789
0.102021
-0.103979
0.0350211
0.00502105
-0.0989789
0.106021
-0.0469789
-0.00297895
0.0990211
-0.105979
0.0380211
-0.00797895
-0.0859789
0.111021
-0.0529789
-0.0179789
0.0950211
-0.107979
0.0570211
-0.00197895
-0.0949789
0.104021
-0.0529789
0.00302105
0.108021
