1.05571
0.103832
0.106337
-0.0366632
-0.0606632
0.103337
-0.102663
0.00933684
0.0473368
-0.105663
0.100337
-0.00666316
-0.0396632
0.103337
-0.0986632
0.00333684
0.0523368
-0.105663
0.0953368
0.00733684
-0.0446632
0.0993368
-0.103663
0.00433684
0.0483368
-0.104663
0.0993368
-0.0116632
-0.0316632
0.102337
-0.0986632
0.00533684
0.0333368
-0.104663
0.0963368
-0.0116632
-0.0276632
0.105337
-0.102663
0.0173368
0.0183368
-0.101663
0.101337
-0.0236632
-0.0136632
0.104337
-0.102663
0.0203368
0.0593368
-0.102663
0.0953368
-0.00266316
-0.0406632
0.104337
-0.0956632
0.0103368
0.0453368
-0.109663
0.0863368
0.00333684
-0.0226632
0.106337
-0.0916632
0.00933684
0.0393368
-0.104663
0.101337
-0.0286632
0.00733684
0.0943368
-0.102663
0.0393368
0.0143368
-0.0906632
0.103337
-0.0546632
0.00333684
0.0923368
-0.0956632
0.0593368
-0.0146632
-0.0846632
0.104337
-0.0656632
0.0203368
0.0853368
-0.0926632
0.0733368
-0.0406632
-0.0686632
0.0973368
-0.0776632
0.0303368
0.0813368
-0.0896632
0.0833368
-0.0456632
-0.0656632
0.0893368
-0.0846632
0.0323368
0.0723368
-0.0896632
0.0693368
-0.0396632
-0.0596632
0.0943368
-0.0796632
0.0403368
0.0743368
-0.0856632
0.0753368
-0.0496632
-0.0636632
0.0943368
-0.0866632
0.0443368
0.0563368
-0.0886632
0.0793368
-0.0396632
-0.0546632
0.106337
-0.0956632
0.0453368
0.0643368
-0.0816632
0.0843368
-0.0666632
-0.0586632
