2.61376
0.110011
-0.000126316
-0.101126
0.0938737
0.00687368
-0.0311263
0.111874
-0.112126
0.0138737
0.0278737
-0.105126
0.107874
-0.0111263
-0.0431263
0.113874
-0.109126
0.0158737
0.0358737
-0.110126
0.112874
-0.0191263
-0.0221263
0.112874
-0.112126
0.0178737
0.0218737
-0.106126
0.105874
-0.0101263
-0.0251263
0.109874
-0.113126
0.0148737
0.0278737
-0.107126
0.109874
-0.0301263
-0.0181263
0.104874
-0.110126
0.0258737
0.00387368
-0.100126
0.109874
-0.0481263
-0.0271263
0.103874
-0.106126
0.0258737
0.0258737
-0.110126
0.105874
-0.0191263
-0.0281263
0.104874
-0.111126
0.00787368
0.0518737
-0.102126
0.110874
-0.0151263
-0.0281263
0.106874
-0.107126
0.0178737
0.0228737
-0.0981263
0.109874
-0.0661263
0.000873684
0.105874
-0.102126
0.0418737
-0.0101263
-0.0941263
0.108874
-0.0551263
0.0168737
0.0898737
-0.108126
0.0618737
-0.0291263
-0.0751263
0.108874
-0.0791263
0.0408737
0.0768737
-0.0941263
0.0728737
-0.0531263
-0.0681263
0.101874
-0.0891263
0.0488737
0.0598737
-0.0971263
0.0808737
-0.0581263
-0.0591263
0.100874
-0.0941263
0.0458737
0.0778737
-0.0961263
0.0788737
-0.0581263
-0.0581263
0.101874
-0.0901263
0.0498737
0.0638737
-0.0921263
0.0818737
-0.0511263
-0.0621263
0.0958737
-0.0991263
0.0538737
0.0628737
-0.102126
0.0798737
-0.0251263
-0.0391263
0.0918737
-0.0931263
0.0638737
0.0658737
-0.0881263
0.0948737
