4.37332
0.115689
-0.114253
0.0617474
0.0427474
-0.122253
0.116747
-0.0432526
-0.0172526
0.115747
-0.117253
0.0377474
0.0157474
-0.114253
0.111747
-0.0312526
-0.0232526
0.116747
-0.116253
0.0227474
0.0177474
-0.106253
0.115747
-0.0332526
-0.0162526
0.115747
-0.112253
0.0387474
0.00274737
-0.114253
0.113747
-0.0342526
-0.0102526
0.109747
-0.113253
0.0317474
0.00474737
-0.108253
0.110747
-0.0382526
0.00174737
0.111747
-0.112253
0.0487474
-0.0132526
-0.100253
0.114747
-0.0392526
-0.0352526
0.109747
-0.115253
0.0237474
0.0227474
-0.113253
0.109747
-0.0302526
-0.0212526
0.107747
-0.121253
0.0137474
0.0157474
-0.101253
0.112747
-0.0292526
-0.0192526
0.112747
-0.109253
0.0507474
-0.0242526
-0.0912526
0.113747
-0.0582526
0.00374737
0.104747
-0.110253
0.0527474
-0.0282526
-0.0942526
0.113747
-0.0852526
0.0257474
0.0897474
-0.0982526
0.0757474
-0.0482526
-0.0742526
0.104747
-0.0962526
0.0497474
0.0787474
-0.0982526
0.0847474
-0.0582526
-0.0712526
0.0977474
-0.105253
0.0447474
0.0737474
-0.0952526
0.0877474
-0.0582526
-0.0642526
0.101747
-0.0942526
0.0427474
0.0757474
-0.0962526
0.0837474
-0.0662526
-0.0652526
0.0997474
-0.0962526
0.0547474
0.0657474
-0.0952526
0.0917474
-0.0682526
-0.0462526
0.0997474
-0.105253
0.0367474
0.0657474
-0.109253
0.0997474
-0.0652526
-0.0552526
0.0927474
-0.105253
0.0637474
0.0677474
