-0.452428
0.109591
-0.0213579
0.110642
-0.0953579
-0.0303579
0.0546421
-0.114358
0.100642
0.00864211
-0.0463579
0.112642
-0.106358
-0.0143579
0.0686421
-0.113358
0.0916421
0.0146421
-0.0523579
0.104642
-0.105358
-0.0103579
0.0546421
-0.108358
0.0926421
0.0136421
-0.0433579
0.110642
-0.107358
-0.0203579
0.0516421
-0.111358
0.100642
0.00664211
-0.0453579
0.108642
-0.103358
0.000642105
0.0486421
-0.108358
0.101642
-0.00635789
-0.0293579
0.109642
-0.108358
0.00964211
0.0596421
-0.109358
0.0846421
0.00164211
-0.0443579
0.104642
-0.0963579
-0.0123579
0.0646421
-0.110358
0.0866421
0.0216421
-0.0663579
0.110642
-0.0963579
-0.00335789
0.0656421
-0.107358
0.0926421
0.00464211
-0.0383579
0.104642
-0.104358
0.0316421
0.0246421
-0.104358
0.102642
-0.00735789
-0.0243579
0.108642
-0.108358
0.0186421
0.00864211
-0.102358
0.106642
-0.0373579
-0.00735789
0.104642
-0.107358
0.0386421
-0.00535789
-0.0953579
0.104642
-0.0523579
0.0116421
0.0956421
-0.104358
0.0526421
-0.0203579
-0.0843579
0.107642
-0.0643579
0.0166421
0.0926421
-0.103358
0.0566421
-0.0183579
-0.0863579
0.109642
-0.0613579
0.0126421
0.0946421
-0.104358
0.0506421
-0.0223579
-0.0863579
0.108642
-0.0693579
0.0136421
0.0956421
-0.101358
0.0626421
-0.0273579
-0.0783579
0.110642
-0.0643579
-0.0123579
0.0786421
-0.0983579
0.0626421
-0.0373579
-0.0793579
0.113642
-0.0813579
