1.85956
0.109173
0.0850316
-0.106968
0.0260316
0.0940316
-0.0969684
0.0810316
-0.0549684
-0.0699684
0.103032
-0.0899684
0.0430316
0.0830316
-0.0979684
0.0760316
-0.0429684
-0.0669684
0.109032
-0.0839684
0.0400316
0.0820316
-0.0889684
0.0760316
-0.0509684
-0.0719684
0.106032
-0.0899684
0.0450316
0.0860316
-0.0939684
0.0740316
-0.0529684
-0.0669684
0.106032
-0.0889684
0.0480316
0.0690316
-0.0859684
0.0830316
-0.0669684
-0.0549684
0.0880316
-0.0999684
0.0670316
0.0540316
-0.0919684
0.0810316
-0.0349684
-0.0629684
0.102032
-0.0829684
0.0370316
0.0750316
-0.0949684
0.0760316
-0.0429684
-0.0729684
0.109032
-0.0799684
0.0470316
0.0640316
-0.0909684
0.0790316
-0.0539684
-0.0629684
0.0960316
-0.0929684
0.0800316
0.0370316
-0.0789684
0.0950316
-0.0779684
-0.0319684
0.0750316
-0.102968
0.0810316
0.0320316
-0.0599684
0.101032
-0.0909684
-0.0209684
0.0660316
-0.108968
0.0890316
0.0180316
-0.0449684
0.110032
-0.102968
-0.00496842
0.0530316
-0.103968
0.0970316
0.0100316
-0.0419684
0.108032
-0.0999684
0.00103158
0.0470316
-0.102968
0.0930316
0.00203158
-0.0439684
0.103032
-0.0969684
0.00303158
0.0540316
-0.102968
0.0940316
0.00403158
-0.0409684
0.107032
-0.102968
0.00403158
0.0580316
-0.103968
0.101032
-0.00896842
-0.0459684
0.104032
-0.0919684
3.15789e-05
0.0830316
-0.102968
0.0940316
-0.00396842
-0.0299684
0.109032
-0.107968
0.00703158
