2.56349
0.111033
0.0120632
-0.104937
0.0900632
0.0190632
-0.0339368
0.112063
-0.110937
0.00806316
0.0430632
-0.110937
0.102063
6.31579e-05
-0.0489368
0.109063
-0.114937
0.00706316
0.0460632
-0.116937
0.105063
-0.00593684
-0.0309368
0.111063
-0.111937
0.00206316
0.0330632
-0.107937
0.108063
-0.00393684
-0.0309368
0.108063
-0.111937
0.0110632
0.0380632
-0.113937
0.105063
-0.0229368
-0.0199368
0.110063
-0.112937
0.0290632
0.00606316
-0.105937
0.113063
-0.0419368
-0.0229368
0.103063
-0.113937
0.0230632
0.0280632
-0.113937
0.106063
-0.00893684
-0.0349368
0.115063
-0.110937
0.00506316
0.0570632
-0.112937
0.113063
-0.00693684
-0.0309368
0.108063
-0.106937
0.0140632
0.0270632
-0.100937
0.113063
-0.0619368
-0.00593684
0.107063
-0.109937
0.0430632
-0.00893684
-0.100937
0.110063
-0.0629368
0.0150632
0.0960632
-0.110937
0.0570632
-0.0179368
-0.0779368
0.109063
-0.0769368
0.0340632
0.0860632
-0.0969368
0.0750632
-0.0419368
-0.0759368
0.107063
-0.0819368
0.0400632
0.0710632
-0.0989368
0.0770632
-0.0429368
-0.0689368
0.105063
-0.0879368
0.0400632
0.0790632
-0.0949368
0.0800632
-0.0539368
-0.0679368
0.103063
-0.0879368
0.0440632
0.0760632
-0.0919368
0.0840632
-0.0519368
-0.0679368
0.0990632
-0.100937
0.0490632
0.0650632
-0.103937
0.0820632
-0.0199368
-0.0439368
0.0990632
-0.0929368
0.0580632
0.0680632
-0.0929368
0.0900632
