1.106
0.108769
0.111895
-0.0511053
-0.0551053
0.110895
-0.108105
0.0188947
0.0328947
-0.112105
0.105895
-0.0181053
-0.0331053
0.109895
-0.103105
0.0108947
0.0428947
-0.112105
0.102895
-0.00510526
-0.0291053
0.107895
-0.105105
0.0118947
0.0378947
-0.109105
0.103895
-0.0211053
-0.0211053
0.104895
-0.106105
0.0148947
0.0298947
-0.112105
0.101895
-0.0161053
-0.0151053
0.107895
-0.106105
0.0258947
0.00989474
-0.102105
0.107895
-0.0371053
-0.00410526
0.106895
-0.109105
0.0208947
0.0448947
-0.104105
0.101895
-0.00710526
-0.0311053
0.109895
-0.108105
0.0108947
0.0378947
-0.105105
0.0998947
0.00489474
-0.0141053
0.109895
-0.0981053
0.0188947
0.0358947
-0.106105
0.104895
-0.0351053
0.00489474
0.100895
-0.110105
0.0408947
0.0128947
-0.0981053
0.107895
-0.0401053
-0.00210526
0.0978947
-0.104105
0.0538947
-0.0121053
-0.0941053
0.107895
-0.0641053
0.0168947
0.0938947
-0.100105
0.0658947
-0.0381053
-0.0751053
0.105895
-0.0751053
0.0268947
0.0858947
-0.0941053
0.0798947
-0.0401053
-0.0621053
0.0988947
-0.0871053
0.0318947
0.0838947
-0.0991053
0.0628947
-0.0381053
-0.0701053
0.105895
-0.0791053
0.0388947
0.0848947
-0.0931053
0.0748947
-0.0441053
-0.0691053
0.0988947
-0.0751053
0.0478947
0.0658947
-0.0931053
0.0798947
-0.0301053
-0.0681053
0.105895
-0.0951053
0.0428947
0.0718947
-0.0831053
0.0868947
-0.0591053
-0.0681053
