4.02133
0.117524
-0.123674
0.0243263
0.0863263
-0.119674
0.102326
0.00732632
-0.0536737
0.112326
-0.114674
-0.00467368
0.0683263
-0.121674
0.0933263
0.0213263
-0.0646737
0.115326
-0.106674
-0.0206737
0.0663263
-0.121674
0.0983263
0.0193263
-0.0626737
0.115326
-0.113674
-0.00867368
0.0563263
-0.120674
0.100326
0.0193263
-0.0446737
0.112326
-0.109674
-0.00267368
0.0523263
-0.120674
0.104326
0.00432632
-0.0366737
0.114326
-0.114674
0.0133263
0.0363263
-0.117674
0.0983263
-0.000673684
-0.0696737
0.112326
-0.110674
-0.0156737
0.0633263
-0.120674
0.0953263
0.0193263
-0.0596737
0.103326
-0.103674
-0.0246737
0.0573263
-0.112674
0.104326
0.0133263
-0.0536737
0.113326
-0.106674
0.0133263
0.0183263
-0.113674
0.108326
-0.0276737
-0.0236737
0.112326
-0.119674
0.0233263
0.0123263
-0.109674
0.116326
-0.0526737
-0.00467368
0.110326
-0.112674
0.0503263
-0.00467368
-0.0966737
0.115326
-0.0716737
0.0193263
0.102326
-0.116674
0.0563263
-0.0146737
-0.0986737
0.112326
-0.0826737
0.0203263
0.0943263
-0.110674
0.0663263
-0.0216737
-0.0896737
0.113326
-0.0656737
0.0133263
0.0953263
-0.114674
0.0623263
-0.0296737
-0.0866737
0.109326
-0.0766737
0.0243263
0.0913263
-0.108674
0.0643263
-0.0376737
-0.0736737
0.115326
-0.0816737
0.0123263
0.0863263
-0.114674
0.0843263
-0.0336737
-0.0836737
0.110326
-0.0846737
0.0413263
0.0993263
