-0.301617
0.111207
0.0249579
0.0959579
-0.113042
0.0229579
0.00495789
-0.0990421
0.117958
-0.0440421
0.00195789
0.110958
-0.112042
0.0299579
0.0259579
-0.111042
0.111958
-0.0380421
-0.0120421
0.112958
-0.113042
0.0349579
0.0139579
-0.105042
0.111958
-0.0330421
-0.00104211
0.107958
-0.116042
0.0299579
0.00595789
-0.107042
0.113958
-0.0370421
-0.00404211
0.109958
-0.115042
0.0509579
-0.00404211
-0.0980421
0.110958
-0.0590421
0.0189579
0.100958
-0.107042
0.0569579
0.00995789
-0.101042
0.106958
-0.0460421
-0.00604211
0.108958
-0.110042
0.0359579
0.0139579
-0.108042
0.109958
-0.0270421
-0.0280421
0.105958
-0.119042
0.0309579
0.0139579
-0.0990421
0.107958
-0.0460421
0.00295789
0.103958
-0.102042
0.0719579
-0.0180421
-0.0870421
0.111958
-0.0660421
0.0209579
0.0919579
-0.107042
0.0679579
-0.0510421
-0.0710421
0.104958
-0.0860421
0.0409579
0.0769579
-0.0960421
0.0829579
-0.0660421
-0.0550421
0.0939579
-0.102042
0.0609579
0.0619579
-0.0870421
0.0929579
-0.0710421
-0.0510421
0.0969579
-0.0960421
0.0579579
0.0579579
-0.0880421
0.0919579
-0.0700421
-0.0540421
0.0999579
-0.0990421
0.0529579
0.0649579
-0.0850421
0.0849579
-0.0620421
-0.0490421
0.0949579
-0.0970421
0.0539579
0.0549579
-0.0810421
0.0989579
-0.0720421
-0.0440421
0.101958
-0.105042
0.0299579
0.0379579
-0.0770421
0.0909579
-0.0850421
-0.0460421
0.0949579
-0.112042
