-0.60324
0.110935
-0.119526
0.0534737
0.0584737
-0.122526
0.106474
-0.0225263
-0.0305263
0.111474
-0.115526
0.0274737
0.0384737
-0.113526
0.105474
-0.0115263
-0.0395263
0.108474
-0.114526
0.00547368
0.0374737
-0.116526
0.105474
-0.0115263
-0.0335263
0.107474
-0.118526
0.0194737
0.0284737
-0.116526
0.106474
-0.0175263
-0.0235263
0.107474
-0.113526
0.0164737
0.0244737
-0.109526
0.101474
-0.0255263
-0.0105263
0.108474
-0.109526
0.0354737
0.00147368
-0.108526
0.110474
-0.0265263
-0.0425263
0.104474
-0.114526
0.0114737
0.0394737
-0.113526
0.101474
-0.00852632
-0.0295263
0.109474
-0.101526
0.00947368
0.0294737
-0.100526
0.103474
-0.0205263
-0.0265263
0.104474
-0.113526
0.0354737
-0.00952632
-0.0945263
0.109474
-0.0465263
-0.00252632
0.100474
-0.112526
0.0474737
-0.0125263
-0.0865263
0.110474
-0.0775263
0.0204737
0.0894737
-0.105526
0.0724737
-0.0275263
-0.0805263
0.102474
-0.0895263
0.0434737
0.0744737
-0.0975263
0.0784737
-0.0435263
-0.0715263
0.0984737
-0.0945263
0.0384737
0.0744737
-0.0975263
0.0784737
-0.0505263
-0.0675263
0.100474
-0.0875263
0.0364737
0.0744737
-0.0985263
0.0754737
-0.0465263
-0.0695263
0.101474
-0.0895263
0.0424737
0.0724737
-0.0995263
0.0744737
-0.0605263
-0.0535263
0.0994737
-0.0935263
0.0334737
0.0694737
-0.105526
0.0924737
-0.0555263
-0.0525263
0.0944737
-0.0955263
0.0554737
0.0684737
