-1.50923
0.107401
-0.0885263
0.0914737
-0.00652632
-0.0975263
0.108474
-0.0845263
0.0314737
0.0914737
-0.0975263
0.0754737
-0.0275263
-0.0865263
0.108474
-0.0775263
0.0254737
0.0884737
-0.102526
0.0634737
-0.0375263
-0.0835263
0.106474
-0.0715263
0.0264737
0.0874737
-0.0995263
0.0734737
-0.0435263
-0.0835263
0.106474
-0.0825263
0.0374737
0.0834737
-0.100526
0.0744737
-0.0435263
-0.0695263
0.102474
-0.0795263
0.0474737
0.0744737
-0.0875263
0.0814737
-0.0575263
-0.0605263
0.109474
-0.0835263
0.0174737
0.0804737
-0.101526
0.0644737
-0.0255263
-0.0765263
0.109474
-0.0745263
0.0184737
0.0864737
-0.108526
0.0534737
-0.0475263
-0.0785263
0.103474
-0.0765263
0.0304737
0.0804737
-0.0915263
0.0844737
-0.0655263
-0.0415263
0.0964737
-0.0975263
0.0454737
0.0634737
-0.0785263
0.0824737
-0.0765263
-0.0365263
0.0744737
-0.108526
0.0704737
0.0354737
-0.0715263
0.0954737
-0.0865263
-0.0205263
0.0644737
-0.108526
0.0874737
0.0194737
-0.0515263
0.102474
-0.0945263
-0.0125263
0.0534737
-0.109526
0.0814737
0.00747368
-0.0455263
0.100474
-0.0945263
-0.00752632
0.0574737
-0.106526
0.0814737
0.0144737
-0.0595263
0.0964737
-0.0915263
-0.00952632
0.0584737
-0.106526
0.0814737
0.0114737
-0.0525263
0.103474
-0.0995263
0.00347368
0.0514737
-0.104526
0.0844737
0.0114737
-0.0765263
0.104474
-0.0985263
-0.00152632
0.0414737
-0.110526
0.0974737
0.00147368
