0.60324
0.108835
0.112116
-0.0478842
-0.0538842
0.107116
-0.107884
0.0131158
0.0361158
-0.109884
0.109116
-0.0118842
-0.0328842
0.107116
-0.108884
0.00111579
0.0491158
-0.109884
0.103116
0.00211579
-0.0338842
0.109116
-0.104884
0.00511579
0.0471158
-0.110884
0.104116
-0.00888421
-0.0338842
0.107116
-0.105884
0.00411579
0.0381158
-0.108884
0.103116
-0.00688421
-0.0248842
0.109116
-0.106884
0.0131158
0.0231158
-0.109884
0.102116
-0.0258842
-0.0188842
0.106116
-0.105884
0.0181158
0.0581158
-0.104884
0.102116
0.00311579
-0.0378842
0.109116
-0.101884
-0.00288421
0.0461158
-0.109884
0.0951158
0.0151158
-0.0258842
0.109116
-0.0988842
0.00911579
0.0431158
-0.107884
0.105116
-0.0278842
0.00411579
0.0991158
-0.108884
0.0351158
0.0211158
-0.100884
0.103116
-0.0378842
0.000115789
0.105116
-0.0978842
0.0511158
-0.00988421
-0.0958842
0.107116
-0.0628842
0.0201158
0.0951158
-0.0978842
0.0671158
-0.0368842
-0.0778842
0.104116
-0.0738842
0.0311158
0.0851158
-0.0978842
0.0741158
-0.0348842
-0.0748842
0.100116
-0.0788842
0.0341158
0.0871158
-0.0968842
0.0671158
-0.0318842
-0.0728842
0.101116
-0.0788842
0.0361158
0.0831158
-0.0918842
0.0731158
-0.0418842
-0.0718842
0.100116
-0.0788842
0.0391158
0.0661158
-0.0938842
0.0781158
-0.0318842
-0.0618842
0.109116
-0.0968842
0.0451158
0.0761158
-0.0838842
0.0831158
-0.0578842
-0.0648842
