-1.25688
0.111958
-0.0741789
0.104821
-0.0321789
-0.0911789
0.103821
-0.101179
0.0468211
0.0688211
-0.0911789
0.0918211
-0.0601789
-0.0701789
0.107821
-0.0901789
0.0378211
0.0768211
-0.0961789
0.0768211
-0.0581789
-0.0691789
0.104821
-0.0901789
0.0398211
0.0848211
-0.0921789
0.0828211
-0.0611789
-0.0781789
0.107821
-0.0871789
0.0458211
0.0808211
-0.0941789
0.0798211
-0.0581789
-0.0651789
0.0968211
-0.0931789
0.0618211
0.0708211
-0.0841789
0.0888211
-0.0721789
-0.0491789
0.104821
-0.0941789
0.0228211
0.0758211
-0.0981789
0.0708211
-0.0411789
-0.0741789
0.110821
-0.0801789
0.0388211
0.0798211
-0.112179
0.0588211
-0.0601789
-0.0621789
0.110821
-0.0881789
0.0388211
0.0748211
-0.0871789
0.0948211
-0.0861789
-0.0311789
0.0888211
-0.104179
0.0538211
0.0578211
-0.0741789
0.0918211
-0.0761789
-0.0471789
0.0768211
-0.114179
0.0828211
0.0358211
-0.0631789
0.108821
-0.0881789
-0.0181789
0.0658211
-0.110179
0.0928211
0.0188211
-0.0481789
0.104821
-0.0981789
-0.0101789
0.0498211
-0.114179
0.0898211
0.00582105
-0.0451789
0.109821
-0.100179
-0.00717895
0.0588211
-0.109179
0.0908211
0.0168211
-0.0531789
0.105821
-0.105179
-0.0101789
0.0488211
-0.112179
0.0928211
0.00482105
-0.0501789
0.109821
-0.100179
0.0118211
0.0528211
-0.111179
0.0858211
0.00182105
-0.0761789
0.110821
-0.0991789
0.000821053
0.0398211
-0.113179
0.103821
-0.00417895
