-0.955155
0.111156
-0.0467263
0.112274
-0.0687263
-0.0557263
0.0822737
-0.110726
0.0752737
0.0372737
-0.0687263
0.106274
-0.0877263
-0.0407263
0.0942737
-0.108726
0.0692737
0.0452737
-0.0727263
0.0992737
-0.0867263
-0.0347263
0.0822737
-0.107726
0.0712737
0.0472737
-0.0697263
0.102274
-0.0887263
-0.0417263
0.0832737
-0.108726
0.0792737
0.0442737
-0.0707263
0.101274
-0.0917263
-0.0267263
0.0672737
-0.110726
0.0922737
0.0292737
-0.0467263
0.106274
-0.0987263
-0.00972632
0.0822737
-0.114726
0.0652737
0.0342737
-0.0607263
0.0992737
-0.0847263
-0.0327263
0.0832737
-0.110726
0.0722737
0.0522737
-0.0897263
0.0892737
-0.0977263
-0.0317263
0.0862737
-0.102726
0.0702737
0.0352737
-0.0657263
0.104274
-0.106726
0.00627368
0.0612737
-0.109726
0.0932737
0.0102737
-0.0367263
0.107274
-0.110726
0.00727368
0.0302737
-0.111726
0.100274
-0.0147263
-0.0217263
0.110274
-0.108726
0.0312737
0.0142737
-0.101726
0.105274
-0.0397263
-0.00572632
0.103274
-0.113726
0.0302737
0.00127368
-0.0957263
0.109274
-0.0477263
0.00327368
0.101274
-0.104726
0.0442737
0.000273684
-0.100726
0.108274
-0.0427263
-0.000726316
0.104274
-0.110726
0.0422737
0.00327368
-0.0987263
0.105274
-0.0527263
-0.00172632
0.101274
-0.105726
0.0602737
-0.0107263
-0.0897263
0.106274
-0.0547263
-0.0267263
0.0872737
-0.102726
0.0562737
-0.0297263
-0.0927263
0.115274
-0.0707263
