2.31213
0.109443
0.0308421
-0.110158
0.0788421
0.0418421
-0.0511579
0.111842
-0.100158
-0.0191579
0.0598421
-0.109158
0.0878421
0.0308421
-0.0641579
0.101842
-0.0961579
-0.0201579
0.0658421
-0.114158
0.0888421
0.0258421
-0.0521579
0.105842
-0.0961579
-0.0221579
0.0658421
-0.114158
0.0898421
0.0348421
-0.0561579
0.104842
-0.0971579
-0.0181579
0.0638421
-0.110158
0.0908421
0.0128421
-0.0491579
0.107842
-0.100158
-0.00515789
0.0468421
-0.111158
0.0988421
-0.00115789
-0.0601579
0.104842
-0.0841579
-0.00915789
0.0598421
-0.106158
0.0828421
0.0228421
-0.0641579
0.103842
-0.0941579
-0.0261579
0.0878421
-0.105158
0.0948421
0.0278421
-0.0571579
0.103842
-0.0941579
-0.0191579
0.0548421
-0.107158
0.103842
-0.0261579
-0.0301579
0.107842
-0.104158
0.0118421
0.0198421
-0.109158
0.102842
-0.0161579
-0.0101579
0.102842
-0.108158
0.0288421
0.00784211
-0.100158
0.106842
-0.0471579
0.00284211
0.0988421
-0.105158
0.0478421
-0.0151579
-0.0921579
0.105842
-0.0591579
0.0158421
0.0888421
-0.101158
0.0568421
-0.0201579
-0.0831579
0.109842
-0.0601579
0.0168421
0.0958421
-0.101158
0.0578421
-0.0171579
-0.0871579
0.110842
-0.0581579
0.0158421
0.0958421
-0.105158
0.0608421
-0.0181579
-0.0891579
0.109842
-0.0781579
0.0218421
0.0918421
-0.104158
0.0618421
0.0158421
-0.0661579
0.107842
-0.0691579
0.0348421
0.0928421
-0.102158
0.0738421
