2.81484
0.113463
-0.0340737
-0.0880737
0.110926
-0.0220737
-0.00507368
0.114926
-0.115074
0.0339263
0.000926316
-0.107074
0.113926
-0.0350737
-0.0220737
0.114926
-0.116074
0.0339263
0.0169263
-0.111074
0.117926
-0.0400737
-0.00807368
0.109926
-0.115074
0.0269263
0.00792632
-0.109074
0.108926
-0.0290737
-0.0120737
0.112926
-0.118074
0.0329263
0.00892632
-0.108074
0.114926
-0.0520737
0.00192632
0.109926
-0.112074
0.0509263
-0.0210737
-0.0970737
0.117926
-0.0700737
-0.00307368
0.104926
-0.112074
0.0459263
0.00192632
-0.107074
0.112926
-0.0380737
-0.0100737
0.112926
-0.113074
0.0279263
0.0269263
-0.114074
0.113926
-0.0400737
-7.36842e-05
0.106926
-0.110074
0.0429263
-0.00407368
-0.0850737
0.107926
-0.0880737
0.0239263
0.0949263
-0.108074
0.0609263
-0.0340737
-0.0880737
0.108926
-0.0820737
0.0399263
0.0789263
-0.101074
0.0779263
-0.0590737
-0.0600737
0.104926
-0.0990737
0.0579263
0.0629263
-0.0840737
0.0919263
-0.0820737
-0.0500737
0.0979263
-0.106074
0.0709263
0.0439263
-0.0880737
0.0969263
-0.0850737
-0.0460737
0.0949263
-0.107074
0.0619263
0.0659263
-0.0850737
0.0979263
-0.0760737
-0.0430737
0.0879263
-0.106074
0.0699263
0.0479263
-0.0800737
0.0999263
-0.0830737
-0.0440737
0.0809263
-0.108074
0.0719263
0.0439263
-0.0900737
0.0939263
-0.0540737
-0.0240737
0.0799263
-0.109074
0.0839263
0.0409263
-0.0770737
0.110926
