0.754056
0.101754
0.0964737
-0.00352632
-0.0825263
0.0924737
-0.0935263
-0.0155263
0.0694737
-0.0995263
0.0844737
0.0174737
-0.0645263
0.0984737
-0.0795263
-0.0255263
0.0714737
-0.0995263
0.0754737
0.0334737
-0.0605263
0.0964737
-0.0905263
-0.0255263
0.0724737
-0.0975263
0.0814737
0.0234737
-0.0595263
0.0954737
-0.0875263
-0.0225263
0.0644737
-0.100526
0.0804737
0.0214737
-0.0525263
0.0984737
-0.0915263
-0.0145263
0.0514737
-0.101526
0.0924737
0.00847368
-0.0395263
0.100474
-0.0895263
-0.0115263
0.0774737
-0.102526
0.0794737
0.0354737
-0.0585263
0.0974737
-0.0825263
-0.0275263
0.0734737
-0.101526
0.0674737
0.0294737
-0.0445263
0.100474
-0.0775263
-0.00952632
0.0684737
-0.100526
0.0874737
0.00447368
-0.0225263
0.101474
-0.0995263
0.00647368
0.0454737
-0.0985263
0.0984737
-0.0115263
-0.0235263
0.0994737
-0.0985263
0.0234737
0.0154737
-0.0955263
0.0984737
-0.0315263
-0.0105263
0.0974737
-0.0975263
0.0474737
-0.00652632
-0.0875263
0.104474
-0.0515263
0.00447368
0.0964737
-0.103526
0.0514737
-0.00652632
-0.0835263
0.103474
-0.0645263
0.00947368
0.0904737
-0.0945263
0.0444737
-0.00152632
-0.0815263
0.104474
-0.0545263
0.0104737
0.0864737
-0.0985263
0.0564737
-0.0185263
-0.0795263
0.0994737
-0.0605263
0.0164737
0.0774737
-0.0965263
0.0594737
-0.0105263
-0.0795263
0.101474
-0.0805263
0.0244737
0.0814737
-0.0865263
0.0684737
-0.0325263
-0.0775263
