2.46295
0.109972
0.0325158
-0.108484
0.0795158
0.0385158
-0.0554842
0.109516
-0.104484
-0.0124842
0.0575158
-0.112484
0.0935158
0.0185158
-0.0644842
0.106516
-0.0984842
-0.0104842
0.0625158
-0.112484
0.0905158
0.0155158
-0.0494842
0.104516
-0.0974842
-0.00948421
0.0505158
-0.108484
0.101516
0.0175158
-0.0494842
0.108516
-0.103484
-0.0104842
0.0565158
-0.108484
0.0965158
-0.00748421
-0.0374842
0.109516
-0.107484
0.00851579
0.0295158
-0.108484
0.109516
-0.0214842
-0.0494842
0.106516
-0.0954842
0.00351579
0.0505158
-0.106484
0.0935158
0.00151579
-0.0464842
0.107516
-0.104484
-0.00548421
0.0785158
-0.103484
0.106516
0.00551579
-0.0454842
0.107516
-0.102484
-0.000484211
0.0365158
-0.105484
0.106516
-0.0414842
-0.0224842
0.112516
-0.102484
0.0195158
0.0265158
-0.106484
0.107516
-0.0264842
-0.0114842
0.104516
-0.105484
0.0325158
0.00251579
-0.0904842
0.111516
-0.0554842
0.00451579
0.0965158
-0.101484
0.0465158
-0.0194842
-0.0884842
0.110516
-0.0594842
0.0165158
0.0855158
-0.106484
0.0555158
-0.0174842
-0.0854842
0.111516
-0.0634842
0.0135158
0.0975158
-0.106484
0.0515158
-0.0114842
-0.0884842
0.113516
-0.0584842
0.0115158
0.0945158
-0.109484
0.0565158
-0.0114842
-0.0904842
0.109516
-0.0704842
0.0115158
0.0925158
-0.108484
0.0555158
0.0245158
-0.0734842
0.107516
-0.0674842
0.0285158
0.0965158
-0.105484
0.0665158
