2.41267
0.108672
0.0305684
-0.114432
0.0775684
0.0385684
-0.0494316
0.114568
-0.105432
-0.00843158
0.0635684
-0.111432
0.0915684
0.0225684
-0.0644316
0.107568
-0.0974316
-0.0164316
0.0645684
-0.113432
0.0895684
0.0205684
-0.0494316
0.107568
-0.0974316
-0.0224316
0.0575684
-0.112432
0.0925684
0.0235684
-0.0564316
0.105568
-0.101432
-0.0164316
0.0615684
-0.114432
0.0905684
0.00756842
-0.0494316
0.109568
-0.106432
-0.000431579
0.0395684
-0.108432
0.102568
-0.00543158
-0.0554316
0.101568
-0.0964316
-0.0144316
0.0575684
-0.108432
0.0825684
0.0205684
-0.0574316
0.101568
-0.0944316
-0.0234316
0.0845684
-0.0994316
0.0985684
0.0205684
-0.0554316
0.103568
-0.0944316
-0.0164316
0.0515684
-0.109432
0.103568
-0.0284316
-0.0354316
0.110568
-0.0964316
0.0105684
0.0265684
-0.104432
0.104568
-0.0214316
-0.0114316
0.108568
-0.102432
0.0285684
0.0125684
-0.0994316
0.111568
-0.0444316
0.00556842
0.101568
-0.103432
0.0445684
-0.00743158
-0.0914316
0.106568
-0.0524316
0.0105684
0.0945684
-0.101432
0.0545684
-0.0154316
-0.0894316
0.107568
-0.0584316
0.00856842
0.102568
-0.106432
0.0535684
-0.00843158
-0.0894316
0.108568
-0.0604316
0.00656842
0.0905684
-0.105432
0.0545684
-0.00743158
-0.0914316
0.106568
-0.0714316
0.0115684
0.0915684
-0.105432
0.0545684
0.0235684
-0.0734316
0.102568
-0.0664316
0.0245684
0.0995684
-0.107432
0.0625684
