-0.60324
0.10703
0.0846947
0.0296947
-0.101305
0.0746947
-0.0663053
-0.0503053
0.0976947
-0.0953053
0.0636947
0.0616947
-0.0903053
0.0836947
-0.0523053
-0.0623053
0.0996947
-0.0923053
0.0546947
0.0716947
-0.0903053
0.0856947
-0.0693053
-0.0603053
0.0996947
-0.0923053
0.0546947
0.0666947
-0.0853053
0.0786947
-0.0633053
-0.0553053
0.0956947
-0.0973053
0.0556947
0.0646947
-0.0793053
0.0896947
-0.0683053
-0.0513053
0.0866947
-0.101305
0.0726947
0.0476947
-0.0713053
0.0946947
-0.0663053
-0.0493053
0.103695
-0.0983053
0.0576947
0.0696947
-0.0893053
0.0866947
-0.0613053
-0.0593053
0.0976947
-0.0893053
0.0426947
0.0786947
-0.0763053
0.0866947
-0.0523053
-0.0493053
0.0956947
-0.0973053
0.0656947
0.0436947
-0.0603053
0.101695
-0.0823053
-0.0283053
0.0856947
-0.100305
0.0766947
0.0346947
-0.0633053
0.0986947
-0.0953053
-0.0103053
0.0596947
-0.107305
0.0876947
0.0116947
-0.0433053
0.104695
-0.0993053
0.00269474
0.0386947
-0.105305
0.0996947
-0.00330526
-0.0333053
0.104695
-0.104305
0.0176947
0.0386947
-0.102305
0.101695
-0.0163053
-0.0313053
0.108695
-0.103305
0.00669474
0.0466947
-0.105305
0.0996947
-0.00930526
-0.0263053
0.104695
-0.100305
0.0186947
0.0336947
-0.105305
0.0976947
-0.00630526
-0.0253053
0.101695
-0.109305
0.0176947
0.0506947
-0.0993053
0.0876947
-0.0383053
-0.0243053
0.107695
-0.107305
0.0226947
0.0236947
-0.111305
