1.35753
0.105865
0.1102
-0.0768
-0.0168
0.1082
-0.1068
0.0432
0.0022
-0.0978
0.1082
-0.0498
-0.0018
0.1072
-0.1068
0.0312
0.0102
-0.0998
0.1072
-0.0368
-0.0078
0.1042
-0.1018
0.0332
0.0102
-0.1008
0.1072
-0.0448
0.0042
0.1062
-0.1068
0.0392
-0.0018
-0.0938
0.1052
-0.0508
0.0102
0.0972
-0.1008
0.0462
-0.0198
-0.0908
0.1042
-0.0638
0.0212
0.0932
-0.1088
0.0472
0.0182
-0.0908
0.0982
-0.0358
-0.0088
0.1042
-0.1058
0.0352
0.0122
-0.1028
0.1012
-0.0248
0.0012
0.1072
-0.0948
0.0422
0.0112
-0.0958
0.1052
-0.0598
0.0332
0.0792
-0.0978
0.0632
-0.0188
-0.0768
0.0972
-0.0768
0.0332
0.0802
-0.0878
0.0832
-0.0468
-0.0638
0.0922
-0.0908
0.0442
0.0632
-0.0768
0.0892
-0.0688
-0.0448
0.0862
-0.0968
0.0592
0.0502
-0.0708
0.0952
-0.0708
-0.0388
0.0802
-0.0988
0.0642
0.0482
-0.0718
0.0892
-0.0688
-0.0358
0.0822
-0.0988
0.0672
0.0442
-0.0668
0.0972
-0.0718
-0.0348
0.0772
-0.1038
0.0702
0.0232
-0.0618
0.1012
-0.0718
-0.0248
0.0972
-0.0998
0.0712
0.0292
-0.0538
0.1002
-0.0928
-0.0198
