2.01045
0.108738
0.0632526
-0.108747
0.0452526
0.0772526
-0.0747474
0.102253
-0.0777474
-0.0487474
0.0882526
-0.108747
0.0642526
0.0652526
-0.0857474
0.0942526
-0.0677474
-0.0507474
0.0952526
-0.0947474
0.0582526
0.0602526
-0.0787474
0.0882526
-0.0667474
-0.0557474
0.0982526
-0.0957474
0.0652526
0.0692526
-0.0827474
0.0852526
-0.0827474
-0.0517474
0.0892526
-0.102747
0.0672526
0.0472526
-0.0737474
0.0962526
-0.0877474
-0.0377474
0.0702526
-0.105747
0.0822526
0.0352526
-0.0817474
0.0932526
-0.0587474
-0.0387474
0.0812526
-0.0947474
0.0592526
0.0562526
-0.0847474
0.0902526
-0.0687474
-0.0517474
0.104253
-0.0917474
0.0762526
0.0582526
-0.0807474
0.0872526
-0.0687474
-0.0447474
0.0802526
-0.104747
0.0872526
0.0152526
-0.0657474
0.107253
-0.0847474
-0.0197474
0.0672526
-0.109747
0.0892526
0.0252526
-0.0467474
0.105253
-0.0997474
-0.0117474
0.0512526
-0.106747
0.0942526
-0.00574737
-0.0337474
0.109253
-0.103747
0.00625263
0.0322526
-0.104747
0.0962526
-0.0127474
-0.0247474
0.103253
-0.0997474
0.0192526
0.0282526
-0.101747
0.0982526
-0.0167474
-0.0327474
0.101253
-0.0977474
0.0182526
0.0282526
-0.106747
0.101253
-0.0167474
-0.0207474
0.113253
-0.102747
0.0232526
0.0282526
-0.0987474
0.101253
-0.0387474
-0.0177474
0.107253
-0.100747
0.0242526
0.0612526
-0.0917474
0.103253
-0.0267474
-0.00474737
0.110253
-0.110747
0.0292526
