-0.301617
0.109941
0.0261684
0.0911684
-0.113832
0.0171684
0.00316842
-0.101832
0.112168
-0.0408316
0.000168421
0.103168
-0.110832
0.0321684
0.0221684
-0.105832
0.110168
-0.0408316
-0.00983158
0.109168
-0.110832
0.0341684
0.0131684
-0.103832
0.109168
-0.0278316
-0.00783158
0.109168
-0.113832
0.0281684
0.0141684
-0.105832
0.113168
-0.0338316
-0.00483158
0.110168
-0.112832
0.0401684
0.0101684
-0.100832
0.111168
-0.0478316
0.00816842
0.101168
-0.108832
0.0521684
0.0171684
-0.0998316
0.102168
-0.0438316
-0.00983158
0.107168
-0.108832
0.0271684
0.0241684
-0.111832
0.108168
-0.0268316
-0.0298316
0.113168
-0.104832
0.0371684
0.0201684
-0.0998316
0.105168
-0.0438316
0.00516842
0.101168
-0.0988316
0.0681684
-0.0158316
-0.0838316
0.111168
-0.0658316
0.0161684
0.0931684
-0.105832
0.0621684
-0.0468316
-0.0738316
0.101168
-0.0808316
0.0381684
0.0811684
-0.0958316
0.0811684
-0.0598316
-0.0568316
0.0941684
-0.0938316
0.0531684
0.0621684
-0.0898316
0.0831684
-0.0648316
-0.0488316
0.0951684
-0.0998316
0.0631684
0.0581684
-0.0828316
0.0911684
-0.0608316
-0.0498316
0.100168
-0.0978316
0.0541684
0.0621684
-0.0848316
0.0871684
-0.0668316
-0.0528316
0.0901684
-0.102832
0.0521684
0.0591684
-0.0738316
0.0971684
-0.0728316
-0.0408316
0.103168
-0.0948316
0.0341684
0.0321684
-0.0748316
0.0941684
-0.0808316
-0.0358316
0.0851684
-0.110832
