3.41808
0.109144
-0.0903895
-0.0333895
0.111611
-0.0813895
0.0486105
0.0686105
-0.0943895
0.0786105
-0.0673895
-0.0533895
0.106611
-0.0903895
0.0356105
0.0796105
-0.100389
0.0756105
-0.0563895
-0.0693895
0.102611
-0.0923895
0.0506105
0.0746105
-0.0953895
0.0816105
-0.0623895
-0.0573895
0.100611
-0.0883895
0.0476105
0.0706105
-0.0913895
0.0806105
-0.0583895
-0.0573895
0.0926105
-0.0973895
0.0576105
0.0666105
-0.0773895
0.0846105
-0.0813895
-0.0423895
0.0826105
-0.106389
0.0586105
0.0646105
-0.100389
0.0876105
-0.0613895
-0.0673895
0.100611
-0.0903895
0.0506105
0.0746105
-0.0973895
0.0766105
-0.0373895
-0.0793895
0.0916105
-0.0873895
0.0396105
0.0696105
-0.0893895
0.0786105
-0.0693895
-0.0433895
0.0736105
-0.110389
0.0776105
0.0386105
-0.0693895
0.0986105
-0.0963895
-0.0223895
0.0736105
-0.108389
0.0896105
0.0136105
-0.0573895
0.101611
-0.101389
-0.00838947
0.0556105
-0.111389
0.0986105
-0.00438947
-0.0343895
0.103611
-0.104389
0.00461053
0.0466105
-0.105389
0.0996105
-0.0193895
-0.0403895
0.105611
-0.107389
0.0126105
0.0386105
-0.109389
0.0936105
-0.00438947
-0.0493895
0.100611
-0.106389
0.00361053
0.0366105
-0.105389
0.0916105
-0.0163895
-0.0353895
0.106611
-0.0993895
0.00561053
0.0346105
-0.0963895
0.107611
-0.0263895
-0.0433895
0.100611
-0.0963895
0.0356105
0.0276105
-0.103389
0.104611
-0.0263895
-0.0233895
0.109611
