-0.904879
0.111602
-0.0380105
0.115989
-0.0840105
-0.0480105
0.0739895
-0.114011
0.0899895
0.0339895
-0.0590105
0.114989
-0.100011
-0.0310105
0.0859895
-0.117011
0.0809895
0.0359895
-0.0670105
0.103989
-0.0940105
-0.0290105
0.0759895
-0.116011
0.0799895
0.0389895
-0.0650105
0.109989
-0.0980105
-0.0350105
0.0769895
-0.116011
0.0879895
0.0369895
-0.0680105
0.106989
-0.0970105
-0.0160105
0.0679895
-0.111011
0.0979895
0.0159895
-0.0460105
0.109989
-0.110011
-0.00201053
0.0809895
-0.111011
0.0719895
0.0199895
-0.0560105
0.101989
-0.0970105
-0.0210105
0.0769895
-0.111011
0.0789895
0.0379895
-0.0820105
0.0929895
-0.109011
-0.0240105
0.0729895
-0.112011
0.0849895
0.0219895
-0.0520105
0.108989
-0.106011
0.0209895
0.0509895
-0.114011
0.0949895
-0.00101053
-0.0300105
0.110989
-0.113011
0.0159895
0.0219895
-0.105011
0.104989
-0.0270105
-0.0180105
0.104989
-0.113011
0.0329895
0.00898947
-0.100011
0.108989
-0.0440105
-0.00101053
0.103989
-0.108011
0.0429895
-0.00401053
-0.0910105
0.103989
-0.0470105
0.00698947
0.102989
-0.108011
0.0459895
0.00398947
-0.0970105
0.106989
-0.0420105
-0.00101053
0.103989
-0.108011
0.0449895
-0.00101053
-0.0990105
0.106989
-0.0490105
-0.00201053
0.102989
-0.107011
0.0579895
-0.0150105
-0.0850105
0.113989
-0.0530105
-0.0230105
0.0879895
-0.102011
0.0549895
-0.0230105
-0.0920105
0.117989
-0.0690105
