2.11102
0.109194
0.0535474
-0.115453
0.0605474
0.0655474
-0.0704526
0.103547
-0.0894526
-0.0314526
0.0785474
-0.113453
0.0735474
0.0535474
-0.0754526
0.0975474
-0.0854526
-0.0364526
0.0855474
-0.108453
0.0755474
0.0465474
-0.0734526
0.0965474
-0.0824526
-0.0344526
0.0785474
-0.110453
0.0815474
0.0515474
-0.0694526
0.0985474
-0.0934526
-0.0354526
0.0835474
-0.104453
0.0865474
0.0265474
-0.0544526
0.100547
-0.101453
-0.0164526
0.0555474
-0.109453
0.0935474
0.0125474
-0.0664526
0.102547
-0.0814526
-0.0184526
0.0715474
-0.107453
0.0715474
0.0395474
-0.0674526
0.0965474
-0.0804526
-0.0414526
0.0925474
-0.105453
0.0875474
0.0435474
-0.0614526
0.101547
-0.0834526
-0.0274526
0.0715474
-0.106453
0.100547
-0.00645263
-0.0504526
0.110547
-0.0984526
-0.00445263
0.0365474
-0.111453
0.0985474
-0.00545263
-0.0284526
0.104547
-0.107453
0.0115474
0.0265474
-0.100453
0.106547
-0.0264526
-0.0124526
0.107547
-0.107453
0.0305474
0.0115474
-0.104453
0.106547
-0.0374526
-0.00645263
0.101547
-0.111453
0.0405474
0.00154737
-0.0974526
0.104547
-0.0424526
-0.00645263
0.100547
-0.108453
0.0345474
0.00654737
-0.0954526
0.113547
-0.0394526
-0.00845263
0.102547
-0.110453
0.0395474
0.00754737
-0.0954526
0.106547
-0.0624526
0.00354737
0.0925474
-0.112453
0.0415474
0.0335474
-0.0824526
0.108547
-0.0574526
0.0175474
0.101547
-0.106453
0.0555474
