3.06619
0.114998
-0.0490316
-0.0740316
0.116968
-0.0420316
0.00896842
0.104968
-0.115032
0.0509684
-0.0130316
-0.100032
0.116968
-0.0540316
-0.00903158
0.111968
-0.116032
0.0429684
0.00296842
-0.110032
0.118968
-0.0530316
0.00396842
0.112968
-0.117032
0.0389684
-0.00603158
-0.0990316
0.115968
-0.0510316
0.00496842
0.107968
-0.113032
0.0519684
-0.00303158
-0.100032
0.114968
-0.0750316
0.0169684
0.0989684
-0.110032
0.0619684
-0.0340316
-0.0880316
0.111968
-0.0810316
0.0119684
0.0979684
-0.116032
0.0579684
-0.0130316
-0.103032
0.111968
-0.0570316
0.00196842
0.103968
-0.113032
0.0369684
0.0159684
-0.108032
0.119968
-0.0480316
-3.15789e-05
0.109968
-0.111032
0.0489684
-0.0150316
-0.0830316
0.106968
-0.0950316
0.0359684
0.0849684
-0.0980316
0.0789684
-0.0560316
-0.0730316
0.101968
-0.0920316
0.0549684
0.0719684
-0.0940316
0.0869684
-0.0720316
-0.0600316
0.101968
-0.108032
0.0679684
0.0489684
-0.0760316
0.0929684
-0.0810316
-0.0460316
0.0929684
-0.107032
0.0729684
0.0379684
-0.0830316
0.0989684
-0.0890316
-0.0350316
0.0919684
-0.114032
0.0689684
0.0549684
-0.0830316
0.0979684
-0.0830316
-0.0400316
0.0859684
-0.105032
0.0709684
0.0429684
-0.0780316
0.0999684
-0.0860316
-0.0350316
0.0799684
-0.115032
0.0759684
0.0359684
-0.0880316
0.103968
-0.0620316
-0.0110316
0.0749684
-0.113032
0.0909684
0.0289684
-0.0660316
0.108968
