1.25688
0.108215
0.1082
-0.0618
-0.0378
0.1112
-0.1128
0.0342
0.0252
-0.1058
0.1072
-0.0318
-0.0158
0.1082
-0.1068
0.0222
0.0332
-0.1058
0.1102
-0.0178
-0.0258
0.1082
-0.1108
0.0152
0.0322
-0.1068
0.1092
-0.0268
-0.0178
0.1112
-0.1118
0.0252
0.0162
-0.1028
0.1092
-0.0348
-0.0038
0.0992
-0.1048
0.0312
-0.0008
-0.0968
0.1052
-0.0488
0.0062
0.1002
-0.1108
0.0332
0.0322
-0.1038
0.1032
-0.0218
-0.0198
0.1042
-0.1018
0.0212
0.0312
-0.1048
0.1032
-0.0028
-0.0038
0.1092
-0.1008
0.0252
0.0262
-0.1048
0.1032
-0.0448
0.0242
0.0922
-0.1078
0.0512
-0.0018
-0.0848
0.1032
-0.0598
0.0182
0.0932
-0.0998
0.0662
-0.0308
-0.0748
0.1032
-0.0808
0.0362
0.0802
-0.0918
0.0772
-0.0558
-0.0658
0.0962
-0.0888
0.0412
0.0732
-0.0888
0.0822
-0.0518
-0.0588
0.0942
-0.0908
0.0462
0.0682
-0.0898
0.0702
-0.0508
-0.0588
0.0972
-0.0878
0.0452
0.0732
-0.0898
0.0842
-0.0528
-0.0578
0.0992
-0.0848
0.0542
0.0582
-0.0888
0.0852
-0.0458
-0.0518
0.1092
-0.0988
0.0532
0.0662
-0.0838
0.0872
-0.0708
-0.0618
