-0.60324
0.106013
0.0443474
-0.106653
0.0713474
0.0473474
-0.0596526
0.106347
-0.0956526
-0.0186526
0.0653474
-0.110653
0.0803474
0.0293474
-0.0706526
0.100347
-0.0856526
-0.0186526
0.0773474
-0.103653
0.0813474
0.0283474
-0.0596526
0.0983474
-0.0896526
-0.0236526
0.0663474
-0.108653
0.0893474
0.0293474
-0.0606526
0.0993474
-0.0986526
-0.0156526
0.0693474
-0.105653
0.0913474
0.0103474
-0.0466526
0.106347
-0.103653
-0.00465263
0.0453474
-0.103653
0.100347
-0.00365263
-0.0556526
0.103347
-0.0896526
-0.00765263
0.0603474
-0.100653
0.0813474
0.0243474
-0.0606526
0.107347
-0.0946526
-0.0216526
0.0853474
-0.102653
0.0883474
0.0113474
-0.0556526
0.0993474
-0.0966526
-0.0126526
0.0503474
-0.106653
0.101347
-0.0296526
-0.0316526
0.107347
-0.100653
0.0153474
0.0183474
-0.101653
0.105347
-0.0316526
-0.00665263
0.0983474
-0.107653
0.0323474
0.00234737
-0.0906526
0.108347
-0.0506526
0.00734737
0.0993474
-0.103653
0.0493474
-0.0146526
-0.0856526
0.103347
-0.0586526
0.0203474
0.0863474
-0.104653
0.0573474
-0.0166526
-0.0806526
0.104347
-0.0676526
0.0133474
0.0943474
-0.0996526
0.0543474
-0.0126526
-0.0836526
0.105347
-0.0596526
0.0153474
0.0873474
-0.0976526
0.0603474
-0.0156526
-0.0836526
0.102347
-0.0776526
0.0203474
0.0853474
-0.104653
0.0623474
0.0113474
-0.0636526
0.101347
-0.0736526
0.0333474
0.0853474
-0.0996526
0.0703474
