-1.05571
0.109447
-0.0582105
0.113789
-0.0532105
-0.0682105
0.0937895
-0.107211
0.0687895
0.0597895
-0.0822105
0.0987895
-0.0712105
-0.0562105
0.0957895
-0.104211
0.0587895
0.0637895
-0.0872105
0.0927895
-0.0732105
-0.0492105
0.0907895
-0.101211
0.0617895
0.0637895
-0.0792105
0.0977895
-0.0822105
-0.0582105
0.0967895
-0.103211
0.0657895
0.0617895
-0.0792105
0.0937895
-0.0792105
-0.0402105
0.0837895
-0.106211
0.0757895
0.0447895
-0.0662105
0.100789
-0.0942105
-0.0222105
0.0937895
-0.105211
0.0507895
0.0447895
-0.0762105
0.0887895
-0.0682105
-0.0502105
0.0907895
-0.102211
0.0537895
0.0647895
-0.0982105
0.0837895
-0.0842105
-0.0492105
0.0917895
-0.103211
0.0597895
0.0527895
-0.0732105
0.101789
-0.0952105
-0.00821053
0.0757895
-0.107211
0.0777895
0.0297895
-0.0502105
0.104789
-0.0982105
-0.00621053
0.0407895
-0.114211
0.0937895
-0.00521053
-0.0352105
0.104789
-0.104211
0.00978947
0.0287895
-0.109211
0.100789
-0.0152105
-0.0242105
0.103789
-0.105211
0.0247895
0.0257895
-0.105211
0.0977895
-0.0232105
-0.0182105
0.110789
-0.105211
0.0287895
0.0257895
-0.105211
0.100789
-0.0252105
-0.0232105
0.103789
-0.107211
0.0207895
0.0237895
-0.102211
0.102789
-0.0222105
-0.0252105
0.104789
-0.105211
0.0377895
0.0227895
-0.0972105
0.102789
-0.0262105
-0.0452105
0.100789
-0.103211
0.0317895
0.0117895
-0.106211
0.110789
-0.0332105
