3.7197
0.107328
-0.102253
-0.00825263
0.0997474
-0.101253
0.0697474
0.0437474
-0.0762526
0.0957474
-0.0822526
-0.0332526
0.0897474
-0.102253
0.0587474
0.0557474
-0.0812526
0.0937474
-0.0772526
-0.0502526
0.0897474
-0.102253
0.0647474
0.0537474
-0.0802526
0.0887474
-0.0862526
-0.0322526
0.0817474
-0.101253
0.0637474
0.0517474
-0.0712526
0.0897474
-0.0822526
-0.0322526
0.0777474
-0.109253
0.0787474
0.0357474
-0.0542526
0.0987474
-0.0982526
-0.0192526
0.0597474
-0.111253
0.0747474
0.0337474
-0.0812526
0.101747
-0.0822526
-0.0422526
0.0817474
-0.105253
0.0657474
0.0507474
-0.0762526
0.0927474
-0.0682526
-0.0502526
0.0747474
-0.103253
0.0687474
0.0347474
-0.0692526
0.0927474
-0.0872526
-0.0142526
0.0487474
-0.108253
0.0887474
0.00874737
-0.0472526
0.102747
-0.101253
-0.00125263
0.0387474
-0.107253
0.0977474
-0.0222526
-0.0282526
0.104747
-0.108253
0.0267474
0.0227474
-0.0972526
0.103747
-0.0392526
-0.00725263
0.100747
-0.104253
0.0357474
0.0107474
-0.0992526
0.103747
-0.0522526
-0.0122526
0.0997474
-0.104253
0.0397474
0.00474737
-0.0952526
0.102747
-0.0372526
-0.0132526
0.0987474
-0.106253
0.0337474
0.00374737
-0.0962526
0.102747
-0.0472526
-0.00125263
0.0997474
-0.104253
0.0377474
-0.00725263
-0.0892526
0.106747
-0.0532526
-0.0142526
0.0937474
-0.103253
0.0597474
-0.0122526
-0.0912526
0.104747
-0.0612526
0.00774737
0.101747
