-0.452428
0.108046
0.00575789
0.103758
-0.111242
0.00475789
0.0217579
-0.110242
0.110758
-0.0192421
-0.0172421
0.109758
-0.112242
0.0187579
0.0397579
-0.112242
0.109758
-0.0232421
-0.0242421
0.110758
-0.112242
0.0237579
0.0187579
-0.108242
0.106758
-0.0172421
-0.0142421
0.111758
-0.111242
0.0167579
0.0207579
-0.109242
0.111758
-0.0242421
-0.0202421
0.108758
-0.106242
0.0337579
0.0127579
-0.108242
0.106758
-0.0362421
-0.00424211
0.105758
-0.107242
0.0407579
0.0307579
-0.106242
0.0957579
-0.0262421
-0.0252421
0.103758
-0.108242
0.0177579
0.0377579
-0.108242
0.102758
-0.00624211
-0.0412421
0.109758
-0.104242
0.0247579
0.0347579
-0.101242
0.102758
-0.0252421
-0.0132421
0.106758
-0.108242
0.0617579
-0.00624211
-0.0922421
0.105758
-0.0582421
0.0137579
0.0947579
-0.101242
0.0587579
-0.0302421
-0.0752421
0.101758
-0.0742421
0.0327579
0.0787579
-0.0932421
0.0747579
-0.0552421
-0.0612421
0.0967579
-0.0892421
0.0497579
0.0627579
-0.0902421
0.0797579
-0.0652421
-0.0482421
0.0937579
-0.0982421
0.0487579
0.0607579
-0.0872421
0.0877579
-0.0582421
-0.0622421
0.101758
-0.0902421
0.0517579
0.0667579
-0.0842421
0.0817579
-0.0562421
-0.0562421
0.0897579
-0.100242
0.0557579
0.0587579
-0.0682421
0.0967579
-0.0662421
-0.0422421
0.0977579
-0.0982421
0.0247579
0.0347579
-0.0752421
0.0917579
-0.0812421
-0.0402421
0.0927579
-0.106242
