-1.56996
0.107962
-0.0946316
0.0843684
0.00736842
-0.0986316
0.107368
-0.0756316
0.0233684
0.0943684
-0.105632
0.0653684
-0.0176316
-0.0946316
0.110368
-0.0606316
0.0153684
0.0963684
-0.106632
0.0533684
-0.0236316
-0.0856316
0.106368
-0.0686316
0.0163684
0.0943684
-0.100632
0.0663684
-0.0306316
-0.0886316
0.106368
-0.0676316
0.0233684
0.0933684
-0.101632
0.0603684
-0.0326316
-0.0816316
0.105368
-0.0716316
0.0373684
0.0813684
-0.0956316
0.0703684
-0.0486316
-0.0676316
0.107368
-0.0716316
0.00336842
0.0863684
-0.101632
0.0533684
-0.0166316
-0.0886316
0.105368
-0.0626316
0.0173684
0.0973684
-0.104632
0.0473684
-0.0366316
-0.0866316
0.103368
-0.0636316
0.0183684
0.0903684
-0.0986316
0.0733684
-0.0656316
-0.0566316
0.0973684
-0.0926316
0.0413684
0.0713684
-0.0826316
0.0813684
-0.0686316
-0.0516316
0.0823684
-0.103632
0.0613684
0.0543684
-0.0726316
0.0953684
-0.0766316
-0.0296316
0.0733684
-0.110632
0.0783684
0.0313684
-0.0596316
0.0963684
-0.0896316
-0.0256316
0.0603684
-0.106632
0.0783684
0.0223684
-0.0566316
0.102368
-0.0946316
-0.0196316
0.0663684
-0.106632
0.0743684
0.0313684
-0.0596316
0.0983684
-0.0906316
-0.0206316
0.0653684
-0.105632
0.0783684
0.0183684
-0.0606316
0.0973684
-0.0966316
-0.00263158
0.0703684
-0.0996316
0.0733684
0.0193684
-0.0816316
0.104368
-0.0946316
-0.0116316
0.0483684
-0.109632
0.0943684
0.0163684
