2.41267
0.111507
0.0266211
-0.110379
0.0836211
0.0346211
-0.0473789
0.115621
-0.111379
-0.0103789
0.0566211
-0.115379
0.0936211
0.0226211
-0.0643789
0.109621
-0.0983789
-0.0173789
0.0676211
-0.114379
0.0926211
0.0256211
-0.0523789
0.108621
-0.103379
-0.0163789
0.0636211
-0.115379
0.0976211
0.0216211
-0.0513789
0.108621
-0.103379
-0.0173789
0.0626211
-0.111379
0.0956211
0.00862105
-0.0493789
0.110621
-0.111379
-0.00337895
0.0456211
-0.114379
0.103621
-0.00737895
-0.0553789
0.111621
-0.0903789
-0.00437895
0.0616211
-0.114379
0.0836211
0.0256211
-0.0613789
0.107621
-0.0943789
-0.0263789
0.0846211
-0.113379
0.0976211
0.0236211
-0.0563789
0.105621
-0.0963789
-0.0183789
0.0626211
-0.108379
0.104621
-0.0323789
-0.0293789
0.112621
-0.102379
0.0246211
0.0206211
-0.106379
0.110621
-0.0243789
-0.00937895
0.101621
-0.112379
0.0316211
0.00962105
-0.102379
0.109621
-0.0523789
0.00362105
0.103621
-0.107379
0.0486211
-0.0173789
-0.0923789
0.108621
-0.0653789
0.0136211
0.0916211
-0.109379
0.0606211
-0.0203789
-0.0893789
0.107621
-0.0693789
0.0116211
0.101621
-0.108379
0.0546211
-0.0163789
-0.0903789
0.111621
-0.0613789
0.00962105
0.101621
-0.101379
0.0546211
-0.0103789
-0.0873789
0.110621
-0.0773789
0.0166211
0.0886211
-0.104379
0.0596211
0.0236211
-0.0743789
0.106621
-0.0713789
0.0256211
0.0966211
-0.109379
0.0646211
