4.32302
0.104229
-0.109305
0.0536947
0.0506947
-0.114305
0.100695
-0.0293053
-0.0203053
0.106695
-0.108305
0.0326947
0.0246947
-0.107305
0.102695
-0.0233053
-0.0303053
0.100695
-0.107305
0.0176947
0.0296947
-0.100305
0.103695
-0.0163053
-0.0283053
0.102695
-0.108305
0.0226947
0.0216947
-0.109305
0.0966947
-0.0193053
-0.0203053
0.102695
-0.105305
0.0226947
0.0226947
-0.101305
0.100695
-0.0273053
-0.00130526
0.102695
-0.103305
0.0366947
0.00769474
-0.0943053
0.103695
-0.0233053
-0.0403053
0.0986947
-0.103305
0.0166947
0.0366947
-0.105305
0.0986947
-0.0133053
-0.0303053
0.101695
-0.102305
-0.000305263
0.0216947
-0.103305
0.0926947
-0.0193053
-0.0263053
0.100695
-0.103305
0.0346947
-0.000305263
-0.0873053
0.105695
-0.0453053
-0.00930526
0.0946947
-0.0993053
0.0436947
-0.0123053
-0.0843053
0.102695
-0.0723053
0.0136947
0.0816947
-0.104305
0.0536947
-0.0273053
-0.0763053
0.100695
-0.0833053
0.0326947
0.0796947
-0.0963053
0.0676947
-0.0293053
-0.0703053
0.0916947
-0.0903053
0.0266947
0.0696947
-0.0883053
0.0736947
-0.0413053
-0.0663053
0.0946947
-0.0773053
0.0266947
0.0756947
-0.0953053
0.0686947
-0.0493053
-0.0663053
0.0936947
-0.0803053
0.0346947
0.0666947
-0.0973053
0.0696947
-0.0463053
-0.0513053
0.0966947
-0.0893053
0.0236947
0.0666947
-0.103305
0.0856947
-0.0493053
-0.0603053
0.0926947
-0.0903053
0.0496947
0.0706947
