1.05571
0.102206
0.105168
-0.0428316
-0.0558316
0.105168
-0.103832
0.0111684
0.0401684
-0.102832
0.102168
-0.0118316
-0.0358316
0.106168
-0.0968316
0.000168421
0.0471684
-0.102832
0.0941684
0.00316842
-0.0378316
0.103168
-0.0998316
0.000168421
0.0421684
-0.105832
0.0981684
-0.0138316
-0.0278316
0.103168
-0.0998316
0.00716842
0.0361684
-0.101832
0.0971684
-0.00883158
-0.0248316
0.103168
-0.101832
0.00916842
0.0191684
-0.0968316
0.101168
-0.0238316
-0.0128316
0.101168
-0.0988316
0.0141684
0.0561684
-0.100832
0.0961684
0.00416842
-0.0358316
0.101168
-0.0938316
0.000168421
0.0401684
-0.109832
0.0871684
0.00316842
-0.0188316
0.107168
-0.0878316
0.0131684
0.0391684
-0.0988316
0.0981684
-0.0238316
0.00416842
0.0941684
-0.103832
0.0281684
0.0231684
-0.0928316
0.105168
-0.0318316
-0.00383158
0.0951684
-0.101832
0.0491684
-0.00683158
-0.0888316
0.103168
-0.0598316
0.0161684
0.0881684
-0.0928316
0.0631684
-0.0298316
-0.0768316
0.0981684
-0.0728316
0.0201684
0.0811684
-0.0898316
0.0701684
-0.0298316
-0.0718316
0.0951684
-0.0768316
0.0301684
0.0781684
-0.0928316
0.0611684
-0.0258316
-0.0718316
0.0961684
-0.0738316
0.0291684
0.0791684
-0.0938316
0.0691684
-0.0328316
-0.0668316
0.0911684
-0.0738316
0.0391684
0.0671684
-0.0918316
0.0721684
-0.0298316
-0.0678316
0.102168
-0.0818316
0.0341684
0.0751684
-0.0848316
0.0751684
-0.0568316
-0.0698316
