-0.754056
0.107632
-0.0217684
0.113232
-0.0917684
-0.0257684
0.0562316
-0.110768
0.0932316
0.0102316
-0.0467684
0.107232
-0.0997684
-0.0167684
0.0702316
-0.109768
0.0892316
0.0202316
-0.0567684
0.104232
-0.0967684
-0.0147684
0.0612316
-0.110768
0.0832316
0.0242316
-0.0537684
0.106232
-0.0997684
-0.0217684
0.0652316
-0.112768
0.0892316
0.0242316
-0.0577684
0.106232
-0.0987684
-0.00776842
0.0582316
-0.105768
0.0972316
0.0112316
-0.0347684
0.108232
-0.105768
0.00123158
0.0642316
-0.103768
0.0742316
0.0102316
-0.0507684
0.0962316
-0.0907684
-0.0137684
0.0652316
-0.110768
0.0832316
0.0232316
-0.0807684
0.0962316
-0.0997684
-0.00476842
0.0712316
-0.101768
0.0882316
0.0122316
-0.0357684
0.107232
-0.105768
0.0252316
0.0272316
-0.104768
0.103232
-0.0217684
-0.0147684
0.101232
-0.110768
0.0292316
0.00723158
-0.0967684
0.104232
-0.0407684
-0.000768421
0.101232
-0.103768
0.0472316
-0.00776842
-0.0837684
0.106232
-0.0577684
0.0122316
0.0922316
-0.103768
0.0482316
-0.0217684
-0.0847684
0.103232
-0.0687684
0.0142316
0.0892316
-0.101768
0.0602316
-0.0207684
-0.0827684
0.108232
-0.0657684
0.0122316
0.0932316
-0.101768
0.0512316
-0.0187684
-0.0847684
0.104232
-0.0667684
0.0112316
0.0932316
-0.0967684
0.0642316
-0.0297684
-0.0727684
0.108232
-0.0747684
-0.0127684
0.0732316
-0.0937684
0.0622316
-0.0347684
-0.0797684
0.108232
-0.0787684
