-0.452428
0.101521
0.0705263
0.0385263
-0.101474
0.0675263
-0.0584737
-0.0544737
0.0925263
-0.0844737
0.0505263
0.0645263
-0.0884737
0.0705263
-0.0424737
-0.0664737
0.0945263
-0.0874737
0.0435263
0.0795263
-0.0844737
0.0725263
-0.0564737
-0.0594737
0.0955263
-0.0804737
0.0485263
0.0695263
-0.0814737
0.0725263
-0.0544737
-0.0614737
0.0945263
-0.0844737
0.0455263
0.0675263
-0.0784737
0.0825263
-0.0564737
-0.0584737
0.0845263
-0.0904737
0.0615263
0.0535263
-0.0754737
0.0875263
-0.0454737
-0.0564737
0.100526
-0.0864737
0.0475263
0.0775263
-0.0884737
0.0735263
-0.0474737
-0.0664737
0.0955263
-0.0834737
0.0215263
0.0785263
-0.0814737
0.0795263
-0.0414737
-0.0554737
0.0925263
-0.0834737
0.0535263
0.0585263
-0.0634737
0.0945263
-0.0714737
-0.0344737
0.0825263
-0.0944737
0.0755263
0.0345263
-0.0694737
0.0925263
-0.0844737
-0.0194737
0.0695263
-0.103474
0.0795263
0.0245263
-0.0544737
0.0985263
-0.0954737
-0.00347368
0.0565263
-0.101474
0.0875263
0.00852632
-0.0454737
0.101526
-0.0934737
0.00352632
0.0515263
-0.100474
0.0865263
0.00352632
-0.0464737
0.104526
-0.0864737
-0.00747368
0.0605263
-0.0974737
0.0855263
0.00952632
-0.0444737
0.0995263
-0.0934737
0.00152632
0.0535263
-0.102474
0.0805263
0.0125263
-0.0374737
0.100526
-0.0954737
0.000526316
0.0675263
-0.101474
0.0695263
-0.0174737
-0.0324737
0.0995263
-0.0944737
0.00252632
0.0465263
-0.108474
