-0.60324
0.114359
-0.00896842
0.117032
-0.104968
-0.0159684
0.0490316
-0.116968
0.105032
0.00403158
-0.0369684
0.112032
-0.117968
-0.00296842
0.0620316
-0.118968
0.104032
0.00603158
-0.0489684
0.112032
-0.110968
-0.000968421
0.0500316
-0.116968
0.100032
0.0110316
-0.0409684
0.110032
-0.115968
-0.000968421
0.0480316
-0.117968
0.106032
0.00303158
-0.0369684
0.113032
-0.115968
0.0170316
0.0370316
-0.112968
0.114032
-0.0179684
-0.0149684
0.113032
-0.116968
0.0280316
0.0450316
-0.113968
0.0980316
-0.0149684
-0.0309684
0.112032
-0.114968
0.0110316
0.0470316
-0.114968
0.102032
3.15789e-05
-0.0559684
0.107032
-0.121968
0.0130316
0.0440316
-0.113968
0.102032
-0.0159684
-0.0249684
0.112032
-0.107968
0.0520316
0.0180316
-0.104968
0.113032
-0.0339684
0.00803158
0.104032
-0.116968
0.0500316
-0.0199684
-0.0909684
0.112032
-0.0609684
0.0140316
0.0930316
-0.111968
0.0640316
-0.0349684
-0.0809684
0.107032
-0.0769684
0.0300316
0.0870316
-0.106968
0.0680316
-0.0359684
-0.0749684
0.108032
-0.0779684
0.0370316
0.0820316
-0.104968
0.0740316
-0.0379684
-0.0839684
0.114032
-0.0789684
0.0300316
0.0880316
-0.103968
0.0660316
-0.0369684
-0.0769684
0.109032
-0.0809684
0.0250316
0.0870316
-0.0919684
0.0810316
-0.0469684
-0.0659684
0.115032
-0.0809684
0.00503158
0.0640316
-0.0959684
0.0790316
-0.0569684
-0.0719684
0.111032
-0.0919684
