4.02133
0.110049
-0.119484
0.0265158
0.0765158
-0.115484
0.0985158
0.00351579
-0.0514842
0.106516
-0.112484
-0.000484211
0.0675158
-0.114484
0.0905158
0.0185158
-0.0544842
0.105516
-0.105484
-0.0164842
0.0625158
-0.114484
0.0945158
0.0155158
-0.0554842
0.104516
-0.104484
-0.00848421
0.0555158
-0.116484
0.0915158
0.0145158
-0.0454842
0.101516
-0.108484
0.00151579
0.0475158
-0.116484
0.0965158
-0.00248421
-0.0324842
0.105516
-0.108484
0.0135158
0.0345158
-0.108484
0.0925158
-0.00248421
-0.0594842
0.107516
-0.105484
-0.00448421
0.0605158
-0.116484
0.0895158
0.00751579
-0.0514842
0.102516
-0.0924842
-0.00948421
0.0575158
-0.104484
0.0965158
0.00151579
-0.0424842
0.102516
-0.105484
0.0185158
0.0115158
-0.103484
0.102516
-0.0264842
-0.0254842
0.107516
-0.114484
0.0325158
0.0115158
-0.100484
0.110516
-0.0594842
-0.00348421
0.0975158
-0.108484
0.0525158
-0.00748421
-0.0884842
0.110516
-0.0744842
0.0165158
0.0935158
-0.105484
0.0645158
-0.0174842
-0.0874842
0.105516
-0.0804842
0.0165158
0.0875158
-0.100484
0.0665158
-0.0294842
-0.0824842
0.108516
-0.0714842
0.0165158
0.0865158
-0.102484
0.0625158
-0.0274842
-0.0774842
0.102516
-0.0794842
0.0275158
0.0785158
-0.106484
0.0665158
-0.0424842
-0.0694842
0.105516
-0.0864842
0.0145158
0.0815158
-0.111484
0.0805158
-0.0424842
-0.0714842
0.0985158
-0.0904842
0.0405158
0.0835158
