1.63237
0.108222
0.103684
-0.0933158
-0.00731579
0.106684
-0.107316
0.0676842
-0.0143158
-0.0883158
0.108684
-0.0643158
0.00868421
0.103684
-0.108316
0.0556842
-0.00431579
-0.0903158
0.107684
-0.0523158
0.00768421
0.103684
-0.104316
0.0496842
-0.00831579
-0.0953158
0.112684
-0.0623158
0.0196842
0.104684
-0.102316
0.0536842
-0.0213158
-0.0913158
0.107684
-0.0633158
0.0196842
0.0936842
-0.0983158
0.0586842
-0.0343158
-0.0843158
0.0956842
-0.0763158
0.0276842
0.0826842
-0.103316
0.0596842
0.00568421
-0.0863158
0.106684
-0.0493158
0.000684211
0.0966842
-0.108316
0.0456842
-0.00131579
-0.0973158
0.111684
-0.0343158
0.0196842
0.103684
-0.100316
0.0476842
0.000684211
-0.0943158
0.106684
-0.0743158
0.0396842
0.0746842
-0.0993158
0.0706842
-0.0313158
-0.0693158
0.0946842
-0.0843158
0.0416842
0.0736842
-0.0853158
0.0876842
-0.0563158
-0.0593158
0.0916842
-0.0933158
0.0546842
0.0566842
-0.0753158
0.0986842
-0.0803158
-0.0373158
0.0816842
-0.101316
0.0586842
0.0446842
-0.0693158
0.0966842
-0.0763158
-0.0283158
0.0756842
-0.101316
0.0736842
0.0406842
-0.0683158
0.100684
-0.0743158
-0.0293158
0.0806842
-0.100316
0.0736842
0.0396842
-0.0643158
0.100684
-0.0813158
-0.0293158
0.0766842
-0.102316
0.0786842
0.0196842
-0.0643158
0.103684
-0.0753158
-0.0233158
0.0936842
-0.109316
0.0826842
0.0276842
-0.0493158
0.105684
-0.0953158
-0.0153158
