2.91538
0.107866
-0.0314211
-0.0834211
0.103579
-0.0254211
-0.000421053
0.104579
-0.111421
0.0375789
-0.000421053
-0.0964211
0.111579
-0.0364211
-0.0184211
0.110579
-0.108421
0.0345789
0.0115789
-0.101421
0.111579
-0.0394211
-0.00242105
0.107579
-0.108421
0.0345789
0.00857895
-0.0974211
0.110579
-0.0344211
-0.0104211
0.108579
-0.108421
0.0345789
0.00957895
-0.0994211
0.105579
-0.0544211
0.00257895
0.106579
-0.106421
0.0465789
-0.0164211
-0.0874211
0.103579
-0.0714211
-0.00642105
0.102579
-0.104421
0.0435789
0.00157895
-0.0974211
0.103579
-0.0414211
-0.00942105
0.108579
-0.103421
0.0305789
0.0305789
-0.110421
0.104579
-0.0494211
-0.0114211
0.103579
-0.107421
0.0315789
-0.00242105
-0.0904211
0.108579
-0.0774211
0.0195789
0.0895789
-0.100421
0.0645789
-0.0434211
-0.0734211
0.101579
-0.0814211
0.0395789
0.0695789
-0.0974211
0.0745789
-0.0544211
-0.0604211
0.0955789
-0.101421
0.0565789
0.0545789
-0.0734211
0.0885789
-0.0674211
-0.0484211
0.0905789
-0.0944211
0.0595789
0.0465789
-0.0854211
0.0865789
-0.0744211
-0.0414211
0.0865789
-0.100421
0.0565789
0.0575789
-0.0854211
0.0855789
-0.0714211
-0.0484211
0.0885789
-0.0984211
0.0595789
0.0505789
-0.0814211
0.0925789
-0.0664211
-0.0484211
0.0835789
-0.104421
0.0625789
0.0455789
-0.0884211
0.0915789
-0.0424211
-0.0244211
0.0785789
-0.0984211
0.0725789
0.0425789
-0.0694211
0.102579
