3.41808
0.110476
-0.0948
-0.0328
0.1102
-0.0858
0.0532
0.0662
-0.0958
0.0832
-0.0698
-0.0638
0.1092
-0.0948
0.0352
0.0792
-0.0998
0.0782
-0.0578
-0.0668
0.1072
-0.0888
0.0482
0.0772
-0.0988
0.0732
-0.0638
-0.0628
0.1022
-0.0918
0.0492
0.0722
-0.0908
0.0792
-0.0608
-0.0618
0.0972
-0.1018
0.0562
0.0662
-0.0828
0.0902
-0.0778
-0.0458
0.0862
-0.1068
0.0522
0.0672
-0.1028
0.0842
-0.0578
-0.0668
0.1012
-0.0908
0.0402
0.0782
-0.0978
0.0722
-0.0338
-0.0658
0.1082
-0.0888
0.0462
0.0702
-0.0908
0.0812
-0.0758
-0.0388
0.0792
-0.1128
0.0692
0.0492
-0.0788
0.0942
-0.0908
-0.0328
0.0802
-0.1098
0.0922
0.0112
-0.0588
0.1042
-0.0998
-0.0078
0.0642
-0.1098
0.0952
-0.0038
-0.0378
0.1092
-0.1058
0.0112
0.0482
-0.1108
0.0962
-0.0228
-0.0388
0.1082
-0.1078
0.0122
0.0412
-0.1118
0.0992
-0.0018
-0.0448
0.1082
-0.1058
0.0112
0.0472
-0.1108
0.1022
-0.0088
-0.0358
0.1062
-0.1058
0.0062
0.0352
-0.1058
0.1012
-0.0228
-0.0478
0.1082
-0.0958
0.0392
0.0302
-0.1068
0.1032
-0.0238
-0.0248
0.1162
