0.351887
0.102768
0.0756105
0.0336105
-0.0963895
0.0736105
-0.0643895
-0.0513895
0.0956105
-0.0873895
0.0536105
0.0646105
-0.0823895
0.0776105
-0.0513895
-0.0603895
0.0946105
-0.0903895
0.0436105
0.0726105
-0.0823895
0.0786105
-0.0623895
-0.0573895
0.0916105
-0.0903895
0.0506105
0.0636105
-0.0803895
0.0736105
-0.0613895
-0.0593895
0.0966105
-0.0893895
0.0536105
0.0646105
-0.0763895
0.0866105
-0.0643895
-0.0503895
0.0816105
-0.0953895
0.0676105
0.0466105
-0.0733895
0.0886105
-0.0583895
-0.0473895
0.100611
-0.0903895
0.0496105
0.0696105
-0.0843895
0.0776105
-0.0433895
-0.0623895
0.0956105
-0.0883895
0.0226105
0.0766105
-0.0833895
0.0766105
-0.0383895
-0.0533895
0.0936105
-0.0863895
0.0526105
0.0566105
-0.0633895
0.0956105
-0.0703895
-0.0413895
0.0896105
-0.0903895
0.0686105
0.0496105
-0.0703895
0.0916105
-0.0803895
-0.0173895
0.0676105
-0.0983895
0.0836105
0.0216105
-0.0563895
0.102611
-0.0923895
-0.00638947
0.0516105
-0.101389
0.0876105
0.00561053
-0.0433895
0.0966105
-0.0983895
0.00661053
0.0526105
-0.102389
0.0896105
0.00261053
-0.0463895
0.102611
-0.0893895
-0.00538947
0.0566105
-0.0993895
0.0866105
0.00561053
-0.0443895
0.101611
-0.0903895
-0.00338947
0.0426105
-0.100389
0.0866105
0.00361053
-0.0333895
0.0996105
-0.0953895
0.00561053
0.0576105
-0.106389
0.0716105
-0.0213895
-0.0303895
0.100611
-0.0983895
0.0116105
0.0356105
-0.112389
