-0.301617
0.108624
0.0206632
0.0926632
-0.111337
0.0146632
0.0176632
-0.107337
0.113663
-0.0333368
-0.0123368
0.109663
-0.115337
0.0246632
0.0296632
-0.106337
0.112663
-0.0323368
-0.0163368
0.109663
-0.112337
0.0266632
0.0166632
-0.106337
0.104663
-0.0233368
-0.0173368
0.109663
-0.112337
0.0216632
0.0186632
-0.104337
0.111663
-0.0303368
-0.0103368
0.105663
-0.106337
0.0346632
0.00766316
-0.102337
0.114663
-0.0443368
-0.000336842
0.100663
-0.113337
0.0436632
0.0176632
-0.0983368
0.104663
-0.0413368
-0.0123368
0.108663
-0.112337
0.0246632
0.0266632
-0.104337
0.103663
-0.0233368
-0.0323368
0.113663
-0.106337
0.0336632
0.0246632
-0.100337
0.105663
-0.0333368
0.00166316
0.100663
-0.103337
0.0656632
-0.0183368
-0.0843368
0.111663
-0.0563368
0.0176632
0.0946632
-0.103337
0.0626632
-0.0433368
-0.0733368
0.106663
-0.0773368
0.0316632
0.0826632
-0.0983368
0.0756632
-0.0523368
-0.0633368
0.0986632
-0.0863368
0.0456632
0.0726632
-0.0933368
0.0796632
-0.0633368
-0.0543368
0.0976632
-0.0973368
0.0516632
0.0656632
-0.0893368
0.0876632
-0.0583368
-0.0563368
0.101663
-0.0883368
0.0526632
0.0666632
-0.0853368
0.0806632
-0.0523368
-0.0573368
0.0946632
-0.0943368
0.0496632
0.0596632
-0.0793368
0.0936632
-0.0703368
-0.0433368
0.101663
-0.0933368
0.0296632
0.0326632
-0.0733368
0.0926632
-0.0853368
-0.0393368
0.0946632
-0.106337
