-1.48373
0.111701
-0.103316
0.0806842
0.0146842
-0.108316
0.111684
-0.0683158
0.0136842
0.101684
-0.117316
0.0596842
-0.00931579
-0.102316
0.110684
-0.0583158
0.00168421
0.100684
-0.115316
0.0456842
-0.0103158
-0.0973158
0.111684
-0.0573158
0.00768421
0.100684
-0.108316
0.0546842
-0.0163158
-0.0983158
0.109684
-0.0593158
0.0176842
0.0966842
-0.108316
0.0546842
-0.0283158
-0.0883158
0.106684
-0.0693158
0.0336842
0.0886842
-0.100316
0.0726842
-0.0503158
-0.0743158
0.117684
-0.0713158
-0.000315789
0.0956842
-0.103316
0.0476842
-0.0113158
-0.0993158
0.109684
-0.0613158
0.00768421
0.101684
-0.109316
0.0426842
-0.0123158
-0.0843158
0.114684
-0.0593158
0.0116842
0.0966842
-0.104316
0.0696842
-0.0543158
-0.0653158
0.101684
-0.0853158
0.0316842
0.0816842
-0.102316
0.0686842
-0.0513158
-0.0683158
0.0966842
-0.0983158
0.0516842
0.0696842
-0.0853158
0.0916842
-0.0623158
-0.0493158
0.0876842
-0.109316
0.0726842
0.0496842
-0.0753158
0.0966842
-0.0823158
-0.0403158
0.0776842
-0.109316
0.0696842
0.0416842
-0.0733158
0.103684
-0.0823158
-0.0373158
0.0806842
-0.101316
0.0626842
0.0526842
-0.0763158
0.0956842
-0.0803158
-0.0323158
0.0756842
-0.108316
0.0706842
0.0416842
-0.0753158
0.0986842
-0.0883158
-0.0193158
0.0806842
-0.106316
0.0596842
0.0406842
-0.0933158
0.106684
-0.0883158
-0.0273158
0.0646842
-0.112316
0.0896842
0.0296842
