-0.60324
0.114122
-0.0124421
0.116558
-0.102442
-0.0194421
0.0505579
-0.120442
0.106558
0.00755789
-0.0374421
0.115558
-0.109442
-0.00844211
0.0695579
-0.116442
0.0965579
0.0105579
-0.0524421
0.108558
-0.109442
-0.00744211
0.0595579
-0.114442
0.103558
0.0175579
-0.0464421
0.112558
-0.112442
-0.0104421
0.0575579
-0.118442
0.103558
0.0105579
-0.0444421
0.112558
-0.112442
0.00955789
0.0425579
-0.111442
0.109558
-0.0104421
-0.0184421
0.109558
-0.119442
0.0265579
0.0485579
-0.108442
0.0955579
-0.00744211
-0.0314421
0.111558
-0.110442
-0.00144211
0.0535579
-0.113442
0.0955579
0.00755789
-0.0634421
0.106558
-0.121442
0.00355789
0.0455579
-0.112442
0.101558
-0.00844211
-0.0214421
0.109558
-0.117442
0.0445579
0.0205579
-0.110442
0.110558
-0.0314421
0.000557895
0.104558
-0.114442
0.0415579
-0.0164421
-0.0984421
0.114558
-0.0624421
0.0175579
0.0955579
-0.112442
0.0625579
-0.0304421
-0.0864421
0.112558
-0.0734421
0.0345579
0.0905579
-0.0994421
0.0665579
-0.0434421
-0.0754421
0.104558
-0.0834421
0.0335579
0.0785579
-0.100442
0.0785579
-0.0414421
-0.0804421
0.109558
-0.0814421
0.0255579
0.0895579
-0.100442
0.0695579
-0.0384421
-0.0764421
0.104558
-0.0844421
0.0315579
0.0835579
-0.100442
0.0825579
-0.0474421
-0.0654421
0.113558
-0.0834421
0.00855789
0.0645579
-0.0944421
0.0765579
-0.0564421
-0.0724421
0.107558
-0.0894421
