-0.754056
0.110733
-0.0137368
0.115263
-0.0927368
-0.0257368
0.0602632
-0.114737
0.0982632
0.0112632
-0.0417368
0.109263
-0.105737
-0.0137368
0.0702632
-0.112737
0.0922632
0.00926316
-0.0487368
0.111263
-0.104737
-0.00673684
0.0522632
-0.109737
0.0942632
0.0192632
-0.0447368
0.108263
-0.108737
-0.0137368
0.0612632
-0.110737
0.0992632
0.0132632
-0.0537368
0.110263
-0.107737
0.00226316
0.0512632
-0.114737
0.103263
-0.000736842
-0.0307368
0.109263
-0.109737
0.0152632
0.0602632
-0.113737
0.0892632
0.00626316
-0.0467368
0.106263
-0.0947368
-0.0127368
0.0692632
-0.115737
0.0882632
0.0262632
-0.0717368
0.102263
-0.111737
-0.0137368
0.0622632
-0.116737
0.0942632
0.00726316
-0.0357368
0.108263
-0.113737
0.0302632
0.0292632
-0.110737
0.102263
-0.0177368
-0.0107368
0.107263
-0.112737
0.0322632
0.000263158
-0.0997368
0.106263
-0.0467368
0.00126316
0.0992632
-0.111737
0.0492632
-0.0157368
-0.0917368
0.109263
-0.0627368
0.0142632
0.0952632
-0.108737
0.0532632
-0.0177368
-0.0817368
0.108263
-0.0667368
0.0212632
0.0952632
-0.102737
0.0592632
-0.0197368
-0.0877368
0.107263
-0.0707368
0.0182632
0.0922632
-0.102737
0.0592632
-0.0257368
-0.0857368
0.105263
-0.0697368
0.0162632
0.0932632
-0.105737
0.0692632
-0.0357368
-0.0757368
0.112263
-0.0737368
-0.0107368
0.0732632
-0.0977368
0.0662632
-0.0477368
-0.0827368
0.113263
-0.0827368
