-0.452428
0.11338
-0.0248421
0.113158
-0.0908421
-0.0338421
0.0601579
-0.116842
0.0971579
0.0231579
-0.0518421
0.115158
-0.107842
-0.0178421
0.0781579
-0.118842
0.0941579
0.0191579
-0.0558421
0.108158
-0.105842
-0.0128421
0.0621579
-0.115842
0.0871579
0.0271579
-0.0508421
0.115158
-0.110842
-0.0228421
0.0651579
-0.117842
0.101158
0.0231579
-0.0528421
0.113158
-0.103842
-0.00584211
0.0581579
-0.114842
0.102158
0.00615789
-0.0388421
0.110158
-0.111842
0.00915789
0.0721579
-0.114842
0.0831579
0.0121579
-0.0548421
0.108158
-0.0998421
-0.0148421
0.0731579
-0.111842
0.0891579
0.0311579
-0.0748421
0.0971579
-0.107842
-0.0168421
0.0701579
-0.112842
0.0911579
0.0171579
-0.0498421
0.107158
-0.114842
0.0231579
0.0411579
-0.112842
0.103158
-0.00784211
-0.0178421
0.103158
-0.113842
0.0201579
0.0101579
-0.103842
0.108158
-0.0338421
-0.0108421
0.100158
-0.111842
0.0411579
-0.00284211
-0.0918421
0.110158
-0.0538421
0.0111579
0.100158
-0.106842
0.0481579
-0.0188421
-0.0888421
0.110158
-0.0628421
0.0181579
0.0921579
-0.111842
0.0561579
-0.0148421
-0.0938421
0.113158
-0.0598421
0.0161579
0.0981579
-0.110842
0.0541579
-0.0198421
-0.0878421
0.106158
-0.0698421
0.0161579
0.0981579
-0.105842
0.0681579
-0.0278421
-0.0748421
0.113158
-0.0678421
-0.0158421
0.0781579
-0.107842
0.0631579
-0.0408421
-0.0878421
0.112158
-0.0818421
