1.05571
0.115752
0.120474
-0.0405263
-0.0625263
0.112474
-0.111526
0.0114737
0.0404737
-0.117526
0.116474
-0.0115263
-0.0395263
0.117474
-0.107526
-0.000526316
0.0524737
-0.114526
0.108474
0.000473684
-0.0405263
0.115474
-0.112526
0.00447368
0.0474737
-0.113526
0.111474
-0.00352632
-0.0325263
0.118474
-0.111526
0.00247368
0.0394737
-0.118526
0.107474
-0.00752632
-0.0345263
0.116474
-0.110526
0.0104737
0.0194737
-0.113526
0.114474
-0.0275263
-0.0175263
0.114474
-0.116526
0.0154737
0.0644737
-0.112526
0.111474
0.00247368
-0.0385263
0.118474
-0.112526
-0.000526316
0.0484737
-0.116526
0.104474
0.0134737
-0.0335263
0.113474
-0.104526
0.000473684
0.0414737
-0.114526
0.112474
-0.0245263
-0.00152632
0.110474
-0.111526
0.0364737
0.0144737
-0.102526
0.121474
-0.0505263
0.00347368
0.108474
-0.110526
0.0584737
-0.0155263
-0.0985263
0.114474
-0.0705263
0.0184737
0.0994737
-0.105526
0.0734737
-0.0405263
-0.0815263
0.112474
-0.0835263
0.0344737
0.0934737
-0.103526
0.0854737
-0.0395263
-0.0745263
0.109474
-0.0875263
0.0394737
0.0854737
-0.0995263
0.0734737
-0.0435263
-0.0735263
0.114474
-0.0905263
0.0404737
0.0834737
-0.102526
0.0854737
-0.0455263
-0.0735263
0.105474
-0.0915263
0.0474737
0.0684737
-0.100526
0.0874737
-0.0425263
-0.0635263
0.112474
-0.104526
0.0534737
0.0774737
-0.0895263
0.0884737
-0.0655263
-0.0705263
