-0.60324
0.109527
-0.0106421
0.109358
-0.0946421
-0.0146421
0.0463579
-0.115642
0.107358
0.00435789
-0.0366421
0.113358
-0.106642
-0.00564211
0.0603579
-0.113642
0.0973579
0.00235789
-0.0426421
0.102358
-0.108642
-0.000642105
0.0463579
-0.116642
0.0973579
0.00535789
-0.0416421
0.107358
-0.109642
-0.00664211
0.0493579
-0.108642
0.102358
0.00535789
-0.0426421
0.109358
-0.106642
0.00835789
0.0413579
-0.110642
0.105358
-0.0126421
-0.0246421
0.107358
-0.109642
0.0173579
0.0563579
-0.106642
0.0883579
-0.000642105
-0.0416421
0.107358
-0.0986421
-0.00664211
0.0573579
-0.112642
0.0903579
0.0113579
-0.0606421
0.108358
-0.104642
0.00135789
0.0543579
-0.106642
0.100358
-0.00464211
-0.0316421
0.108358
-0.110642
0.0373579
0.0213579
-0.100642
0.108358
-0.0286421
-0.0146421
0.0993579
-0.107642
0.0333579
-0.00764211
-0.0886421
0.110358
-0.0506421
0.00235789
0.0973579
-0.106642
0.0493579
-0.0136421
-0.0846421
0.105358
-0.0666421
0.0213579
0.0933579
-0.107642
0.0553579
-0.0296421
-0.0786421
0.107358
-0.0706421
0.0213579
0.0893579
-0.102642
0.0613579
-0.0216421
-0.0826421
0.106358
-0.0656421
0.0143579
0.0903579
-0.108642
0.0563579
-0.0186421
-0.0836421
0.105358
-0.0666421
0.00735789
0.0913579
-0.0996421
0.0673579
-0.0266421
-0.0756421
0.110358
-0.0646421
-0.0126421
0.0753579
-0.100642
0.0633579
-0.0416421
-0.0806421
0.111358
-0.0796421
