-0.301617
0.111899
0.0305895
0.0985895
-0.117411
0.0215895
0.000589474
-0.106411
0.116589
-0.0394105
-0.00341053
0.111589
-0.112411
0.0285895
0.0255895
-0.111411
0.113589
-0.0324105
-0.0114105
0.112589
-0.112411
0.0315895
0.0135895
-0.108411
0.111589
-0.0294105
-0.00941053
0.112589
-0.112411
0.0205895
0.0185895
-0.111411
0.112589
-0.0264105
-0.0174105
0.113589
-0.112411
0.0395895
0.00658947
-0.106411
0.110589
-0.0454105
0.00958947
0.104589
-0.109411
0.0525895
0.0165895
-0.107411
0.104589
-0.0324105
-0.00741053
0.112589
-0.109411
0.0265895
0.0245895
-0.111411
0.106589
-0.0244105
-0.0344105
0.107589
-0.116411
0.0305895
0.0215895
-0.104411
0.108589
-0.0344105
-0.00441053
0.104589
-0.106411
0.0675895
-0.00941053
-0.0924105
0.114589
-0.0624105
0.0295895
0.0875895
-0.103411
0.0665895
-0.0474105
-0.0714105
0.105589
-0.0834105
0.0375895
0.0775895
-0.0984105
0.0785895
-0.0534105
-0.0634105
0.0985895
-0.0944105
0.0505895
0.0695895
-0.0904105
0.0775895
-0.0594105
-0.0544105
0.0965895
-0.0984105
0.0585895
0.0625895
-0.0884105
0.0875895
-0.0634105
-0.0624105
0.0975895
-0.0944105
0.0505895
0.0675895
-0.0874105
0.0855895
-0.0574105
-0.0614105
0.0935895
-0.0944105
0.0525895
0.0645895
-0.0854105
0.0905895
-0.0714105
-0.0514105
0.101589
-0.0994105
0.0275895
0.0425895
-0.0804105
0.0915895
-0.0774105
-0.0514105
0.0895895
-0.110411
