-1.35753
0.113734
-0.0800526
0.102947
-0.0290526
-0.0890526
0.111947
-0.0960526
0.0469474
0.0819474
-0.0970526
0.0869474
-0.0560526
-0.0800526
0.111947
-0.0940526
0.0359474
0.0849474
-0.0960526
0.0829474
-0.0610526
-0.0740526
0.104947
-0.0880526
0.0409474
0.0839474
-0.0960526
0.0859474
-0.0660526
-0.0740526
0.105947
-0.0920526
0.0489474
0.0789474
-0.0930526
0.0859474
-0.0680526
-0.0600526
0.0959474
-0.0980526
0.0649474
0.0609474
-0.0810526
0.0959474
-0.0810526
-0.0420526
0.103947
-0.0970526
0.0339474
0.0679474
-0.0930526
0.0789474
-0.0540526
-0.0690526
0.106947
-0.0920526
0.0389474
0.0769474
-0.108053
0.0729474
-0.0590526
-0.0630526
0.113947
-0.0890526
0.0399474
0.0729474
-0.0850526
0.0959474
-0.0880526
-0.0300526
0.0859474
-0.110053
0.0659474
0.0469474
-0.0710526
0.0959474
-0.0880526
-0.0250526
0.0749474
-0.116053
0.0839474
0.0259474
-0.0540526
0.106947
-0.0990526
-0.0110526
0.0519474
-0.114053
0.0969474
0.00794737
-0.0460526
0.110947
-0.104053
-0.00305263
0.0439474
-0.113053
0.0989474
-0.00605263
-0.0410526
0.110947
-0.104053
-0.00105263
0.0459474
-0.109053
0.0949474
-0.00405263
-0.0450526
0.112947
-0.102053
0.00194737
0.0439474
-0.114053
0.0989474
-0.00605263
-0.0440526
0.107947
-0.107053
0.0139474
0.0439474
-0.115053
0.0929474
-0.0100526
-0.0740526
0.109947
-0.106053
0.00594737
0.0269474
-0.118053
0.111947
-0.0190526
