3.41808
0.115919
-0.0862211
-0.0442211
0.117779
-0.0812211
0.0437789
0.0807789
-0.104221
0.0777789
-0.0612211
-0.0732211
0.118779
-0.0852211
0.0307789
0.0887789
-0.108221
0.0807789
-0.0452211
-0.0832211
0.110779
-0.0912211
0.0417789
0.0897789
-0.109221
0.0707789
-0.0632211
-0.0722211
0.109779
-0.0822211
0.0407789
0.0867789
-0.0992211
0.0777789
-0.0542211
-0.0702211
0.104779
-0.101221
0.0537789
0.0717789
-0.0922211
0.0877789
-0.0762211
-0.0532211
0.0957789
-0.109221
0.0517789
0.0737789
-0.111221
0.0877789
-0.0512211
-0.0782211
0.106779
-0.0932211
0.0437789
0.0867789
-0.109221
0.0737789
-0.0322211
-0.0862211
0.106779
-0.0852211
0.0477789
0.0767789
-0.0972211
0.0827789
-0.0652211
-0.0462211
0.0837789
-0.111221
0.0717789
0.0567789
-0.0862211
0.0997789
-0.0962211
-0.0382211
0.0827789
-0.112221
0.0887789
0.0197789
-0.0682211
0.103779
-0.103221
-0.0122211
0.0707789
-0.112221
0.104779
0.00277895
-0.0442211
0.109779
-0.111221
0.000778947
0.0547789
-0.114221
0.102779
-0.0142211
-0.0442211
0.109779
-0.112221
0.00777895
0.0497789
-0.114221
0.102779
0.00277895
-0.0432211
0.111779
-0.114221
0.00377895
0.0467789
-0.116221
0.0997789
-0.00622105
-0.0372211
0.109779
-0.114221
0.00577895
0.0417789
-0.111221
0.0997789
-0.0152211
-0.0482211
0.108779
-0.0992211
0.0307789
0.0397789
-0.110221
0.107779
-0.0122211
-0.0312211
0.119779
