2.96565
0.104972
-0.0404
-0.0744
0.1026
-0.0254
-0.0004
0.0996
-0.1084
0.0356
-0.0054
-0.0994
0.1046
-0.0314
-0.0184
0.1056
-0.1084
0.0376
0.0116
-0.0984
0.1076
-0.0394
-0.0004
0.1046
-0.1114
0.0296
0.0026
-0.0934
0.1066
-0.0364
-0.0014
0.1026
-0.1044
0.0346
0.0006
-0.0924
0.1096
-0.0484
0.0106
0.0996
-0.1034
0.0506
-0.0224
-0.0864
0.1116
-0.0664
-0.0014
0.0956
-0.1084
0.0466
-0.0054
-0.0964
0.1056
-0.0444
-0.0064
0.1066
-0.1084
0.0346
0.0236
-0.1054
0.1036
-0.0464
-0.0074
0.0956
-0.1034
0.0376
-0.0084
-0.0844
0.1036
-0.0764
0.0216
0.0876
-0.1014
0.0616
-0.0454
-0.0704
0.0976
-0.0834
0.0436
0.0706
-0.0934
0.0776
-0.0574
-0.0554
0.0946
-0.0964
0.0606
0.0516
-0.0804
0.0846
-0.0714
-0.0484
0.0906
-0.0954
0.0646
0.0456
-0.0824
0.0866
-0.0694
-0.0414
0.0856
-0.0954
0.0566
0.0516
-0.0824
0.0846
-0.0734
-0.0404
0.0826
-0.0984
0.0606
0.0466
-0.0714
0.0906
-0.0714
-0.0414
0.0796
-0.1034
0.0636
0.0446
-0.0844
0.0886
-0.0504
-0.0194
0.0716
-0.0984
0.0756
0.0436
-0.0714
0.1006
