1.65787
0.110946
0.0976421
-0.101358
0.0116421
0.106642
-0.102358
0.0796421
-0.0383579
-0.0863579
0.109642
-0.0833579
0.0246421
0.0986421
-0.102358
0.0666421
-0.0303579
-0.0863579
0.111642
-0.0703579
0.0206421
0.0946421
-0.100358
0.0636421
-0.0313579
-0.0873579
0.111642
-0.0833579
0.0326421
0.101642
-0.0993579
0.0716421
-0.0423579
-0.0823579
0.108642
-0.0863579
0.0396421
0.0816421
-0.0993579
0.0756421
-0.0523579
-0.0763579
0.0976421
-0.0893579
0.0526421
0.0686421
-0.104358
0.0716421
-0.0133579
-0.0733579
0.111642
-0.0703579
0.0316421
0.0866421
-0.100358
0.0756421
-0.0403579
-0.0753579
0.113642
-0.0763579
0.0396421
0.0816421
-0.100358
0.0726421
-0.0413579
-0.0743579
0.102642
-0.0973579
0.0726421
0.0456421
-0.0843579
0.0976421
-0.0663579
-0.0403579
0.0836421
-0.100358
0.0726421
0.0446421
-0.0653579
0.107642
-0.0903579
-0.0293579
0.0696421
-0.111358
0.0836421
0.0136421
-0.0513579
0.107642
-0.0943579
-0.00635789
0.0586421
-0.106358
0.0916421
0.0116421
-0.0473579
0.111642
-0.100358
0.00264211
0.0506421
-0.108358
0.0896421
0.00364211
-0.0493579
0.111642
-0.0883579
-0.00735789
0.0576421
-0.105358
0.0936421
0.00764211
-0.0493579
0.114642
-0.100358
0.000642105
0.0546421
-0.108358
0.0996421
-0.0183579
-0.0423579
0.112642
-0.0923579
0.00764211
0.0806421
-0.103358
0.0986421
-0.00735789
-0.0303579
0.118642
-0.107358
0.00664211
