-1.05571
0.111289
-0.0445368
0.110463
-0.0705368
-0.0515368
0.0864632
-0.112537
0.0784632
0.0474632
-0.0695368
0.103463
-0.0855368
-0.0435368
0.0954632
-0.109537
0.0704632
0.0464632
-0.0755368
0.0964632
-0.0875368
-0.0395368
0.0794632
-0.108537
0.0684632
0.0544632
-0.0715368
0.104463
-0.0955368
-0.0465368
0.0824632
-0.109537
0.0784632
0.0514632
-0.0695368
0.101463
-0.0925368
-0.0235368
0.0774632
-0.108537
0.0864632
0.0294632
-0.0525368
0.103463
-0.101537
-0.0115368
0.0864632
-0.109537
0.0684632
0.0324632
-0.0675368
0.0974632
-0.0845368
-0.0365368
0.0834632
-0.112537
0.0704632
0.0534632
-0.0865368
0.0894632
-0.100537
-0.0295368
0.0814632
-0.108537
0.0734632
0.0404632
-0.0615368
0.104463
-0.103537
0.00846316
0.0574632
-0.110537
0.0894632
0.00946316
-0.0435368
0.106463
-0.106537
0.00346316
0.0364632
-0.110537
0.0994632
-0.0115368
-0.0255368
0.107463
-0.106537
0.0254632
0.0224632
-0.103537
0.106463
-0.0305368
-0.0115368
0.105463
-0.111537
0.0234632
0.0114632
-0.0985368
0.104463
-0.0435368
-0.00653684
0.106463
-0.107537
0.0354632
0.0134632
-0.107537
0.102463
-0.0425368
-0.00753684
0.101463
-0.110537
0.0364632
0.00646316
-0.0965368
0.104463
-0.0465368
-0.00453684
0.103463
-0.107537
0.0524632
0.00146316
-0.0935368
0.107463
-0.0415368
-0.0385368
0.0934632
-0.104537
0.0424632
-0.0125368
-0.0985368
0.114463
-0.0555368
