-0.452428
0.102819
-0.103726
0.00227368
0.0872737
-0.100726
0.0762737
0.0262737
-0.0687263
0.0972737
-0.0897263
-0.0207263
0.0782737
-0.102726
0.0622737
0.0462737
-0.0737263
0.0952737
-0.0797263
-0.0377263
0.0782737
-0.102726
0.0732737
0.0442737
-0.0727263
0.0892737
-0.0857263
-0.0297263
0.0742737
-0.0987263
0.0612737
0.0462737
-0.0647263
0.0892737
-0.0797263
-0.0317263
0.0742737
-0.0997263
0.0762737
0.0342737
-0.0527263
0.0962737
-0.0917263
-0.0187263
0.0572737
-0.106726
0.0702737
0.0372737
-0.0787263
0.0922737
-0.0757263
-0.0437263
0.0812737
-0.100726
0.0562737
0.0532737
-0.0747263
0.0872737
-0.0577263
-0.0537263
0.0702737
-0.0977263
0.0592737
0.0412737
-0.0717263
0.0892737
-0.0847263
-0.0267263
0.0532737
-0.101726
0.0822737
0.0172737
-0.0527263
0.0992737
-0.0947263
-0.00472632
0.0462737
-0.103726
0.0922737
-0.0137263
-0.0327263
0.102274
-0.0997263
0.0142737
0.0282737
-0.103726
0.0972737
-0.0367263
-0.0127263
0.0982737
-0.0997263
0.0292737
0.0202737
-0.0967263
0.0992737
-0.0447263
-0.00872632
0.0982737
-0.102726
0.0402737
0.00527368
-0.102726
0.0922737
-0.0337263
-0.0157263
0.0952737
-0.103726
0.0312737
0.00727368
-0.0987263
0.0952737
-0.0407263
-0.00772632
0.0982737
-0.102726
0.0362737
0.00527368
-0.0867263
0.104274
-0.0457263
-0.0217263
0.0952737
-0.0977263
0.0562737
0.000273684
-0.0887263
0.104274
-0.0527263
0.00927368
0.104274
