1.63237
0.106798
0.104158
-0.0848421
-0.0128421
0.110158
-0.103842
0.0521579
-0.00784211
-0.0948421
0.112158
-0.0618421
0.00415789
0.101158
-0.108842
0.0441579
0.00315789
-0.0988421
0.107158
-0.0428421
0.00215789
0.100158
-0.105842
0.0451579
-0.00384211
-0.0988421
0.106158
-0.0548421
0.0131579
0.104158
-0.103842
0.0441579
-0.0108421
-0.0938421
0.107158
-0.0618421
0.0111579
0.0941579
-0.104842
0.0511579
-0.0288421
-0.0868421
0.108158
-0.0668421
0.0231579
0.0901579
-0.110842
0.0501579
0.0171579
-0.0868421
0.108158
-0.0408421
-0.00684211
0.0991579
-0.105842
0.0461579
0.00415789
-0.0968421
0.106158
-0.0278421
0.0131579
0.104158
-0.0958421
0.0451579
-0.00184211
-0.0898421
0.106158
-0.0648421
0.0361579
0.0821579
-0.0938421
0.0701579
-0.0228421
-0.0738421
0.100158
-0.0808421
0.0361579
0.0821579
-0.0868421
0.0811579
-0.0588421
-0.0648421
0.0931579
-0.0918421
0.0541579
0.0631579
-0.0788421
0.0931579
-0.0728421
-0.0468421
0.0851579
-0.0978421
0.0641579
0.0511579
-0.0738421
0.0981579
-0.0768421
-0.0378421
0.0781579
-0.101842
0.0621579
0.0431579
-0.0768421
0.0891579
-0.0708421
-0.0368421
0.0821579
-0.0958421
0.0681579
0.0471579
-0.0668421
0.0991579
-0.0788421
-0.0318421
0.0791579
-0.0988421
0.0781579
0.0221579
-0.0678421
0.0991579
-0.0718421
-0.0268421
0.0931579
-0.103842
0.0781579
0.0331579
-0.0538421
0.107158
-0.0988421
-0.0218421
