1.6832
0.112746
0.108821
-0.0881789
-0.0141789
0.114821
-0.110179
0.0578211
-0.0131789
-0.0951789
0.116821
-0.0661789
0.00482105
0.109821
-0.109179
0.0498211
-0.00317895
-0.0971789
0.112821
-0.0491789
0.00682105
0.106821
-0.110179
0.0428211
-0.00517895
-0.0981789
0.115821
-0.0611789
0.0138211
0.110821
-0.112179
0.0488211
-0.0161789
-0.0951789
0.114821
-0.0621789
0.0178211
0.0968211
-0.103179
0.0548211
-0.0311789
-0.0871789
0.107821
-0.0751789
0.0228211
0.0908211
-0.109179
0.0538211
0.0138211
-0.0961789
0.115821
-0.0451789
0.00182105
0.107821
-0.111179
0.0398211
0.00882105
-0.0981789
0.115821
-0.0411789
0.0118211
0.0978211
-0.107179
0.0528211
0.00382105
-0.0981789
0.114821
-0.0701789
0.0318211
0.0878211
-0.103179
0.0668211
-0.0271789
-0.0791789
0.104821
-0.0801789
0.0398211
0.0818211
-0.0891789
0.0838211
-0.0491789
-0.0701789
0.100821
-0.0971789
0.0468211
0.0668211
-0.0851789
0.0998211
-0.0801789
-0.0481789
0.0948211
-0.0981789
0.0608211
0.0588211
-0.0761789
0.0998211
-0.0781789
-0.0411789
0.0838211
-0.104179
0.0668211
0.0528211
-0.0781789
0.0958211
-0.0701789
-0.0421789
0.0898211
-0.106179
0.0688211
0.0488211
-0.0731789
0.0998211
-0.0821789
-0.0361789
0.0838211
-0.104179
0.0768211
0.0318211
-0.0711789
0.106821
-0.0691789
-0.0321789
0.108821
-0.109179
0.0798211
0.0378211
-0.0621789
0.106821
-0.0921789
-0.0281789
