3.7197
0.10567
-0.102526
-0.0115263
0.101474
-0.0925263
0.0674737
0.0444737
-0.0745263
0.0924737
-0.0865263
-0.0285263
0.0894737
-0.0995263
0.0574737
0.0544737
-0.0755263
0.0904737
-0.0715263
-0.0455263
0.0834737
-0.100526
0.0684737
0.0484737
-0.0785263
0.0874737
-0.0845263
-0.0315263
0.0784737
-0.0975263
0.0624737
0.0454737
-0.0675263
0.0924737
-0.0845263
-0.0305263
0.0754737
-0.105526
0.0764737
0.0334737
-0.0535263
0.0954737
-0.0945263
-0.0125263
0.0554737
-0.108526
0.0724737
0.0344737
-0.0805263
0.0944737
-0.0895263
-0.0415263
0.0824737
-0.105526
0.0614737
0.0464737
-0.0745263
0.0934737
-0.0615263
-0.0435263
0.0734737
-0.104526
0.0574737
0.0414737
-0.0715263
0.0904737
-0.0855263
-0.0215263
0.0514737
-0.106526
0.0904737
0.0104737
-0.0515263
0.0994737
-0.102526
0.000473684
0.0464737
-0.105526
0.0944737
-0.0205263
-0.0325263
0.0984737
-0.106526
0.0214737
0.0314737
-0.105526
0.100474
-0.0375263
-0.0155263
0.104474
-0.104526
0.0314737
0.0194737
-0.0985263
0.106474
-0.0455263
-0.00752632
0.0994737
-0.101526
0.0334737
0.0134737
-0.100526
0.0994737
-0.0315263
-0.0155263
0.101474
-0.105526
0.0314737
0.00947368
-0.0995263
0.101474
-0.0395263
-0.0115263
0.0984737
-0.105526
0.0264737
0.00547368
-0.0925263
0.100474
-0.0465263
-0.0225263
0.0964737
-0.101526
0.0504737
0.00647368
-0.0935263
0.104474
-0.0495263
0.000473684
0.102474
