0.904879
0.108245
0.107379
-0.0166211
-0.0756211
0.104379
-0.102621
-0.00262105
0.0643789
-0.112621
0.0963789
0.0103789
-0.0556211
0.106379
-0.0926211
-0.0166211
0.0723789
-0.109621
0.0893789
0.0233789
-0.0536211
0.103379
-0.100621
-0.0186211
0.0693789
-0.112621
0.0903789
0.0133789
-0.0456211
0.107379
-0.100621
-0.0146211
0.0543789
-0.112621
0.0943789
0.0113789
-0.0446211
0.109379
-0.105621
-0.00162105
0.0433789
-0.112621
0.100379
-0.0106211
-0.0296211
0.111379
-0.105621
-0.00262105
0.0683789
-0.111621
0.0923789
0.0153789
-0.0556211
0.107379
-0.0956211
-0.0116211
0.0643789
-0.103621
0.0883789
0.0313789
-0.0366211
0.110379
-0.0886211
-0.00562105
0.0563789
-0.111621
0.100379
-0.00962105
-0.0156211
0.106379
-0.103621
0.0183789
0.0423789
-0.106621
0.100379
-0.0236211
-0.0156211
0.109379
-0.100621
0.0403789
0.0103789
-0.0986211
0.105379
-0.0476211
-0.00262105
0.100379
-0.106621
0.0543789
-0.0136211
-0.0876211
0.108379
-0.0616211
0.00537895
0.0983789
-0.102621
0.0573789
-0.0126211
-0.0816211
0.106379
-0.0666211
0.00537895
0.100379
-0.100621
0.0513789
-0.00162105
-0.0846211
0.106379
-0.0576211
0.0163789
0.0923789
-0.103621
0.0553789
-0.00962105
-0.0826211
0.102379
-0.0616211
0.0213789
0.0863789
-0.102621
0.0603789
0.000378947
-0.0816211
0.107379
-0.0846211
0.0203789
0.0903789
-0.0946211
0.0633789
-0.0316211
-0.0896211
