-0.904879
0.109012
-0.0343053
0.109695
-0.0813053
-0.0463053
0.0766947
-0.112305
0.0866947
0.0336947
-0.0643053
0.103695
-0.0923053
-0.0343053
0.0856947
-0.107305
0.0796947
0.0336947
-0.0683053
0.0986947
-0.0903053
-0.0313053
0.0726947
-0.107305
0.0836947
0.0346947
-0.0583053
0.102695
-0.0913053
-0.0323053
0.0726947
-0.110305
0.0856947
0.0306947
-0.0663053
0.106695
-0.101305
-0.0153053
0.0586947
-0.111305
0.0966947
0.0116947
-0.0443053
0.105695
-0.100305
-0.00430526
0.0736947
-0.110305
0.0716947
0.0226947
-0.0623053
0.0986947
-0.0903053
-0.0263053
0.0756947
-0.107305
0.0816947
0.0386947
-0.0733053
0.102695
-0.0923053
-0.0213053
0.0756947
-0.106305
0.0846947
0.0226947
-0.0463053
0.106695
-0.107305
0.00969474
0.0476947
-0.107305
0.0926947
0.00369474
-0.0333053
0.102695
-0.108305
0.0126947
0.0196947
-0.101305
0.103695
-0.0293053
-0.0133053
0.104695
-0.107305
0.0316947
0.00369474
-0.0953053
0.107695
-0.0463053
0.00169474
0.0996947
-0.107305
0.0436947
-0.0133053
-0.0883053
0.107695
-0.0543053
0.00469474
0.101695
-0.103305
0.0436947
-0.00430526
-0.0953053
0.112695
-0.0513053
0.00269474
0.0996947
-0.105305
0.0426947
-0.00830526
-0.0913053
0.102695
-0.0523053
0.00369474
0.0956947
-0.102305
0.0556947
-0.00930526
-0.0853053
0.108695
-0.0533053
-0.0263053
0.0806947
-0.100305
0.0466947
-0.0263053
-0.0873053
0.113695
-0.0633053
