3.82024
0.117276
-0.116684
0.00131579
0.103316
-0.119684
0.0863158
0.0363158
-0.0766842
0.106316
-0.0986842
-0.0226842
0.0833158
-0.115684
0.0723158
0.0433158
-0.0796842
0.108316
-0.0906842
-0.0376842
0.0883158
-0.118684
0.0833158
0.0443158
-0.0796842
0.102316
-0.0936842
-0.0336842
0.0823158
-0.114684
0.0833158
0.0453158
-0.0706842
0.102316
-0.0916842
-0.0316842
0.0713158
-0.120684
0.0903158
0.0253158
-0.0556842
0.113316
-0.109684
-0.0106842
0.0583158
-0.121684
0.0843158
0.0303158
-0.0856842
0.107316
-0.0906842
-0.0426842
0.0893158
-0.116684
0.0753158
0.0493158
-0.0786842
0.100316
-0.0846842
-0.0536842
0.0813158
-0.112684
0.0813158
0.0413158
-0.0716842
0.109316
-0.0956842
-0.0136842
0.0503158
-0.123684
0.0913158
0.00931579
-0.0546842
0.110316
-0.112684
-0.00368421
0.0503158
-0.116684
0.107316
-0.0236842
-0.0336842
0.115316
-0.112684
0.0243158
0.0333158
-0.110684
0.109316
-0.0456842
-0.0116842
0.113316
-0.113684
0.0403158
0.0183158
-0.105684
0.112316
-0.0536842
-0.0136842
0.111316
-0.116684
0.0423158
0.0123158
-0.105684
0.112316
-0.0386842
-0.0166842
0.111316
-0.119684
0.0363158
0.00931579
-0.106684
0.111316
-0.0516842
-0.00668421
0.106316
-0.112684
0.0393158
-0.000684211
-0.0956842
0.112316
-0.0586842
-0.0156842
0.102316
-0.117684
0.0673158
-0.00868421
-0.100684
0.111316
-0.0616842
0.00431579
0.110316
