3.26727
0.115432
-0.0787474
-0.0547474
0.122253
-0.0697474
0.0362526
0.0882526
-0.109747
0.0712526
-0.0517474
-0.0767474
0.117253
-0.0807474
0.0192526
0.0982526
-0.111747
0.0702526
-0.0297474
-0.0917474
0.114253
-0.0797474
0.0312526
0.0902526
-0.110747
0.0642526
-0.0397474
-0.0837474
0.114253
-0.0707474
0.0232526
0.0982526
-0.109747
0.0612526
-0.0257474
-0.0847474
0.116253
-0.0877474
0.0312526
0.0922526
-0.103747
0.0722526
-0.0547474
-0.0747474
0.105253
-0.0947474
0.0212526
0.0912526
-0.112747
0.0712526
-0.0337474
-0.0937474
0.117253
-0.0757474
0.0212526
0.102253
-0.113747
0.0522526
-0.00774737
-0.0997474
0.111253
-0.0717474
0.0262526
0.0942526
-0.103747
0.0692526
-0.0437474
-0.0657474
0.0972526
-0.105747
0.0452526
0.0782526
-0.0997474
0.0802526
-0.0707474
-0.0617474
0.0992526
-0.104747
0.0722526
0.0482526
-0.0817474
0.0982526
-0.0837474
-0.0357474
0.0902526
-0.109747
0.0832526
0.0322526
-0.0617474
0.103253
-0.0987474
-0.0217474
0.0792526
-0.114747
0.0852526
0.0142526
-0.0617474
0.110253
-0.100747
-0.0157474
0.0762526
-0.116747
0.0862526
0.0292526
-0.0657474
0.112253
-0.100747
-0.0167474
0.0692526
-0.113747
0.0852526
0.0192526
-0.0577474
0.107253
-0.0957474
-0.0167474
0.0642526
-0.114747
0.0902526
0.0112526
-0.0717474
0.109253
-0.0807474
0.0102526
0.0602526
-0.116747
0.0992526
0.00725263
-0.0517474
0.118253
