1.70846
0.108699
0.0948737
-0.104126
0.00587368
0.0998737
-0.101126
0.0718737
-0.0321263
-0.0771263
0.109874
-0.0811263
0.0278737
0.0868737
-0.106126
0.0658737
-0.0331263
-0.0791263
0.109874
-0.0741263
0.0308737
0.0888737
-0.0991263
0.0628737
-0.0321263
-0.0841263
0.106874
-0.0811263
0.0328737
0.0918737
-0.103126
0.0638737
-0.0401263
-0.0771263
0.104874
-0.0761263
0.0368737
0.0748737
-0.100126
0.0688737
-0.0591263
-0.0711263
0.0938737
-0.0911263
0.0498737
0.0688737
-0.0961263
0.0718737
-0.0151263
-0.0711263
0.108874
-0.0681263
0.0258737
0.0878737
-0.100126
0.0668737
-0.0271263
-0.0791263
0.117874
-0.0621263
0.0408737
0.0888737
-0.0991263
0.0688737
-0.0301263
-0.0771263
0.100874
-0.0901263
0.0638737
0.0498737
-0.0851263
0.0868737
-0.0541263
-0.0491263
0.0918737
-0.0931263
0.0658737
0.0528737
-0.0711263
0.101874
-0.0811263
-0.0341263
0.0788737
-0.101126
0.0778737
0.0308737
-0.0631263
0.102874
-0.0911263
-0.0161263
0.0658737
-0.104126
0.0858737
0.0228737
-0.0511263
0.103874
-0.0891263
-0.0131263
0.0588737
-0.107126
0.0848737
0.0218737
-0.0591263
0.0988737
-0.0881263
-0.0191263
0.0718737
-0.103126
0.0898737
0.0248737
-0.0551263
0.100874
-0.0921263
-0.0151263
0.0668737
-0.107126
0.0928737
0.000873684
-0.0521263
0.100874
-0.0871263
-0.0101263
0.0918737
-0.103126
0.0898737
0.00887368
-0.0381263
0.106874
-0.101126
-0.00412632
