-1.35753
0.110253
-0.0805895
0.0994105
-0.0215895
-0.0855895
0.106411
-0.0925895
0.0454105
0.0854105
-0.0975895
0.0834105
-0.0475895
-0.0735895
0.108411
-0.0885895
0.0374105
0.0834105
-0.100589
0.0724105
-0.0435895
-0.0755895
0.102411
-0.0825895
0.0394105
0.0874105
-0.0975895
0.0774105
-0.0535895
-0.0765895
0.105411
-0.0875895
0.0454105
0.0794105
-0.0955895
0.0844105
-0.0615895
-0.0585895
0.0964105
-0.0925895
0.0644105
0.0634105
-0.0805895
0.0914105
-0.0745895
-0.0505895
0.103411
-0.0925895
0.0324105
0.0724105
-0.0885895
0.0764105
-0.0485895
-0.0675895
0.102411
-0.0875895
0.0384105
0.0784105
-0.102589
0.0624105
-0.0695895
-0.0665895
0.100411
-0.0895895
0.0414105
0.0714105
-0.0845895
0.0934105
-0.0885895
-0.0285895
0.0834105
-0.108589
0.0684105
0.0404105
-0.0585895
0.0984105
-0.0945895
-0.0295895
0.0644105
-0.110589
0.0864105
0.0244105
-0.0505895
0.103411
-0.102589
-0.00258947
0.0444105
-0.112589
0.0964105
-0.000589474
-0.0345895
0.108411
-0.104589
0.00941053
0.0334105
-0.107589
0.0944105
-0.0155895
-0.0245895
0.107411
-0.107589
0.0164105
0.0314105
-0.109589
0.0984105
-0.00958947
-0.0305895
0.100411
-0.108589
0.0144105
0.0304105
-0.107589
0.0994105
-0.0155895
-0.0255895
0.104411
-0.106589
0.0274105
0.0324105
-0.108589
0.0944105
-0.0185895
-0.0595895
0.100411
-0.103589
0.0214105
0.0174105
-0.111589
0.105411
-0.0345895
