1.63237
0.112027
0.106663
-0.0973368
-0.00633684
0.115663
-0.109337
0.0626632
-0.0213368
-0.0913368
0.114663
-0.0733368
0.0146632
0.101663
-0.104337
0.0526632
-0.00733684
-0.0943368
0.113663
-0.0563368
0.0106632
0.102663
-0.105337
0.0526632
-0.0143368
-0.0953368
0.112663
-0.0663368
0.0216632
0.106663
-0.108337
0.0556632
-0.0243368
-0.0933368
0.114663
-0.0703368
0.0246632
0.0906632
-0.104337
0.0636632
-0.0373368
-0.0833368
0.109663
-0.0783368
0.0326632
0.0856632
-0.109337
0.0606632
0.000663158
-0.0853368
0.111663
-0.0533368
0.0126632
0.104663
-0.109337
0.0546632
-0.0113368
-0.0983368
0.120663
-0.0593368
0.0176632
0.0916632
-0.103337
0.0596632
-0.0193368
-0.0873368
0.112663
-0.0813368
0.0486632
0.0706632
-0.0923368
0.0816632
-0.0443368
-0.0663368
0.104663
-0.0953368
0.0536632
0.0656632
-0.0783368
0.0976632
-0.0693368
-0.0573368
0.0916632
-0.107337
0.0616632
0.0486632
-0.0723368
0.101663
-0.0893368
-0.0353368
0.0836632
-0.104337
0.0806632
0.0416632
-0.0663368
0.107663
-0.0853368
-0.0233368
0.0726632
-0.111337
0.0786632
0.0296632
-0.0723368
0.0976632
-0.0833368
-0.0303368
0.0826632
-0.104337
0.0786632
0.0366632
-0.0643368
0.108663
-0.0783368
-0.0273368
0.0796632
-0.107337
0.0826632
0.0196632
-0.0673368
0.105663
-0.0763368
-0.0283368
0.107663
-0.109337
0.0846632
0.0336632
-0.0603368
0.117663
-0.0973368
-0.0223368
