4.12189
0.110438
-0.119905
0.0360947
0.0710947
-0.116905
0.101095
-0.00890526
-0.0379053
0.108095
-0.111905
0.0100947
0.0520947
-0.114905
0.0980947
0.00509474
-0.0499053
0.105095
-0.102905
-0.00590526
0.0560947
-0.118905
0.100095
0.00709474
-0.0459053
0.106095
-0.106905
9.47368e-05
0.0500947
-0.113905
0.0960947
0.00509474
-0.0429053
0.109095
-0.104905
0.00309474
0.0460947
-0.112905
0.0980947
9.47368e-05
-0.0339053
0.106095
-0.107905
0.0140947
0.0320947
-0.115905
0.0910947
0.00209474
-0.0679053
0.107095
-0.106905
-0.0109053
0.0610947
-0.113905
0.0930947
0.0100947
-0.0529053
0.105095
-0.0919053
-0.0199053
0.0440947
-0.110905
0.0890947
0.00809474
-0.0499053
0.104095
-0.108905
0.0130947
0.0190947
-0.105905
0.104095
-0.0229053
-0.0199053
0.106095
-0.109905
0.0290947
0.00709474
-0.0979053
0.108095
-0.0549053
9.47368e-05
0.0980947
-0.108905
0.0470947
-0.00890526
-0.0889053
0.106095
-0.0679053
0.0200947
0.0910947
-0.102905
0.0600947
-0.0189053
-0.0789053
0.106095
-0.0779053
0.0240947
0.0810947
-0.100905
0.0690947
-0.0299053
-0.0799053
0.103095
-0.0749053
0.0150947
0.0850947
-0.104905
0.0640947
-0.0359053
-0.0809053
0.100095
-0.0779053
0.0240947
0.0830947
-0.102905
0.0610947
-0.0419053
-0.0659053
0.107095
-0.0839053
0.0130947
0.0830947
-0.111905
0.0800947
-0.0349053
-0.0779053
0.103095
-0.0869053
0.0360947
0.0860947
