-1.20658
0.110183
-0.0694632
0.106537
-0.0384632
-0.0784632
0.0965368
-0.0994632
0.0545368
0.0705368
-0.0874632
0.0935368
-0.0624632
-0.0664632
0.105537
-0.0944632
0.0495368
0.0725368
-0.0924632
0.0805368
-0.0644632
-0.0554632
0.100537
-0.0964632
0.0465368
0.0745368
-0.0864632
0.0875368
-0.0734632
-0.0664632
0.0945368
-0.0984632
0.0605368
0.0685368
-0.0924632
0.0885368
-0.0694632
-0.0474632
0.0875368
-0.107463
0.0735368
0.0545368
-0.0754632
0.0945368
-0.0874632
-0.0424632
0.101537
-0.0994632
0.0325368
0.0645368
-0.0884632
0.0835368
-0.0484632
-0.0634632
0.102537
-0.0924632
0.0415368
0.0765368
-0.107463
0.0785368
-0.0704632
-0.0594632
0.0985368
-0.0984632
0.0505368
0.0635368
-0.0794632
0.0995368
-0.0894632
-0.0224632
0.0825368
-0.105463
0.0645368
0.0415368
-0.0634632
0.0995368
-0.0944632
-0.0154632
0.0605368
-0.112463
0.0885368
0.0185368
-0.0514632
0.108537
-0.0954632
-0.00146316
0.0475368
-0.110463
0.0965368
0.00253684
-0.0374632
0.105537
-0.105463
0.00453684
0.0405368
-0.111463
0.0985368
-0.00746316
-0.0354632
0.103537
-0.101463
0.00853684
0.0425368
-0.111463
0.0915368
-0.00746316
-0.0394632
0.106537
-0.109463
0.00553684
0.0435368
-0.109463
0.0965368
-0.0114632
-0.0394632
0.106537
-0.108463
0.0225368
0.0395368
-0.107463
0.0925368
-0.0134632
-0.0684632
0.102537
-0.105463
0.0145368
0.0285368
-0.111463
0.106537
-0.0164632
