4.47395
0.112192
-0.115074
0.0619263
0.0459263
-0.116074
0.117926
-0.0460737
-0.0100737
0.108926
-0.119074
0.0419263
0.0189263
-0.110074
0.112926
-0.0330737
-0.0210737
0.108926
-0.118074
0.0229263
0.0179263
-0.109074
0.117926
-0.0290737
-0.0200737
0.107926
-0.119074
0.0329263
0.0129263
-0.116074
0.110926
-0.0290737
-0.0120737
0.107926
-0.114074
0.0339263
0.0109263
-0.105074
0.107926
-0.0400737
0.00592632
0.103926
-0.113074
0.0449263
-0.00907368
-0.0960737
0.112926
-0.0460737
-0.0300737
0.103926
-0.115074
0.0209263
0.0159263
-0.108074
0.108926
-0.0390737
-0.0140737
0.103926
-0.108074
0.0319263
0.00392632
-0.0940737
0.114926
-0.0440737
-0.00707368
0.104926
-0.109074
0.0569263
-0.0400737
-0.0850737
0.109926
-0.0730737
0.0169263
0.0919263
-0.109074
0.0619263
-0.0360737
-0.0830737
0.106926
-0.0900737
0.0369263
0.0849263
-0.0960737
0.0799263
-0.0510737
-0.0580737
0.0949263
-0.0990737
0.0569263
0.0659263
-0.0860737
0.0889263
-0.0670737
-0.0570737
0.0899263
-0.101074
0.0579263
0.0529263
-0.0850737
0.0919263
-0.0650737
-0.0510737
0.0969263
-0.0950737
0.0569263
0.0659263
-0.0860737
0.0889263
-0.0730737
-0.0510737
0.0869263
-0.103074
0.0679263
0.0479263
-0.0840737
0.0959263
-0.0780737
-0.0260737
0.0899263
-0.107074
0.0569263
0.0479263
-0.0990737
0.101926
-0.0770737
-0.0370737
0.0809263
-0.110074
0.0789263
0.0469263
