-0.754056
0.109671
-0.0492842
0.111716
-0.0612842
-0.0572842
0.0847158
-0.106284
0.0787158
0.0437158
-0.0712842
0.102716
-0.0842842
-0.0502842
0.0917158
-0.104284
0.0697158
0.0487158
-0.0792842
0.0937158
-0.0792842
-0.0372842
0.0887158
-0.103284
0.0687158
0.0527158
-0.0772842
0.0947158
-0.0892842
-0.0472842
0.0877158
-0.102284
0.0767158
0.0557158
-0.0782842
0.0947158
-0.0882842
-0.0362842
0.0787158
-0.105284
0.0797158
0.0417158
-0.0672842
0.0997158
-0.0972842
-0.0252842
0.0947158
-0.106284
0.0527158
0.0457158
-0.0802842
0.0867158
-0.0712842
-0.0482842
0.0977158
-0.0982842
0.0567158
0.0647158
-0.0922842
0.0847158
-0.0752842
-0.0422842
0.0937158
-0.101284
0.0637158
0.0487158
-0.0702842
0.0987158
-0.0992842
-0.00828421
0.0657158
-0.107284
0.0837158
0.0257158
-0.0512842
0.100716
-0.100284
-0.00628421
0.0487158
-0.109284
0.0947158
-0.00228421
-0.0392842
0.105716
-0.100284
0.00771579
0.0277158
-0.104284
0.101716
-0.0222842
-0.0202842
0.101716
-0.107284
0.0177158
0.0227158
-0.0992842
0.102716
-0.0292842
-0.0152842
0.107716
-0.106284
0.0297158
0.0187158
-0.102284
0.107716
-0.0282842
-0.0202842
0.0987158
-0.106284
0.0237158
0.0137158
-0.103284
0.102716
-0.0322842
-0.0142842
0.103716
-0.103284
0.0397158
0.00971579
-0.0992842
0.110716
-0.0362842
-0.0382842
0.0957158
-0.106284
0.0417158
-0.00928421
-0.101284
0.114716
-0.0502842
