-0.60324
0.110916
-0.0418211
0.112179
-0.0728211
-0.0478211
0.0761789
-0.117821
0.0831789
0.0371789
-0.0648211
0.105179
-0.0908211
-0.0348211
0.0911789
-0.109821
0.0791789
0.0381789
-0.0698211
0.100179
-0.0938211
-0.0288211
0.0771789
-0.110821
0.0771789
0.0411789
-0.0628211
0.104179
-0.0958211
-0.0378211
0.0801789
-0.107821
0.0871789
0.0461789
-0.0698211
0.102179
-0.0928211
-0.0218211
0.0691789
-0.109821
0.0891789
0.0281789
-0.0518211
0.105179
-0.0998211
-0.00982105
0.0831789
-0.109821
0.0661789
0.0321789
-0.0668211
0.0981789
-0.0848211
-0.0318211
0.0841789
-0.110821
0.0701789
0.0531789
-0.0838211
0.0881789
-0.0938211
-0.0378211
0.0841789
-0.108821
0.0661789
0.0351789
-0.0658211
0.107179
-0.100821
0.00417895
0.0581789
-0.106821
0.0921789
0.0111789
-0.0358211
0.101179
-0.108821
0.00117895
0.0351789
-0.106821
0.102179
-0.0128211
-0.0258211
0.108179
-0.112821
0.0201789
0.0131789
-0.105821
0.109179
-0.0268211
-0.0118211
0.103179
-0.108821
0.0271789
0.0131789
-0.0988211
0.104179
-0.0428211
-0.00582105
0.105179
-0.110821
0.0281789
0.0111789
-0.105821
0.105179
-0.0398211
-0.0118211
0.101179
-0.106821
0.0331789
0.00517895
-0.102821
0.105179
-0.0428211
-0.00682105
0.103179
-0.106821
0.0471789
-0.00282105
-0.0968211
0.111179
-0.0458211
-0.0338211
0.0881789
-0.108821
0.0371789
-0.0118211
-0.101821
0.116179
-0.0558211
