-3.55271e-15
0.116309
0.0551053
0.0831053
-0.120895
0.0501053
-0.0188947
-0.0928947
0.121105
-0.0738947
0.0261053
0.102105
-0.118895
0.0551053
-0.00189474
-0.102895
0.119105
-0.0628947
0.0101053
0.113105
-0.117895
0.0581053
-0.0138947
-0.102895
0.118105
-0.0548947
0.0211053
0.103105
-0.113895
0.0561053
-0.0158947
-0.101895
0.115105
-0.0678947
0.0121053
0.107105
-0.113895
0.0661053
-0.0208947
-0.0918947
0.115105
-0.0728947
0.0361053
0.0921053
-0.108895
0.0741053
-0.0128947
-0.0928947
0.118105
-0.0678947
0.0151053
0.106105
-0.110895
0.0571053
-0.00989474
-0.0988947
0.115105
-0.0558947
-0.00889474
0.111105
-0.117895
0.0561053
-0.00889474
-0.0948947
0.114105
-0.0628947
0.0251053
0.0911053
-0.0988947
0.0901053
-0.0448947
-0.0748947
0.109105
-0.0908947
0.0491053
0.0751053
-0.0948947
0.0881053
-0.0748947
-0.0498947
0.0951053
-0.103895
0.0591053
0.0551053
-0.0858947
0.108105
-0.0878947
-0.0318947
0.0811053
-0.105895
0.0781053
0.0401053
-0.0768947
0.100105
-0.0908947
-0.0158947
0.0841053
-0.113895
0.0891053
0.0281053
-0.0718947
0.112105
-0.0918947
-0.0308947
0.0851053
-0.109895
0.0821053
0.0351053
-0.0698947
0.107105
-0.0908947
-0.0248947
0.0761053
-0.113895
0.0811053
0.0321053
-0.0598947
0.111105
-0.0928947
-0.0168947
0.0911053
-0.108895
0.0611053
0.00610526
-0.0598947
0.108105
-0.100895
-0.0198947
0.0731053
-0.116895
