4.02133
0.117506
-0.125063
0.0189368
0.0909368
-0.117063
0.100937
0.0159368
-0.0610632
0.110937
-0.116063
-0.0110632
0.0699368
-0.120063
0.0929368
0.0249368
-0.0680632
0.112937
-0.105063
-0.0250632
0.0719368
-0.124063
0.0999368
0.0279368
-0.0670632
0.106937
-0.104063
-0.0160632
0.0649368
-0.125063
0.0999368
0.0209368
-0.0550632
0.109937
-0.103063
-0.0150632
0.0589368
-0.123063
0.0989368
0.0129368
-0.0440632
0.113937
-0.116063
0.000936842
0.0389368
-0.120063
0.0969368
0.0169368
-0.0750632
0.113937
-0.111063
-0.0270632
0.0779368
-0.118063
0.0889368
0.0319368
-0.0660632
0.0999368
-0.0960632
-0.0350632
0.0669368
-0.111063
0.0969368
0.0249368
-0.0620632
0.107937
-0.111063
0.0109368
0.0259368
-0.117063
0.105937
-0.0100632
-0.0400632
0.115937
-0.119063
0.00693684
0.0359368
-0.116063
0.117937
-0.0400632
-0.00906316
0.108937
-0.116063
0.0469368
0.00693684
-0.108063
0.111937
-0.0590632
0.0119368
0.107937
-0.119063
0.0539368
-0.00506316
-0.100063
0.112937
-0.0710632
0.00593684
0.102937
-0.116063
0.0589368
-0.0110632
-0.102063
0.111937
-0.0560632
0.000936842
0.102937
-0.115063
0.0489368
-0.0130632
-0.0990632
0.109937
-0.0680632
0.0119368
0.100937
-0.113063
0.0549368
-0.0210632
-0.0850632
0.113937
-0.0720632
-0.00106316
0.0999368
-0.119063
0.0779368
-0.0230632
-0.0920632
0.111937
-0.0800632
0.0229368
0.104937
