2.31213
0.107282
0.0342947
-0.105705
0.0762947
0.0402947
-0.0527053
0.105295
-0.0977053
-0.0147053
0.0582947
-0.112705
0.0842947
0.0262947
-0.0667053
0.105295
-0.0937053
-0.0177053
0.0692947
-0.107705
0.0842947
0.0212947
-0.0457053
0.103295
-0.0967053
-0.0127053
0.0592947
-0.107705
0.0932947
0.0252947
-0.0507053
0.103295
-0.0977053
-0.0127053
0.0632947
-0.110705
0.0912947
0.00629474
-0.0487053
0.107295
-0.101705
-0.00170526
0.0422947
-0.108705
0.0972947
-0.00370526
-0.0577053
0.103295
-0.0857053
-0.00670526
0.0562947
-0.104705
0.0852947
0.0162947
-0.0527053
0.101295
-0.0947053
-0.0197053
0.0812947
-0.106705
0.0852947
0.0162947
-0.0547053
0.0992947
-0.0937053
-0.0107053
0.0522947
-0.108705
0.105295
-0.0277053
-0.0287053
0.108295
-0.104705
0.0212947
0.0132947
-0.100705
0.104295
-0.0377053
0.00129474
0.100295
-0.104705
0.0332947
0.00129474
-0.0947053
0.103295
-0.0627053
0.0102947
0.0942947
-0.0977053
0.0502947
-0.0177053
-0.0857053
0.109295
-0.0637053
0.0212947
0.0882947
-0.101705
0.0672947
-0.0287053
-0.0817053
0.103295
-0.0707053
0.0192947
0.0872947
-0.100705
0.0612947
-0.0257053
-0.0827053
0.102295
-0.0687053
0.0232947
0.0872947
-0.0997053
0.0662947
-0.0237053
-0.0827053
0.101295
-0.0807053
0.0262947
0.0832947
-0.103705
0.0592947
0.00829474
-0.0627053
0.0982947
-0.0747053
0.0332947
0.0892947
-0.100705
0.0732947
