0.60324
0.110945
0.0981474
0.0151474
-0.0928526
0.0901474
-0.0838526
-0.0348526
0.0861474
-0.102853
0.0771474
0.0421474
-0.0808526
0.0951474
-0.0728526
-0.0438526
0.0941474
-0.106853
0.0701474
0.0621474
-0.0768526
0.100147
-0.0828526
-0.0438526
0.0921474
-0.100853
0.0761474
0.0491474
-0.0758526
0.0961474
-0.0808526
-0.0428526
0.0881474
-0.104853
0.0721474
0.0461474
-0.0728526
0.104147
-0.0928526
-0.0328526
0.0701474
-0.111853
0.0921474
0.0281474
-0.0538526
0.108147
-0.0828526
-0.0358526
0.102147
-0.109853
0.0761474
0.0581474
-0.0798526
0.101147
-0.0768526
-0.0478526
0.0941474
-0.101853
0.0541474
0.0601474
-0.0728526
0.0931474
-0.0798526
-0.0368526
0.0831474
-0.110853
0.0791474
0.0301474
-0.0458526
0.113147
-0.0948526
-0.0108526
0.0681474
-0.109853
0.101147
0.00214737
-0.0398526
0.109147
-0.106853
0.0101474
0.0361474
-0.105853
0.102147
-0.0238526
-0.0238526
0.110147
-0.114853
0.0361474
0.0111474
-0.107853
0.113147
-0.0388526
-0.0118526
0.110147
-0.105853
0.0441474
0.0101474
-0.0958526
0.106147
-0.0498526
-0.00585263
0.106147
-0.108853
0.0381474
0.0131474
-0.102853
0.110147
-0.0448526
-0.00985263
0.105147
-0.107853
0.0461474
0.00414737
-0.0948526
0.110147
-0.0528526
0.00714737
0.0981474
-0.105853
0.0491474
0.0121474
-0.0898526
0.102147
-0.0718526
0.00114737
0.100147
-0.103853
0.0561474
-0.0158526
-0.100853
