1.57163
0.24203
0.232968
-0.243032
0.0339684
0.232968
-0.236032
0.121968
-0.0480316
-0.175032
0.260968
-0.181032
0.0269684
0.236968
-0.228032
0.112968
0.0209684
-0.209032
0.243968
-0.0950316
0.0119684
0.241968
-0.236032
0.0639684
0.0409684
-0.215032
0.231968
-0.0700316
-0.0120316
0.246968
-0.234032
0.0679684
0.0539684
-0.215032
0.226968
-0.0600316
-0.0580316
0.248968
-0.231032
0.0319684
0.0489684
-0.218032
0.227968
-0.0690316
-0.0500316
0.247968
-0.231032
0.0109684
0.117968
-0.223032
0.213968
-0.00903158
-0.117032
0.244968
-0.208032
-0.0170316
0.175968
-0.241032
0.151968
0.0799684
-0.157032
0.210968
-0.214032
-0.0270316
0.172968
-0.238032
0.169968
0.0679684
-0.122032
0.228968
-0.216032
-0.0350316
0.140968
-0.233032
0.177968
0.0539684
-0.0800316
0.237968
-0.223032
-0.00203158
0.142968
-0.235032
0.189968
0.0179684
-0.124032
0.215968
-0.206032
-0.0380316
0.186968
-0.234032
0.177968
0.0569684
-0.131032
0.216968
-0.206032
-0.0450316
0.186968
-0.238032
0.145968
0.101968
-0.144032
0.214968
-0.167032
-0.0920316
0.225968
-0.219032
0.142968
0.122968
-0.147032
0.196968
-0.198032
-0.0500316
0.188968
-0.239032
0.164968
0.0759684
-0.104032
0.227968
-0.212032
-0.0180316
0.156968
-0.235032
0.205968
-0.0250316
-0.0710316
0.242968
-0.240032
0.0179684
0.0749684
-0.244032
