1.30719
0.254767
0.266589
-0.221411
-0.0184105
0.268589
-0.262411
0.0755895
0.0375895
-0.228411
0.262589
-0.122411
-0.0284105
0.271589
-0.258411
0.0625895
0.102589
-0.249411
0.232589
-0.0264105
-0.0314105
0.267589
-0.246411
0.0165895
0.120589
-0.253411
0.212589
0.0165895
-0.0664105
0.254589
-0.241411
0.0125895
0.132589
-0.247411
0.210589
0.0145895
-0.102411
0.249589
-0.232411
-0.0184105
0.126589
-0.248411
0.213589
-0.00941053
-0.0914105
0.252589
-0.223411
-0.0254105
0.171589
-0.248411
0.197589
0.0485895
-0.149411
0.241589
-0.193411
-0.0564105
0.210589
-0.252411
0.127589
0.127589
-0.186411
0.204589
-0.203411
-0.0634105
0.209589
-0.248411
0.144589
0.126589
-0.154411
0.224589
-0.200411
-0.0644105
0.178589
-0.253411
0.172589
0.0845895
-0.104411
0.244589
-0.225411
-0.0314105
0.177589
-0.249411
0.182589
0.0575895
-0.147411
0.216589
-0.195411
-0.0614105
0.212589
-0.247411
0.166589
0.0975895
-0.156411
0.214589
-0.203411
-0.0634105
0.205589
-0.248411
0.141589
0.129589
-0.157411
0.216589
-0.162411
-0.102411
0.233589
-0.226411
0.147589
0.135589
-0.148411
0.206589
-0.205411
-0.0564105
0.192589
-0.243411
0.173589
0.0835895
-0.108411
0.239589
-0.218411
-0.0154105
0.161589
-0.246411
0.211589
-0.0184105
-0.0724105
0.252589
-0.253411
0.0305895
0.0785895
-0.256411
