1.20658
0.252816
0.277316
-0.194684
-0.0626842
0.267316
-0.255684
0.0363158
0.0953158
-0.243684
0.243316
-0.0716842
-0.0726842
0.266316
-0.251684
0.0253158
0.165316
-0.256684
0.198316
0.0433158
-0.0776842
0.258316
-0.234684
-0.0246842
0.169316
-0.259684
0.185316
0.0693158
-0.0986842
0.249316
-0.225684
-0.0156842
0.176316
-0.255684
0.183316
0.0683158
-0.138684
0.228316
-0.201684
-0.0526842
0.173316
-0.254684
0.188316
0.0553158
-0.127684
0.238316
-0.201684
-0.0626842
0.216316
-0.251684
0.162316
0.105316
-0.182684
0.220316
-0.151684
-0.0876842
0.236316
-0.238684
0.0903158
0.172316
-0.208684
0.178316
-0.160684
-0.102684
0.237316
-0.232684
0.101316
0.174316
-0.176684
0.199316
-0.171684
-0.0996842
0.212316
-0.246684
0.131316
0.141316
-0.148684
0.217316
-0.193684
-0.0716842
0.217316
-0.241684
0.140316
0.110316
-0.181684
0.188316
-0.160684
-0.0966842
0.234316
-0.230684
0.127316
0.139316
-0.178684
0.183316
-0.167684
-0.0946842
0.231316
-0.231684
0.0983158
0.175316
-0.190684
0.183316
-0.110684
-0.139684
0.248316
-0.198684
0.0963158
0.182316
-0.187684
0.171316
-0.156684
-0.104684
0.230316
-0.224684
0.120316
0.151316
-0.152684
0.211316
-0.177684
-0.0676842
0.207316
-0.241684
0.168316
0.0613158
-0.126684
0.230316
-0.227684
-0.0336842
0.169316
-0.277684
