1.80923
0.240964
0.185621
-0.246379
0.0866211
0.195621
-0.207379
0.165621
-0.130379
-0.122379
0.251621
-0.222379
0.0766211
0.197621
-0.208379
0.158621
-0.0643789
-0.171379
0.259621
-0.165379
0.0696211
0.206621
-0.224379
0.119621
-0.0423789
-0.177379
0.252621
-0.139379
0.0446211
0.225621
-0.226379
0.120621
-0.0403789
-0.177379
0.252621
-0.143379
0.00362105
0.241621
-0.230379
0.0966211
-0.0503789
-0.173379
0.252621
-0.161379
0.0266211
0.237621
-0.232379
0.0836211
0.00562105
-0.178379
0.247621
-0.114379
-0.0433789
0.238621
-0.238379
0.0596211
0.0756211
-0.216379
0.214621
-0.0513789
-0.0863789
0.239621
-0.240379
0.0556211
0.0656211
-0.217379
0.228621
-0.0553789
-0.0373789
0.245621
-0.231379
0.0576211
0.00662105
-0.198379
0.236621
-0.0983789
0.00962105
0.229621
-0.226379
0.0876211
0.0126211
-0.197379
0.237621
-0.115379
-0.0313789
0.243621
-0.228379
0.0596211
0.0676211
-0.211379
0.234621
-0.0813789
-0.0473789
0.245621
-0.232379
0.0516211
0.0586211
-0.206379
0.224621
-0.0503789
-0.0433789
0.242621
-0.229379
0.0216211
0.115621
-0.230379
0.225621
-0.0373789
-0.0413789
0.235621
-0.229379
0.0606211
0.0506211
-0.210379
0.233621
-0.0863789
0.000621053
0.236621
-0.222379
0.0876211
0.00662105
-0.185379
0.242621
-0.159379
0.0356211
0.228621
-0.228379
0.127621
-0.0893789
-0.166379
