3.26727
0.234516
-0.203968
-0.0649684
0.250032
-0.197968
0.0390316
0.209032
-0.206968
0.145032
-0.0999684
-0.139968
0.246032
-0.188968
0.0420316
0.211032
-0.224968
0.0980316
-0.0229684
-0.190968
0.244032
-0.173968
0.00103158
0.237032
-0.221968
0.0830316
-0.00696842
-0.193968
0.242032
-0.150968
-0.00296842
0.234032
-0.221968
0.0900316
-0.0149684
-0.191968
0.232032
-0.116968
-0.0279684
0.234032
-0.226968
0.0930316
-0.0329684
-0.181968
0.243032
-0.142968
-0.0249684
0.235032
-0.233968
0.0880316
0.0120316
-0.199968
0.213032
-0.103968
-0.0699684
0.244032
-0.229968
0.0330316
0.120032
-0.225968
0.185032
-0.0279684
-0.0549684
0.231032
-0.226968
0.0380316
0.0890316
-0.217968
0.218032
-0.0669684
-0.0409684
0.235032
-0.224968
0.0610316
0.0460316
-0.204968
0.231032
-0.111968
-0.0139684
0.229032
-0.225968
0.0620316
0.0120316
-0.197968
0.215032
-0.0599684
-0.0429684
0.233032
-0.219968
0.0450316
0.0370316
-0.203968
0.212032
-0.0479684
-0.0349684
0.233032
-0.220968
0.0510316
0.0770316
-0.214968
0.209032
-0.0499684
-0.0809684
0.228032
-0.219968
-0.000968421
0.0680316
-0.219968
0.207032
-0.0299684
-0.0469684
0.228032
-0.221968
0.0420316
0.0460316
-0.206968
0.228032
-0.0969684
-0.0229684
0.231032
-0.221968
0.0770316
-0.0409684
-0.171968
0.236032
-0.148968
0.0290316
0.238032
-0.227968
0.132032
