-1.20658
0.226647
0.0949158
-0.222084
0.143916
0.110916
-0.159084
0.201916
-0.180084
-0.0580842
0.202916
-0.232084
0.130916
0.125916
-0.157084
0.192916
-0.141084
-0.111084
0.231916
-0.208084
0.124916
0.142916
-0.187084
0.158916
-0.125084
-0.125084
0.233916
-0.184084
0.0979158
0.167916
-0.191084
0.160916
-0.107084
-0.124084
0.234916
-0.186084
0.0589158
0.195916
-0.205084
0.129916
-0.115084
-0.124084
0.229916
-0.194084
0.0669158
0.186916
-0.205084
0.119916
-0.0710842
-0.134084
0.230916
-0.157084
0.00291579
0.208916
-0.220084
0.102916
0.00291579
-0.184084
0.223916
-0.102084
-0.0370842
0.227916
-0.216084
0.0989158
0.000915789
-0.183084
0.225916
-0.104084
0.0119158
0.221916
-0.215084
0.0969158
-0.0510842
-0.168084
0.233916
-0.139084
0.0479158
0.196916
-0.201084
0.120916
-0.0430842
-0.165084
0.227916
-0.149084
0.00291579
0.217916
-0.215084
0.0879158
0.0239158
-0.191084
0.227916
-0.114084
-0.00808421
0.221916
-0.215084
0.0849158
0.00691579
-0.185084
0.212916
-0.0840842
-0.0170842
0.219916
-0.225084
0.0519158
0.0709158
-0.204084
0.219916
-0.0760842
-0.0110842
0.217916
-0.211084
0.0819158
0.00891579
-0.186084
0.218916
-0.119084
0.0289158
0.210916
-0.207084
0.109916
-0.0320842
-0.156084
0.220916
-0.177084
0.0659158
0.191916
-0.200084
0.148916
-0.122084
-0.132084
