1.00543
0.244352
0.263632
-0.154368
-0.0873684
0.253632
-0.239368
0.00263158
0.139632
-0.242368
0.214632
-0.0153684
-0.0973684
0.245632
-0.230368
-0.00736842
0.181632
-0.245368
0.171632
0.0796316
-0.0973684
0.244632
-0.205368
-0.0553684
0.190632
-0.238368
0.159632
0.105632
-0.122368
0.221632
-0.197368
-0.0513684
0.197632
-0.239368
0.152632
0.103632
-0.153368
0.207632
-0.178368
-0.0803684
0.194632
-0.239368
0.160632
0.0896316
-0.144368
0.212632
-0.168368
-0.0873684
0.223632
-0.232368
0.135632
0.124632
-0.187368
0.198632
-0.122368
-0.112368
0.239632
-0.208368
0.0586316
0.190632
-0.219368
0.145632
-0.132368
-0.120368
0.239632
-0.209368
0.0786316
0.189632
-0.192368
0.170632
-0.135368
-0.127368
0.221632
-0.215368
0.0926316
0.175632
-0.167368
0.191632
-0.163368
-0.100368
0.227632
-0.219368
0.109632
0.147632
-0.197368
0.149632
-0.115368
-0.131368
0.241632
-0.201368
0.0956316
0.175632
-0.194368
0.154632
-0.127368
-0.130368
0.236632
-0.205368
0.0656316
0.200632
-0.204368
0.143632
-0.0653684
-0.166368
0.243632
-0.154368
0.0646316
0.204632
-0.202368
0.131632
-0.116368
-0.130368
0.237632
-0.193368
0.0826316
0.176632
-0.173368
0.176632
-0.148368
-0.105368
0.220632
-0.219368
0.138632
0.0986316
-0.148368
0.207632
-0.205368
-0.0713684
0.194632
-0.261368
