0.150808
0.23258
0.145105
0.109105
-0.225895
0.132105
-0.0558947
-0.175895
0.256105
-0.179895
0.0381053
0.210105
-0.229895
0.120105
-0.0508947
-0.184895
0.245105
-0.125895
-0.0238947
0.243105
-0.228895
0.105105
0.0231053
-0.206895
0.238105
-0.100895
-0.0368947
0.239105
-0.231895
0.0751053
0.0331053
-0.203895
0.229105
-0.0988947
-0.0438947
0.238105
-0.228895
0.0451053
0.0821053
-0.219895
0.233105
-0.0928947
-0.0338947
0.238105
-0.235895
0.0541053
0.0841053
-0.218895
0.227105
-0.0808947
-0.0608947
0.234105
-0.220895
0.0271053
0.141105
-0.230895
0.185105
0.000105263
-0.127895
0.222105
-0.196895
-0.0268947
0.136105
-0.216895
0.189105
0.000105263
-0.110895
0.226105
-0.216895
-0.000894737
0.117105
-0.231895
0.208105
-0.00689474
-0.0978947
0.233105
-0.226895
0.0191053
0.0931053
-0.223895
0.200105
-0.0278947
-0.0728947
0.234105
-0.213895
-0.0148947
0.129105
-0.228895
0.180105
0.0171053
-0.0908947
0.224105
-0.209895
-0.0258947
0.123105
-0.226895
0.180105
0.00810526
-0.124895
0.213105
-0.202895
-0.0378947
0.178105
-0.228895
0.146105
0.0931053
-0.126895
0.204105
-0.199895
-0.0458947
0.133105
-0.225895
0.179105
0.0361053
-0.106895
0.222105
-0.213895
0.00310526
0.0961053
-0.221895
0.191105
-0.0388947
-0.0528947
0.222105
-0.229895
0.0381053
0.0511053
-0.222895
0.236105
-0.104895
