0.552969
0.240706
0.224779
-0.0302211
-0.171221
0.212779
-0.190221
-0.0802211
0.223779
-0.249221
0.149779
0.103779
-0.172221
0.207779
-0.180221
-0.0892211
0.245779
-0.221221
0.0897789
0.187779
-0.167221
0.197779
-0.123221
-0.131221
0.243779
-0.209221
0.0747789
0.193779
-0.185221
0.174779
-0.116221
-0.121221
0.238779
-0.212221
0.0787789
0.190779
-0.208221
0.150779
-0.0772211
-0.155221
0.244779
-0.207221
0.0777789
0.186779
-0.203221
0.150779
-0.0662211
-0.162221
0.254779
-0.191221
0.0517789
0.210779
-0.227221
0.130779
0.00277895
-0.186221
0.240779
-0.136221
-0.0272211
0.233779
-0.237221
0.0757789
-0.0162211
-0.187221
0.235779
-0.126221
-0.0132211
0.235779
-0.227221
0.0967789
-0.0122211
-0.192221
0.246779
-0.141221
0.00777895
0.227779
-0.211221
0.129779
-0.0672211
-0.169221
0.241779
-0.152221
0.0277789
0.215779
-0.229221
0.0817789
0.00377895
-0.195221
0.227779
-0.119221
0.0117789
0.225779
-0.230221
0.0757789
-0.00922105
-0.193221
0.238779
-0.131221
-0.0162211
0.228779
-0.226221
0.0787789
0.0457789
-0.213221
0.219779
-0.0602211
-0.0132211
0.227779
-0.225221
0.0657789
-0.0142211
-0.191221
0.232779
-0.117221
0.00877895
0.221779
-0.214221
0.115779
-0.0602211
-0.165221
0.233779
-0.169221
0.0717789
0.177779
-0.197221
0.146779
-0.121221
-0.142221
0.246779
-0.230221
