3.7197
0.251757
-0.270495
0.0345053
0.216505
-0.270495
0.138505
0.123505
-0.167495
0.223505
-0.215495
-0.0544947
0.222505
-0.264495
0.140505
0.121505
-0.193495
0.190505
-0.154495
-0.128495
0.223505
-0.253495
0.0925053
0.185505
-0.202495
0.164505
-0.116495
-0.149495
0.241505
-0.230495
0.0835053
0.189505
-0.207495
0.169505
-0.130495
-0.146495
0.251505
-0.206495
0.0555053
0.213505
-0.200495
0.169505
-0.135495
-0.140495
0.243505
-0.218495
0.0445053
0.215505
-0.223495
0.153505
-0.0924947
-0.168495
0.242505
-0.195495
0.00150526
0.235505
-0.246495
0.113505
0.0295053
-0.218495
0.229505
-0.126495
0.0165053
0.234505
-0.241495
0.101505
0.00550526
-0.207495
0.243505
-0.145495
0.0125053
0.233505
-0.227495
0.107505
-0.00249474
-0.204495
0.244505
-0.171495
0.0245053
0.226505
-0.234495
0.107505
-0.0414947
-0.183495
0.237505
-0.114495
-0.00849474
0.238505
-0.237495
0.0835053
-0.0184947
-0.201495
0.236505
-0.112495
0.00350526
0.235505
-0.237495
0.0955053
0.0255053
-0.216495
0.232505
-0.109495
-0.0374947
0.244505
-0.244495
0.0395053
0.0205053
-0.226495
0.234505
-0.0824947
-0.00149474
0.237505
-0.242495
0.0855053
-0.00449474
-0.205495
0.244505
-0.154495
0.0235053
0.223505
-0.234495
0.118505
-0.0904947
-0.159495
0.245505
-0.199495
0.0715053
0.223505
-0.219495
0.176505
