0.150808
0.228422
0.149316
0.0983158
-0.216684
0.136316
-0.0726842
-0.160684
0.255316
-0.199684
0.0473158
0.207316
-0.216684
0.125316
-0.0646842
-0.168684
0.242316
-0.146684
-0.00468421
0.241316
-0.207684
0.124316
-0.0116842
-0.188684
0.239316
-0.128684
-0.00968421
0.234316
-0.212684
0.0913158
-0.00768421
-0.180684
0.237316
-0.135684
-0.00668421
0.230316
-0.225684
0.0723158
0.0313158
-0.199684
0.239316
-0.137684
-0.000684211
0.231316
-0.215684
0.0783158
0.0403158
-0.199684
0.230316
-0.124684
-0.0286842
0.231316
-0.227684
0.0613158
0.102316
-0.216684
0.198316
-0.0416842
-0.0936842
0.231316
-0.216684
-0.00368421
0.100316
-0.212684
0.198316
-0.0376842
-0.0846842
0.230316
-0.219684
0.0103158
0.0933158
-0.218684
0.215316
-0.0456842
-0.0696842
0.234316
-0.224684
0.0503158
0.0563158
-0.206684
0.210316
-0.0576842
-0.0526842
0.230316
-0.217684
0.00331579
0.0973158
-0.218684
0.187316
-0.0166842
-0.0616842
0.231316
-0.215684
-0.000684211
0.0893158
-0.217684
0.192316
-0.0356842
-0.0896842
0.219316
-0.218684
-0.000684211
0.144316
-0.223684
0.163316
0.0433158
-0.0866842
0.218316
-0.210684
-0.0116842
0.0863158
-0.213684
0.197316
-0.0256842
-0.0666842
0.228316
-0.213684
0.0363158
0.0543158
-0.205684
0.202316
-0.0766842
-0.0186842
0.218316
-0.214684
0.0703158
-0.0126842
-0.196684
0.247316
-0.155684
