3.26727
0.23162
-0.184295
-0.0862947
0.248705
-0.173295
0.0187053
0.227705
-0.215295
0.119705
-0.0692947
-0.156295
0.245705
-0.168295
0.0207053
0.224705
-0.221295
0.0817053
0.0107053
-0.195295
0.247705
-0.162295
-0.0182947
0.237705
-0.225295
0.0657053
0.0217053
-0.206295
0.240705
-0.119295
-0.0212947
0.238705
-0.223295
0.0707053
0.0217053
-0.205295
0.224705
-0.0842947
-0.0492947
0.238705
-0.224295
0.0707053
0.0107053
-0.203295
0.227705
-0.0972947
-0.0512947
0.237705
-0.234295
0.0617053
0.0497053
-0.210295
0.195705
-0.0702947
-0.0892947
0.237705
-0.223295
0.00870526
0.148705
-0.232295
0.167705
0.00770526
-0.0752947
0.227705
-0.223295
0.0167053
0.123705
-0.229295
0.201705
-0.0232947
-0.0712947
0.227705
-0.219295
0.0197053
0.0957053
-0.218295
0.217705
-0.0722947
-0.0452947
0.230705
-0.220295
0.0257053
0.0727053
-0.209295
0.190705
0.000705263
-0.0782947
0.228705
-0.214295
0.000705263
0.0947053
-0.217295
0.184705
0.0177053
-0.0792947
0.230705
-0.215295
0.00870526
0.131705
-0.224295
0.182705
0.0137053
-0.114295
0.216705
-0.199295
-0.0442947
0.135705
-0.230295
0.181705
0.0417053
-0.0862947
0.225705
-0.215295
-0.00729474
0.118705
-0.228295
0.205705
-0.0322947
-0.0652947
0.232705
-0.217295
0.0307053
0.0367053
-0.202295
0.230705
-0.0822947
-0.0282947
0.257705
-0.239295
0.0827053
