-1.43313
0.233476
-0.182116
0.191884
-0.0411158
-0.187116
0.247884
-0.157116
0.0108842
0.227884
-0.232116
0.112884
-0.0241158
-0.192116
0.239884
-0.141116
-0.0281158
0.235884
-0.240116
0.0518842
-0.0211158
-0.202116
0.224884
-0.0821158
-0.0351158
0.234884
-0.244116
0.0428842
0.0228842
-0.216116
0.224884
-0.0931158
-0.0501158
0.238884
-0.245116
0.0338842
0.0858842
-0.232116
0.203884
-0.0371158
-0.0461158
0.231884
-0.236116
0.0448842
0.0568842
-0.222116
0.197884
-0.0301158
-0.0691158
0.225884
-0.233116
0.00988421
0.150884
-0.229116
0.167884
0.0118842
-0.114116
0.220884
-0.204116
-0.0381158
0.181884
-0.241116
0.178884
0.0258842
-0.106116
0.212884
-0.212116
-0.0331158
0.137884
-0.235116
0.184884
0.0238842
-0.0731158
0.224884
-0.221116
-0.00811579
0.0798842
-0.228116
0.192884
-0.0161158
-0.0851158
0.222884
-0.228116
0.00588421
0.142884
-0.236116
0.166884
0.0298842
-0.128116
0.213884
-0.220116
-0.0201158
0.162884
-0.235116
0.170884
0.0458842
-0.121116
0.214884
-0.200116
-0.0461158
0.162884
-0.238116
0.134884
0.0838842
-0.154116
0.188884
-0.206116
-0.0511158
0.155884
-0.232116
0.169884
0.0368842
-0.110116
0.207884
-0.213116
-0.0211158
0.111884
-0.236116
0.184884
-0.0111158
-0.0931158
0.222884
-0.231116
0.0328842
0.0498842
-0.223116
0.228884
-0.0731158
-0.0421158
0.247884
