0.754056
0.234418
0.175611
0.0556105
-0.207389
0.160611
-0.106389
-0.146389
0.257611
-0.214389
0.0786105
0.182611
-0.209389
0.152611
-0.102389
-0.153389
0.250611
-0.171389
0.0196105
0.231611
-0.208389
0.144611
-0.0423895
-0.181389
0.246611
-0.151389
0.00761053
0.234611
-0.213389
0.115611
-0.0383895
-0.172389
0.245611
-0.158389
0.0116105
0.227611
-0.228389
0.0926105
0.00361053
-0.195389
0.246611
-0.156389
0.0206105
0.222611
-0.221389
0.104611
0.00961053
-0.193389
0.248611
-0.146389
-0.00638947
0.229611
-0.230389
0.0796105
0.0756105
-0.211389
0.213611
-0.0723895
-0.0763895
0.242611
-0.221389
0.0236105
0.0696105
-0.195389
0.218611
-0.0763895
-0.0633895
0.238611
-0.225389
0.0506105
0.0486105
-0.212389
0.231611
-0.0793895
-0.0503895
0.237611
-0.223389
0.0686105
0.0176105
-0.198389
0.225611
-0.0893895
-0.0273895
0.233611
-0.221389
0.0296105
0.0726105
-0.217389
0.208611
-0.0433895
-0.0503895
0.224611
-0.225389
0.0176105
0.0716105
-0.220389
0.204611
-0.0503895
-0.0843895
0.227611
-0.219389
0.0106105
0.128611
-0.229389
0.181611
0.0236105
-0.0803895
0.223611
-0.219389
-0.00538947
0.0856105
-0.218389
0.201611
-0.0273895
-0.0663895
0.227611
-0.219389
0.0506105
0.0316105
-0.202389
0.221611
-0.0933895
-0.00438947
0.213611
-0.214389
0.0876105
-0.0263895
-0.192389
0.256611
-0.167389
