0.201078
0.231105
0.159632
0.0816316
-0.208368
0.150632
-0.0873684
-0.152368
0.252632
-0.209368
0.0606316
0.193632
-0.210368
0.137632
-0.0873684
-0.155368
0.248632
-0.163368
0.0106316
0.237632
-0.203368
0.135632
-0.0263684
-0.185368
0.243632
-0.140368
0.00363158
0.239632
-0.212368
0.106632
-0.0163684
-0.180368
0.240632
-0.136368
-0.00636842
0.234632
-0.228368
0.0686316
0.0326316
-0.200368
0.240632
-0.137368
0.00863158
0.234632
-0.217368
0.0866316
0.0216316
-0.200368
0.238632
-0.127368
-0.0203684
0.234632
-0.222368
0.0576316
0.0926316
-0.217368
0.205632
-0.0503684
-0.0843684
0.234632
-0.218368
0.00563158
0.0796316
-0.209368
0.204632
-0.0543684
-0.0753684
0.236632
-0.220368
0.0436316
0.0496316
-0.210368
0.226632
-0.0793684
-0.0423684
0.234632
-0.218368
0.0726316
0.0186316
-0.198368
0.216632
-0.0923684
-0.0333684
0.230632
-0.221368
0.0206316
0.0656316
-0.218368
0.202632
-0.0493684
-0.0383684
0.234632
-0.219368
0.0196316
0.0566316
-0.214368
0.209632
-0.0633684
-0.0683684
0.230632
-0.216368
0.0226316
0.110632
-0.222368
0.186632
0.00963158
-0.0553684
0.225632
-0.217368
0.0146316
0.0506316
-0.205368
0.212632
-0.0613684
-0.0403684
0.229632
-0.211368
0.0606316
0.0186316
-0.197368
0.212632
-0.107368
0.00163158
0.213632
-0.210368
0.0866316
-0.0383684
-0.186368
0.250632
-0.173368
