3.26727
0.230231
-0.196895
-0.0728947
0.251105
-0.182895
0.0291053
0.217105
-0.211895
0.132105
-0.0938947
-0.138895
0.246105
-0.182895
0.0381053
0.209105
-0.216895
0.0921053
-0.0108947
-0.188895
0.246105
-0.172895
-0.00389474
0.232105
-0.220895
0.0811053
-0.00389474
-0.189895
0.244105
-0.144895
-0.00489474
0.229105
-0.220895
0.0881053
-0.0128947
-0.189895
0.233105
-0.116895
-0.0298947
0.234105
-0.213895
0.0871053
-0.0258947
-0.182895
0.235105
-0.138895
-0.0318947
0.235105
-0.229895
0.0781053
0.0221053
-0.200895
0.210105
-0.0938947
-0.0728947
0.237105
-0.229895
0.0271053
0.133105
-0.225895
0.180105
-0.0118947
-0.0658947
0.226105
-0.223895
0.0281053
0.100105
-0.215895
0.209105
-0.0528947
-0.0538947
0.229105
-0.217895
0.0431053
0.0701053
-0.207895
0.225105
-0.100895
-0.0268947
0.227105
-0.222895
0.0471053
0.0401053
-0.201895
0.203105
-0.0288947
-0.0608947
0.231105
-0.215895
0.0221053
0.0561053
-0.204895
0.199105
-0.0258947
-0.0508947
0.229105
-0.220895
0.0361053
0.0921053
-0.216895
0.198105
-0.0328947
-0.0868947
0.222105
-0.212895
-0.0138947
0.0831053
-0.224895
0.207105
-0.0158947
-0.0568947
0.227105
-0.224895
0.0301053
0.0581053
-0.209895
0.222105
-0.0858947
-0.0248947
0.225105
-0.220895
0.0771053
-0.0328947
-0.172895
0.239105
-0.140895
0.0331053
0.235105
-0.220895
0.130105
