-0.804329
0.234089
-0.0338
0.2392
-0.2268
-0.0428
0.1892
-0.2518
0.1672
0.0562
-0.1198
0.2212
-0.2158
-0.0418
0.1842
-0.2408
0.1282
0.1172
-0.1708
0.1882
-0.2088
-0.0538
0.2152
-0.2328
0.1202
0.1302
-0.1688
0.1792
-0.1948
-0.0748
0.2092
-0.2358
0.1252
0.1192
-0.1688
0.1822
-0.1578
-0.1008
0.2202
-0.2218
0.1272
0.1162
-0.1588
0.1842
-0.1758
-0.0808
0.2172
-0.2108
0.1022
0.1282
-0.1808
0.1632
-0.1008
-0.1128
0.2282
-0.2008
0.0522
0.1872
-0.2198
0.1192
-0.0358
-0.1658
0.2242
-0.1828
0.0532
0.1802
-0.2168
0.1272
-0.0888
-0.1458
0.2252
-0.1768
0.0782
0.1772
-0.2038
0.1362
-0.1448
-0.1108
0.2142
-0.2068
0.0812
0.1622
-0.1898
0.1542
-0.0948
-0.1488
0.2282
-0.1858
0.0512
0.1842
-0.1938
0.1392
-0.0818
-0.1528
0.2212
-0.1818
0.0502
0.1742
-0.2068
0.1242
-0.0728
-0.1518
0.2242
-0.1518
0.0112
0.2072
-0.2048
0.1112
-0.0788
-0.1628
0.2192
-0.1728
0.0572
0.1892
-0.1948
0.1382
-0.1288
-0.1198
0.2102
-0.2008
0.0822
0.1402
-0.1578
0.1722
-0.1798
-0.0868
0.2052
-0.2398
0.1492
0.0962
