2.06074
0.22609
0.0926737
-0.224326
0.141674
0.115674
-0.160326
0.194674
-0.179326
-0.0693263
0.204674
-0.230326
0.126674
0.126674
-0.156326
0.191674
-0.130326
-0.115326
0.231674
-0.200326
0.120674
0.138674
-0.190326
0.155674
-0.114326
-0.134326
0.225674
-0.182326
0.0906737
0.173674
-0.190326
0.151674
-0.100326
-0.132326
0.238674
-0.178326
0.0606737
0.199674
-0.204326
0.129674
-0.114326
-0.126326
0.222674
-0.196326
0.0766737
0.185674
-0.201326
0.130674
-0.0763263
-0.128326
0.230674
-0.162326
0.0106737
0.199674
-0.217326
0.103674
-0.00332632
-0.184326
0.220674
-0.110326
-0.0253263
0.222674
-0.206326
0.0986737
-0.0153263
-0.177326
0.225674
-0.119326
0.0176737
0.219674
-0.210326
0.0986737
-0.0443263
-0.169326
0.227674
-0.124326
0.0476737
0.202674
-0.200326
0.115674
-0.0423263
-0.164326
0.225674
-0.149326
0.0116737
0.221674
-0.210326
0.0926737
0.00267368
-0.182326
0.226674
-0.133326
0.00667368
0.219674
-0.208326
0.0916737
-0.00332632
-0.176326
0.217674
-0.0953263
-0.00432632
0.223674
-0.216326
0.0556737
0.0636737
-0.207326
0.215674
-0.0703263
-0.0103263
0.219674
-0.211326
0.0786737
-0.00232632
-0.180326
0.222674
-0.116326
0.0326737
0.206674
-0.200326
0.105674
-0.0263263
-0.158326
0.219674
-0.172326
0.0636737
0.197674
-0.204326
0.139674
-0.112326
-0.139326
