4.02133
0.241924
-0.250516
0.0824842
0.151484
-0.253516
0.181484
0.0314842
-0.116516
0.235484
-0.237516
-0.0135158
0.167484
-0.251516
0.175484
0.0434842
-0.153516
0.207484
-0.202516
-0.0745158
0.168484
-0.255516
0.135484
0.118484
-0.154516
0.197484
-0.194516
-0.0865158
0.191484
-0.253516
0.139484
0.0954842
-0.155516
0.204484
-0.200516
-0.0825158
0.215484
-0.244516
0.107484
0.137484
-0.146516
0.208484
-0.202516
-0.0715158
0.197484
-0.246516
0.106484
0.140484
-0.174516
0.196484
-0.177516
-0.0975158
0.236484
-0.232516
0.0664842
0.175484
-0.200516
0.163484
-0.0875158
-0.148516
0.244484
-0.191516
0.0874842
0.179484
-0.190516
0.154484
-0.118516
-0.138516
0.234484
-0.216516
0.0864842
0.172484
-0.169516
0.167484
-0.125516
-0.136516
0.221484
-0.223516
0.0954842
0.162484
-0.185516
0.164484
-0.151516
-0.108516
0.237484
-0.200516
0.0654842
0.180484
-0.201516
0.148484
-0.134516
-0.128516
0.236484
-0.193516
0.0744842
0.180484
-0.196516
0.154484
-0.0955158
-0.151516
0.234484
-0.196516
0.0344842
0.209484
-0.222516
0.109484
-0.103516
-0.153516
0.236484
-0.181516
0.0734842
0.182484
-0.199516
0.145484
-0.128516
-0.130516
0.221484
-0.221516
0.0964842
0.152484
-0.182516
0.174484
-0.185516
-0.0765158
0.198484
-0.239516
0.147484
0.129484
-0.156516
0.227484
