0.351887
0.246792
0.196674
0.0486737
-0.213326
0.179674
-0.129326
-0.135326
0.259674
-0.240326
0.103674
0.178674
-0.214326
0.174674
-0.125326
-0.142326
0.261674
-0.197326
0.0466737
0.230674
-0.208326
0.168674
-0.0673263
-0.173326
0.256674
-0.179326
0.0356737
0.233674
-0.216326
0.144674
-0.0593263
-0.167326
0.255674
-0.179326
0.0376737
0.225674
-0.231326
0.123674
-0.0243263
-0.187326
0.254674
-0.189326
0.0496737
0.216674
-0.222326
0.136674
-0.0193263
-0.192326
0.254674
-0.174326
0.0226737
0.230674
-0.245326
0.107674
0.0556737
-0.214326
0.234674
-0.100326
-0.0613263
0.247674
-0.248326
0.0466737
0.0246737
-0.211326
0.233674
-0.100326
-0.0333263
0.240674
-0.243326
0.0776737
0.0186737
-0.215326
0.244674
-0.108326
-0.0183263
0.245674
-0.230326
0.108674
-0.0203263
-0.196326
0.240674
-0.125326
0.00167368
0.233674
-0.241326
0.0536737
0.0386737
-0.219326
0.226674
-0.0873263
-0.0123263
0.240674
-0.237326
0.0566737
0.0316737
-0.215326
0.230674
-0.0993263
-0.0373263
0.242674
-0.235326
0.0576737
0.0856737
-0.233326
0.208674
-0.0233263
-0.0363263
0.236674
-0.233326
0.0376737
0.0286737
-0.212326
0.231674
-0.0883263
-0.0163263
0.237674
-0.226326
0.100674
-0.0233263
-0.184326
0.237674
-0.155326
0.0426737
0.204674
-0.219326
0.138674
-0.101326
-0.164326
0.258674
-0.226326
