1.65787
0.221589
0.205674
-0.225326
0.0436737
0.212674
-0.215326
0.124674
-0.0473263
-0.157326
0.237674
-0.173326
0.0316737
0.218674
-0.213326
0.113674
0.00567368
-0.189326
0.226674
-0.104326
0.0236737
0.220674
-0.222326
0.0746737
0.0176737
-0.198326
0.215674
-0.0813263
0.00567368
0.222674
-0.220326
0.0806737
0.0246737
-0.198326
0.221674
-0.0883263
-0.0193263
0.225674
-0.219326
0.0576737
0.00967368
-0.190326
0.218674
-0.104326
-0.00632632
0.221674
-0.219326
0.0496737
0.0586737
-0.189326
0.211674
-0.0613263
-0.0673263
0.225674
-0.211326
0.0236737
0.116674
-0.220326
0.171674
0.0116737
-0.108326
0.211674
-0.210326
0.0206737
0.117674
-0.217326
0.183674
0.0126737
-0.0713263
0.222674
-0.213326
0.00967368
0.0706737
-0.207326
0.197674
-0.0243263
-0.0303263
0.223674
-0.217326
0.0426737
0.0776737
-0.210326
0.200674
-0.0393263
-0.0743263
0.213674
-0.209326
0.00767368
0.129674
-0.217326
0.188674
-0.00432632
-0.0793263
0.216674
-0.206326
0.00467368
0.119674
-0.214326
0.173674
0.0226737
-0.0853263
0.212674
-0.197326
-0.0263263
0.165674
-0.216326
0.171674
0.0476737
-0.0893263
0.202674
-0.209326
0.00867368
0.122674
-0.215326
0.183674
0.00367368
-0.0513263
0.221674
-0.210326
0.0376737
0.0816737
-0.205326
0.212674
-0.0853263
-0.0103263
0.225674
-0.225326
0.0796737
0.00367368
-0.204326
