3.26727
0.240469
-0.202453
-0.0704526
0.254547
-0.186453
0.0325474
0.217547
-0.222453
0.136547
-0.0844526
-0.157453
0.249547
-0.180453
0.0355474
0.222547
-0.231453
0.0985474
-0.00145263
-0.208453
0.249547
-0.167453
-0.0124526
0.246547
-0.233453
0.0845474
0.00454737
-0.211453
0.245547
-0.138453
-0.0134526
0.236547
-0.236453
0.0895474
0.00654737
-0.206453
0.236547
-0.106453
-0.0344526
0.238547
-0.229453
0.0875474
-0.00845263
-0.201453
0.242547
-0.120453
-0.0374526
0.240547
-0.243453
0.0805474
0.0285474
-0.217453
0.212547
-0.0914526
-0.0774526
0.246547
-0.240453
0.0255474
0.131547
-0.237453
0.194547
-0.00545263
-0.0544526
0.246547
-0.234453
0.0325474
0.100547
-0.234453
0.223547
-0.0504526
-0.0584526
0.242547
-0.234453
0.0445474
0.0855474
-0.226453
0.223547
-0.0774526
-0.0414526
0.239547
-0.234453
0.0355474
0.0555474
-0.215453
0.212547
-0.0174526
-0.0784526
0.240547
-0.223453
0.0145474
0.0785474
-0.226453
0.203547
-0.0104526
-0.0634526
0.240547
-0.227453
0.0265474
0.112547
-0.232453
0.208547
-0.00945263
-0.106453
0.233547
-0.217453
-0.0294526
0.109547
-0.238453
0.203547
0.0155474
-0.0704526
0.234547
-0.226453
0.0145474
0.0905474
-0.232453
0.222547
-0.0544526
-0.0544526
0.234547
-0.231453
0.0575474
0.00154737
-0.199453
0.240547
-0.110453
-0.000452632
0.256547
-0.245453
0.108547
