3.41808
0.248496
-0.241358
-0.0343579
0.253642
-0.228358
0.0726421
0.196642
-0.212358
0.172642
-0.140358
-0.123358
0.250642
-0.221358
0.0756421
0.196642
-0.231358
0.132642
-0.0603579
-0.181358
0.249642
-0.220358
0.0366421
0.225642
-0.229358
0.127642
-0.0583579
-0.187358
0.254642
-0.192358
0.0346421
0.220642
-0.228358
0.130642
-0.0583579
-0.181358
0.251642
-0.164358
0.0166421
0.233642
-0.225358
0.139642
-0.0823579
-0.172358
0.249642
-0.187358
0.0116421
0.235642
-0.243358
0.127642
-0.0433579
-0.193358
0.239642
-0.159358
-0.0283579
0.250642
-0.249358
0.0786421
0.0776421
-0.230358
0.219642
-0.0743579
-0.0183579
0.241642
-0.244358
0.0786421
0.0526421
-0.227358
0.239642
-0.108358
-0.0173579
0.244642
-0.234358
0.0936421
0.0156421
-0.211358
0.242642
-0.155358
0.0136421
0.231642
-0.238358
0.0926421
-0.00835789
-0.200358
0.231642
-0.0823579
-0.0263579
0.238642
-0.244358
0.0666421
0.0146421
-0.212358
0.230642
-0.0733579
-0.0183579
0.242642
-0.241358
0.0696421
0.0656421
-0.231358
0.224642
-0.0603579
-0.0723579
0.238642
-0.238358
0.0146421
0.0596421
-0.236358
0.228642
-0.0533579
-0.0243579
0.235642
-0.244358
0.0626421
0.0306421
-0.219358
0.236642
-0.124358
-0.00335789
0.234642
-0.237358
0.0946421
-0.0623579
-0.171358
0.248642
-0.176358
0.0476421
0.239642
-0.231358
0.160642
