-1.35753
0.240998
0.172621
0.0826211
-0.224379
0.163621
-0.0863789
-0.160379
0.260621
-0.216379
0.0746211
0.197621
-0.225379
0.150621
-0.0953789
-0.161379
0.251621
-0.165379
0.0186211
0.238621
-0.216379
0.147621
-0.0263789
-0.192379
0.251621
-0.151379
0.0186211
0.240621
-0.227379
0.119621
-0.0323789
-0.183379
0.249621
-0.154379
0.00962105
0.230621
-0.242379
0.0936211
0.0126211
-0.204379
0.250621
-0.156379
0.0306211
0.230621
-0.230379
0.108621
0.0156211
-0.206379
0.246621
-0.144379
-0.00237895
0.238621
-0.244379
0.0866211
0.0836211
-0.227379
0.219621
-0.0633789
-0.0773789
0.240621
-0.240379
0.0196211
0.0686211
-0.220379
0.218621
-0.0593789
-0.0653789
0.242621
-0.242379
0.0486211
0.0676211
-0.228379
0.231621
-0.0833789
-0.0363789
0.240621
-0.235379
0.0876211
0.0156211
-0.211379
0.224621
-0.0813789
-0.0333789
0.236621
-0.238379
0.0256211
0.0806211
-0.231379
0.208621
-0.0383789
-0.0483789
0.233621
-0.234379
0.0156211
0.0826211
-0.228379
0.205621
-0.0443789
-0.0783789
0.228621
-0.231379
0.0166211
0.137621
-0.244379
0.182621
0.0346211
-0.0703789
0.223621
-0.233379
0.00662105
0.0786211
-0.227379
0.211621
-0.0333789
-0.0463789
0.239621
-0.229379
0.0666211
0.0306211
-0.207379
0.221621
-0.109379
0.0146211
0.219621
-0.226379
0.102621
-0.0443789
-0.197379
0.259621
-0.185379
