2.81484
0.23965
-0.111221
-0.146221
0.236779
-0.0942211
-0.0402211
0.247779
-0.237221
0.0727789
0.0277789
-0.205221
0.229779
-0.0862211
-0.0402211
0.244779
-0.234221
0.0227789
0.121779
-0.239221
0.219779
-0.0622211
-0.0872211
0.236779
-0.233221
-0.00122105
0.136779
-0.237221
0.208779
-0.00422105
-0.101221
0.235779
-0.221221
-0.00222105
0.144779
-0.239221
0.177779
0.0427789
-0.123221
0.224779
-0.230221
0.00677895
0.124779
-0.236221
0.191779
0.0147789
-0.126221
0.222779
-0.215221
-0.00822105
0.165779
-0.234221
0.140779
0.0517789
-0.157221
0.212779
-0.181221
-0.0672211
0.222779
-0.238221
0.0997789
0.130779
-0.150221
0.200779
-0.184221
-0.0692211
0.220779
-0.230221
0.138779
0.109779
-0.144221
0.202779
-0.202221
-0.0482211
0.194779
-0.235221
0.175779
0.0417789
-0.117221
0.214779
-0.199221
-0.0502211
0.181779
-0.236221
0.132779
0.122779
-0.152221
0.198779
-0.167221
-0.0792211
0.199779
-0.230221
0.131779
0.132779
-0.148221
0.198779
-0.176221
-0.0672211
0.214779
-0.224221
0.129779
0.128779
-0.179221
0.179779
-0.141221
-0.111221
0.210779
-0.226221
0.126779
0.141779
-0.146221
0.197779
-0.182221
-0.0722211
0.193779
-0.239221
0.165779
0.0727789
-0.116221
0.215779
-0.203221
-0.0212211
0.127779
-0.232221
0.201779
0.0107789
-0.0832211
0.250779
-0.252221
0.0267789
