2.26185
0.228557
0.0792526
-0.219747
0.155253
0.0952526
-0.150747
0.208253
-0.195747
-0.0507474
0.189253
-0.236747
0.143253
0.104253
-0.145747
0.206253
-0.154747
-0.0947474
0.226253
-0.215747
0.138253
0.115253
-0.170747
0.173253
-0.146747
-0.101747
0.225253
-0.207747
0.115253
0.151253
-0.177747
0.175253
-0.133747
-0.110747
0.229253
-0.204747
0.0802526
0.180253
-0.197747
0.154253
-0.147747
-0.102747
0.219253
-0.215747
0.0952526
0.167253
-0.191747
0.150253
-0.106747
-0.109747
0.232253
-0.189747
0.0332526
0.188253
-0.212747
0.129253
-0.0387474
-0.169747
0.232253
-0.142747
-0.0137474
0.220253
-0.204747
0.119253
-0.0377474
-0.161747
0.228253
-0.143747
0.0382526
0.210253
-0.200747
0.122253
-0.0777474
-0.151747
0.236253
-0.153747
0.0632526
0.189253
-0.191747
0.133253
-0.0657474
-0.156747
0.227253
-0.165747
0.0162526
0.219253
-0.208747
0.0982526
0.000252632
-0.180747
0.229253
-0.142747
0.00825263
0.220253
-0.200747
0.103253
-0.0227474
-0.169747
0.220253
-0.110747
0.00825263
0.219253
-0.216747
0.0792526
0.0392526
-0.201747
0.225253
-0.106747
0.0142526
0.217253
-0.204747
0.103253
-0.0297474
-0.172747
0.221253
-0.144747
0.0502526
0.203253
-0.195747
0.127253
-0.0667474
-0.142747
0.216253
-0.196747
0.0952526
0.172253
-0.182747
0.170253
-0.162747
-0.0997474
