3.56889
0.236394
-0.236116
-0.0241158
0.234884
-0.221116
0.0848842
0.169884
-0.194116
0.176884
-0.158116
-0.105116
0.238884
-0.214116
0.0868842
0.179884
-0.212116
0.133884
-0.0691158
-0.169116
0.231884
-0.214116
0.0378842
0.214884
-0.216116
0.124884
-0.0581158
-0.175116
0.242884
-0.188116
0.0368842
0.208884
-0.222116
0.124884
-0.0561158
-0.172116
0.243884
-0.153116
0.00988421
0.222884
-0.215116
0.130884
-0.0811158
-0.164116
0.238884
-0.173116
0.00688421
0.221884
-0.232116
0.116884
-0.0271158
-0.182116
0.227884
-0.143116
-0.0391158
0.237884
-0.235116
0.0668842
0.0828842
-0.218116
0.204884
-0.0661158
-0.0331158
0.229884
-0.231116
0.0678842
0.0498842
-0.216116
0.229884
-0.105116
-0.0121158
0.230884
-0.223116
0.0918842
-0.00111579
-0.197116
0.234884
-0.151116
0.0188842
0.215884
-0.230116
0.0918842
-0.0221158
-0.185116
0.224884
-0.0861158
-0.0161158
0.227884
-0.230116
0.0688842
-0.00111579
-0.195116
0.222884
-0.0841158
-0.0101158
0.227884
-0.226116
0.0788842
0.0378842
-0.210116
0.222884
-0.0851158
-0.0501158
0.226884
-0.227116
0.0318842
0.0338842
-0.218116
0.222884
-0.0671158
-0.0161158
0.225884
-0.228116
0.0658842
0.0198842
-0.203116
0.229884
-0.124116
0.00588421
0.220884
-0.220116
0.0968842
-0.0611158
-0.163116
0.242884
-0.169116
0.0518842
0.223884
-0.218116
0.159884
