-1.20658
0.235895
-0.106747
0.238253
-0.168747
-0.115747
0.244253
-0.235747
0.101253
0.157253
-0.190747
0.183253
-0.154747
-0.119747
0.236253
-0.222747
0.0642526
0.201253
-0.217747
0.143253
-0.153747
-0.124747
0.242253
-0.193747
0.0512526
0.206253
-0.220747
0.121253
-0.114747
-0.152747
0.242253
-0.196747
0.0422526
0.211253
-0.223747
0.120253
-0.0577474
-0.178747
0.245253
-0.156747
0.0572526
0.207253
-0.208747
0.129253
-0.0817474
-0.167747
0.233253
-0.155747
0.0272526
0.206253
-0.229747
0.0912526
0.0272526
-0.187747
0.221253
-0.111747
-0.0317474
0.233253
-0.241747
0.0442526
0.0812526
-0.220747
0.220253
-0.0877474
-0.0327474
0.224253
-0.234747
0.0472526
0.0342526
-0.206747
0.222253
-0.0857474
0.00225263
0.225253
-0.230747
0.0682526
-0.0357474
-0.182747
0.230253
-0.126747
-0.0127474
0.223253
-0.233747
0.0782526
0.0362526
-0.216747
0.216253
-0.0857474
-0.0457474
0.228253
-0.228747
0.0612526
0.0502526
-0.214747
0.221253
-0.0817474
-0.0387474
0.220253
-0.228747
0.0402526
0.0482526
-0.217747
0.202253
-0.0307474
-0.0807474
0.217253
-0.228747
0.0322526
0.0452526
-0.219747
0.219253
-0.0867474
-0.0327474
0.223253
-0.225747
0.0582526
-0.00474737
-0.198747
0.222253
-0.121747
-0.00974737
0.214253
-0.215747
0.110253
-0.0777474
-0.171747
0.252253
-0.174747
0.0592526
0.206253
