3.11646
0.238868
-0.154337
-0.111337
0.249663
-0.135337
-0.00933684
0.246663
-0.235337
0.100663
-0.0183368
-0.187337
0.241663
-0.135337
-0.00733684
0.243663
-0.241337
0.0526632
0.0736632
-0.226337
0.240663
-0.119337
-0.0503368
0.244663
-0.240337
0.0416632
0.0896632
-0.235337
0.225663
-0.0653368
-0.0613368
0.241663
-0.241337
0.0386632
0.0916632
-0.233337
0.207663
-0.0243368
-0.0863368
0.233663
-0.235337
0.0396632
0.0726632
-0.227337
0.215663
-0.0513368
-0.0893368
0.233663
-0.238337
0.0326632
0.113663
-0.237337
0.170663
0.00166316
-0.129337
0.228663
-0.212337
-0.0273368
0.199663
-0.247337
0.133663
0.0776632
-0.112337
0.219663
-0.210337
-0.0203368
0.186663
-0.236337
0.172663
0.0486632
-0.115337
0.218663
-0.224337
-0.00633684
0.156663
-0.239337
0.197663
-0.0133368
-0.0823368
0.233663
-0.225337
-0.00233684
0.134663
-0.234337
0.174663
0.0606632
-0.110337
0.218663
-0.207337
-0.0303368
0.153663
-0.237337
0.160663
0.0766632
-0.115337
0.218663
-0.209337
-0.0243368
0.180663
-0.235337
0.162663
0.0726632
-0.146337
0.204663
-0.184337
-0.0763368
0.175663
-0.237337
0.162663
0.0876632
-0.114337
0.219663
-0.212337
-0.0293368
0.154663
-0.243337
0.191663
0.0166632
-0.0923368
0.226663
-0.218337
0.0106632
0.0836632
-0.226337
0.220663
-0.0353368
-0.0583368
0.251663
-0.251337
0.0636632
