-3.58047e-15
0.237995
0.142137
0.126137
-0.238863
0.135137
-0.0398632
-0.185863
0.261137
-0.176863
0.0421368
0.222137
-0.239863
0.122137
-0.0338632
-0.192863
0.247137
-0.115863
-0.0278632
0.244137
-0.235863
0.109137
0.0371368
-0.218863
0.241137
-0.0958632
-0.0298632
0.241137
-0.239863
0.0811368
0.0321368
-0.209863
0.239137
-0.0988632
-0.0278632
0.241137
-0.242863
0.0551368
0.0731368
-0.227863
0.242137
-0.104863
-0.0168632
0.239137
-0.235863
0.0651368
0.0811368
-0.221863
0.225137
-0.0868632
-0.0528632
0.235137
-0.228863
0.0381368
0.145137
-0.240863
0.195137
-0.00186316
-0.119863
0.226137
-0.221863
-0.0258632
0.125137
-0.232863
0.194137
-0.00586316
-0.101863
0.228137
-0.235863
0.0131368
0.105137
-0.232863
0.221137
-0.0428632
-0.0698632
0.234137
-0.235863
0.0511368
0.0641368
-0.224863
0.216137
-0.0488632
-0.0498632
0.229137
-0.233863
0.000136842
0.112137
-0.235863
0.191137
-0.00886316
-0.0668632
0.229137
-0.227863
0.00113684
0.0951368
-0.229863
0.202137
-0.0328632
-0.0838632
0.227137
-0.225863
0.00713684
0.143137
-0.239863
0.181137
0.0371368
-0.0768632
0.227137
-0.225863
-0.00286316
0.0821368
-0.223863
0.211137
-0.0338632
-0.0528632
0.229137
-0.230863
0.0611368
0.0351368
-0.206863
0.219137
-0.102863
0.0101368
0.216137
-0.226863
0.0941368
-0.0318632
-0.205863
0.261137
-0.179863
