-1.56996
0.252918
-0.183863
0.225137
-0.0798632
-0.192863
0.265137
-0.187863
0.0381368
0.228137
-0.246863
0.148137
-0.0578632
-0.196863
0.259137
-0.172863
-0.0108632
0.252137
-0.261863
0.0801368
-0.0578632
-0.198863
0.252137
-0.122863
-0.0128632
0.250137
-0.259863
0.0681368
-0.0118632
-0.227863
0.247137
-0.122863
-0.0268632
0.255137
-0.262863
0.0611368
0.0531368
-0.243863
0.237137
-0.0718632
-0.0218632
0.250137
-0.256863
0.0661368
0.0221368
-0.234863
0.226137
-0.0608632
-0.0508632
0.245137
-0.255863
0.0371368
0.126137
-0.242863
0.201137
-0.0218632
-0.105863
0.250137
-0.234863
-0.0198632
0.169137
-0.256863
0.217137
-0.00986316
-0.0928632
0.239137
-0.238863
-0.00686316
0.112137
-0.250863
0.214137
-0.00186316
-0.0748632
0.245137
-0.238863
-0.00786316
0.0871368
-0.243863
0.218137
-0.0258632
-0.0848632
0.243137
-0.245863
0.0151368
0.146137
-0.253863
0.193137
0.0271368
-0.126863
0.235137
-0.237863
-0.0118632
0.149137
-0.254863
0.196137
0.0251368
-0.115863
0.239137
-0.223863
-0.0418632
0.158137
-0.256863
0.162137
0.0841368
-0.159863
0.212137
-0.224863
-0.0538632
0.164137
-0.250863
0.188137
0.0391368
-0.120863
0.229137
-0.233863
-0.0198632
0.108137
-0.251863
0.207137
-0.0158632
-0.0978632
0.239137
-0.244863
0.0411368
0.0461368
-0.242863
0.248137
-0.0838632
-0.0258632
0.266137
