-0.653512
0.239311
0.0132421
0.235242
-0.248758
0.00724211
0.142242
-0.254758
0.206242
-0.00875789
-0.0877579
0.243242
-0.241758
-0.00675789
0.141242
-0.250758
0.167242
0.0682421
-0.144758
0.220242
-0.239758
-0.0157579
0.185242
-0.248758
0.163242
0.0812421
-0.136758
0.207242
-0.229758
-0.0357579
0.179242
-0.246758
0.167242
0.0602421
-0.137758
0.211242
-0.200758
-0.0657579
0.209242
-0.240758
0.165242
0.0672421
-0.128758
0.216242
-0.216758
-0.0437579
0.195242
-0.234758
0.143242
0.0772421
-0.155758
0.191242
-0.149758
-0.0747579
0.225242
-0.227758
0.0902421
0.154242
-0.205758
0.160242
-0.0997579
-0.134758
0.222242
-0.211758
0.0882421
0.155242
-0.195758
0.160242
-0.148758
-0.107758
0.215242
-0.216758
0.127242
0.128242
-0.175758
0.177242
-0.189758
-0.0717579
0.194242
-0.230758
0.117242
0.127242
-0.165758
0.177242
-0.140758
-0.126758
0.218242
-0.211758
0.0742421
0.161242
-0.175758
0.166242
-0.120758
-0.134758
0.219242
-0.205758
0.0752421
0.160242
-0.200758
0.136242
-0.100758
-0.143758
0.230242
-0.169758
0.0252421
0.204242
-0.199758
0.129242
-0.102758
-0.145758
0.219242
-0.196758
0.0732421
0.167242
-0.187758
0.153242
-0.151758
-0.104758
0.205242
-0.216758
0.101242
0.121242
-0.144758
0.189242
-0.198758
-0.0697579
0.192242
-0.247758
0.165242
0.0632421
