-1.40791
0.224937
-0.143516
0.210484
-0.0965158
-0.150516
0.239484
-0.194516
0.0564842
0.194484
-0.205516
0.145484
-0.0815158
-0.152516
0.228484
-0.185516
0.0174842
0.217484
-0.227516
0.0984842
-0.0875158
-0.156516
0.230484
-0.143516
0.0124842
0.217484
-0.227516
0.0844842
-0.0585158
-0.175516
0.229484
-0.158516
0.0154842
0.214484
-0.228516
0.0874842
-0.00151579
-0.194516
0.224484
-0.116516
0.0184842
0.212484
-0.218516
0.100484
-0.0265158
-0.177516
0.214484
-0.107516
-0.00851579
0.207484
-0.225516
0.0714842
0.0654842
-0.195516
0.199484
-0.0795158
-0.0505158
0.225484
-0.224516
0.0244842
0.111484
-0.224516
0.195484
-0.0515158
-0.0645158
0.214484
-0.224516
0.0184842
0.0694842
-0.212516
0.199484
-0.0565158
-0.0175158
0.221484
-0.227516
0.0464842
0.00348421
-0.193516
0.211484
-0.0975158
-0.0295158
0.217484
-0.220516
0.0694842
0.0584842
-0.216516
0.200484
-0.0615158
-0.0535158
0.221484
-0.218516
0.0434842
0.0734842
-0.218516
0.199484
-0.0575158
-0.0535158
0.216484
-0.216516
0.0194842
0.0844842
-0.220516
0.170484
0.00448421
-0.0965158
0.206484
-0.214516
0.00448421
0.0854842
-0.217516
0.195484
-0.0385158
-0.0535158
0.211484
-0.219516
0.0344842
0.0354842
-0.205516
0.202484
-0.0745158
-0.0415158
0.217484
-0.210516
0.0774842
-0.0135158
-0.192516
0.232484
-0.125516
0.00948421
0.228484
