-0.955155
0.236261
-0.0667474
0.244253
-0.204747
-0.0757474
0.219253
-0.251747
0.138253
0.106253
-0.152747
0.210253
-0.186747
-0.0787474
0.209253
-0.242747
0.103253
0.160253
-0.191747
0.168253
-0.193747
-0.0867474
0.231253
-0.219747
0.0932526
0.174253
-0.194747
0.154253
-0.171747
-0.108747
0.228253
-0.225747
0.0912526
0.167253
-0.196747
0.160253
-0.124747
-0.133747
0.239253
-0.198747
0.0902526
0.165253
-0.184747
0.162253
-0.144747
-0.125747
0.232253
-0.195747
0.0692526
0.168253
-0.205747
0.135253
-0.0497474
-0.137747
0.231253
-0.171747
0.0212526
0.214253
-0.229747
0.0982526
-0.000747368
-0.187747
0.233253
-0.157747
0.0212526
0.209253
-0.226747
0.0952526
-0.0447474
-0.174747
0.229253
-0.155747
0.0522526
0.200253
-0.213747
0.119253
-0.110747
-0.140747
0.225253
-0.181747
0.0412526
0.201253
-0.206747
0.124253
-0.0477474
-0.176747
0.227253
-0.154747
0.0122526
0.214253
-0.214747
0.108253
-0.0317474
-0.180747
0.224253
-0.150747
0.0162526
0.204253
-0.217747
0.0882526
-0.0227474
-0.185747
0.214253
-0.103747
-0.0277474
0.218253
-0.219747
0.0752526
-0.0227474
-0.194747
0.222253
-0.144747
0.0212526
0.209253
-0.209747
0.109253
-0.0847474
-0.151747
0.222253
-0.175747
0.0412526
0.179253
-0.176747
0.157253
-0.152747
-0.114747
0.223253
-0.224747
0.113253
0.137253
