-0.0502695
0.241923
0.128589
0.148589
-0.243411
0.126589
-0.0264105
-0.200411
0.258589
-0.174411
0.0275895
0.232589
-0.247411
0.107589
-0.0174105
-0.202411
0.242589
-0.104411
-0.0324105
0.251589
-0.235411
0.104589
0.0405895
-0.226411
0.237589
-0.0854105
-0.0354105
0.247589
-0.244411
0.0755895
0.0435895
-0.214411
0.231589
-0.0964105
-0.0334105
0.242589
-0.245411
0.0505895
0.0755895
-0.233411
0.239589
-0.101411
-0.0184105
0.242589
-0.240411
0.0695895
0.0795895
-0.227411
0.231589
-0.0874105
-0.0434105
0.240589
-0.235411
0.0405895
0.135589
-0.240411
0.193589
-0.00441053
-0.113411
0.232589
-0.220411
-0.0184105
0.120589
-0.242411
0.192589
-0.00441053
-0.100411
0.232589
-0.234411
0.00858947
0.117589
-0.242411
0.212589
-0.0164105
-0.0844105
0.236589
-0.239411
0.0375895
0.0795895
-0.238411
0.206589
-0.0324105
-0.0684105
0.235589
-0.230411
-0.0144105
0.129589
-0.247411
0.182589
0.0145895
-0.0754105
0.232589
-0.225411
-0.0184105
0.122589
-0.240411
0.190589
0.000589474
-0.105411
0.226589
-0.229411
-0.0124105
0.164589
-0.242411
0.162589
0.0755895
-0.101411
0.221589
-0.218411
-0.0264105
0.123589
-0.235411
0.193589
0.0115895
-0.0834105
0.228589
-0.229411
0.0235895
0.0865895
-0.232411
0.201589
-0.0474105
-0.0294105
0.224589
-0.237411
0.0595895
0.0255895
-0.224411
0.246589
-0.123411
