2.31213
0.227306
0.0529684
-0.211032
0.160968
0.0719684
-0.136032
0.215968
-0.198032
-0.0360316
0.178968
-0.238032
0.153968
0.0839684
-0.137032
0.206968
-0.162032
-0.0870316
0.216968
-0.222032
0.144968
0.100968
-0.170032
0.176968
-0.151032
-0.100032
0.221968
-0.205032
0.116968
0.138968
-0.171032
0.177968
-0.145032
-0.102032
0.220968
-0.206032
0.0869684
0.172968
-0.187032
0.156968
-0.147032
-0.104032
0.216968
-0.209032
0.0919684
0.163968
-0.191032
0.140968
-0.106032
-0.107032
0.229968
-0.180032
0.0289684
0.187968
-0.214032
0.123968
-0.0300316
-0.171032
0.224968
-0.135032
-0.0110316
0.216968
-0.204032
0.121968
-0.0450316
-0.160032
0.228968
-0.141032
0.0389684
0.208968
-0.204032
0.119968
-0.0840316
-0.146032
0.233968
-0.166032
0.0689684
0.181968
-0.187032
0.132968
-0.0720316
-0.147032
0.228968
-0.174032
0.0309684
0.212968
-0.202032
0.106968
-0.0170316
-0.164032
0.231968
-0.146032
0.0149684
0.216968
-0.203032
0.105968
-0.0220316
-0.165032
0.219968
-0.116032
0.00896842
0.212968
-0.219032
0.0739684
0.0349684
-0.195032
0.219968
-0.0990316
0.00196842
0.216968
-0.210032
0.0949684
-0.0200316
-0.180032
0.222968
-0.138032
0.0409684
0.204968
-0.197032
0.119968
-0.0530316
-0.146032
0.221968
-0.190032
0.0839684
0.182968
-0.193032
0.153968
-0.141032
-0.118032
