0.100539
0.233459
0.145905
0.113905
-0.224095
0.136905
-0.0560947
-0.171095
0.259905
-0.190095
0.0359053
0.214905
-0.224095
0.120905
-0.0590947
-0.174095
0.244905
-0.139095
-0.0170947
0.245905
-0.218095
0.112905
0.00790526
-0.205095
0.237905
-0.116095
-0.0260947
0.241905
-0.223095
0.0819053
0.0149053
-0.193095
0.237905
-0.118095
-0.0300947
0.242905
-0.230095
0.0539053
0.0569053
-0.210095
0.242905
-0.121095
-0.0200947
0.239905
-0.228095
0.0689053
0.0619053
-0.210095
0.232905
-0.103095
-0.0430947
0.235905
-0.223095
0.0419053
0.124905
-0.221095
0.192905
-0.0180947
-0.110095
0.228905
-0.215095
-0.0190947
0.117905
-0.217095
0.196905
-0.0180947
-0.103095
0.233905
-0.219095
0.0139053
0.0989053
-0.221095
0.214905
-0.0390947
-0.0770947
0.234905
-0.231095
0.0359053
0.0629053
-0.219095
0.209905
-0.0500947
-0.0600947
0.232905
-0.217095
-0.00509474
0.110905
-0.226095
0.186905
-0.00509474
-0.0770947
0.229905
-0.215095
-0.0120947
0.107905
-0.222095
0.189905
-0.0200947
-0.102095
0.224905
-0.213095
-0.0140947
0.153905
-0.233095
0.156905
0.0639053
-0.0980947
0.215905
-0.205095
-0.0270947
0.108905
-0.222095
0.188905
0.00190526
-0.0870947
0.226905
-0.218095
0.0279053
0.0679053
-0.213095
0.205905
-0.0680947
-0.0310947
0.224905
-0.219095
0.0609053
0.00690526
-0.206095
0.246905
-0.146095
