4.12189
0.25882
-0.266021
0.118979
0.127979
-0.271021
0.213979
-0.00202105
-0.0960211
0.254979
-0.263021
0.0219789
0.136979
-0.269021
0.205979
0.00397895
-0.137021
0.238979
-0.231021
-0.0570211
0.145979
-0.273021
0.173979
0.0849789
-0.144021
0.232979
-0.223021
-0.0660211
0.170979
-0.277021
0.172979
0.0669789
-0.147021
0.229979
-0.228021
-0.0610211
0.206979
-0.269021
0.143979
0.119979
-0.140021
0.231979
-0.229021
-0.0490211
0.192979
-0.272021
0.133979
0.127979
-0.172021
0.219979
-0.204021
-0.0860211
0.238979
-0.260021
0.0859789
0.162979
-0.207021
0.190979
-0.112021
-0.149021
0.248979
-0.227021
0.106979
0.166979
-0.200021
0.186979
-0.140021
-0.131021
0.235979
-0.242021
0.117979
0.156979
-0.167021
0.201979
-0.175021
-0.112021
0.201979
-0.258021
0.143979
0.122979
-0.177021
0.200979
-0.193021
-0.0830211
0.226979
-0.235021
0.107979
0.161979
-0.203021
0.188979
-0.176021
-0.106021
0.233979
-0.237021
0.120979
0.154979
-0.191021
0.199979
-0.152021
-0.124021
0.230979
-0.239021
0.0819789
0.188979
-0.216021
0.157979
-0.164021
-0.130021
0.231979
-0.229021
0.125979
0.142979
-0.181021
0.197979
-0.184021
-0.0950211
0.187979
-0.261021
0.154979
0.0879789
-0.154021
0.225979
-0.228021
-0.0290211
0.153979
-0.268021
0.206979
0.0419789
-0.108021
0.271979
