-0.0502695
0.237887
0.127
0.149
-0.244
0.115
-0.018
-0.197
0.256
-0.169
0.026
0.223
-0.241
0.11
-0.02
-0.2
0.241
-0.107
-0.03
0.246
-0.237
0.101
0.04
-0.221
0.236
-0.086
-0.039
0.245
-0.238
0.077
0.036
-0.207
0.237
-0.1
-0.029
0.241
-0.244
0.054
0.074
-0.226
0.238
-0.1
-0.019
0.241
-0.242
0.058
0.083
-0.225
0.223
-0.083
-0.053
0.229
-0.229
0.036
0.146
-0.241
0.19
0.015
-0.124
0.223
-0.209
-0.033
0.135
-0.234
0.184
0.008
-0.113
0.223
-0.224
0.011
0.115
-0.231
0.214
-0.023
-0.082
0.232
-0.237
0.036
0.077
-0.23
0.203
-0.03
-0.067
0.229
-0.23
-0.015
0.127
-0.236
0.177
0.021
-0.084
0.224
-0.217
-0.02
0.129
-0.237
0.182
0.005
-0.111
0.217
-0.218
-0.024
0.169
-0.241
0.153
0.078
-0.1
0.211
-0.221
-0.03
0.12
-0.23
0.192
0.015
-0.088
0.224
-0.228
0.025
0.086
-0.224
0.199
-0.045
-0.035
0.221
-0.234
0.054
0.031
-0.227
0.246
-0.123
