-1.106
0.237221
-0.0974526
0.244547
-0.178453
-0.0944526
0.235547
-0.244453
0.109547
0.142547
-0.174453
0.197547
-0.165453
-0.103453
0.224547
-0.231453
0.0735474
0.184547
-0.212453
0.153547
-0.170453
-0.106453
0.243547
-0.204453
0.0725474
0.193547
-0.209453
0.145547
-0.145453
-0.128453
0.240547
-0.218453
0.0675474
0.184547
-0.207453
0.149547
-0.0964526
-0.155453
0.238547
-0.191453
0.0775474
0.179547
-0.196453
0.158547
-0.112453
-0.136453
0.235547
-0.175453
0.0415474
0.180547
-0.215453
0.121547
-0.0194526
-0.161453
0.225547
-0.152453
0.000547368
0.219547
-0.235453
0.0805474
0.0345474
-0.201453
0.229547
-0.141453
0.00254737
0.215547
-0.230453
0.0945474
-0.0344526
-0.179453
0.233547
-0.143453
0.0295474
0.210547
-0.223453
0.101547
-0.0844526
-0.159453
0.229547
-0.170453
0.0275474
0.207547
-0.218453
0.112547
-0.0154526
-0.195453
0.224547
-0.132453
-0.00645263
0.221547
-0.218453
0.0985474
-0.00645263
-0.194453
0.226547
-0.138453
0.00254737
0.212547
-0.225453
0.0745474
0.000547368
-0.197453
0.211547
-0.0894526
-0.0404526
0.224547
-0.222453
0.0705474
-0.00845263
-0.196453
0.224547
-0.132453
0.00654737
0.210547
-0.213453
0.0965474
-0.0654526
-0.165453
0.227547
-0.167453
0.0315474
0.189547
-0.190453
0.150547
-0.135453
-0.129453
0.233547
-0.222453
0.0945474
0.166547
