0.754056
0.236595
0.228179
-0.0478211
-0.157821
0.215179
-0.188821
-0.0778211
0.219179
-0.246821
0.149179
0.0941789
-0.162821
0.210179
-0.186821
-0.0828211
0.239179
-0.228821
0.0931789
0.175179
-0.157821
0.200179
-0.136821
-0.118821
0.242179
-0.218821
0.0851789
0.185179
-0.165821
0.178179
-0.141821
-0.107821
0.233179
-0.215821
0.0881789
0.176179
-0.186821
0.158179
-0.106821
-0.132821
0.231179
-0.216821
0.0941789
0.158179
-0.177821
0.172179
-0.0988211
-0.134821
0.247179
-0.211821
0.0731789
0.191179
-0.212821
0.150179
-0.0408211
-0.159821
0.242179
-0.168821
0.00317895
0.219179
-0.220821
0.102179
-0.0508211
-0.149821
0.239179
-0.172821
0.0191789
0.221179
-0.200821
0.130179
-0.0858211
-0.154821
0.240179
-0.182821
0.0401789
0.207179
-0.191821
0.153179
-0.101821
-0.138821
0.237179
-0.191821
0.0641789
0.188179
-0.201821
0.115179
-0.0588211
-0.160821
0.237179
-0.163821
0.0561789
0.200179
-0.201821
0.115179
-0.0768211
-0.155821
0.236179
-0.170821
0.0221789
0.217179
-0.207821
0.112179
-0.00482105
-0.184821
0.230179
-0.109821
0.0271789
0.223179
-0.201821
0.0951789
-0.0728211
-0.151821
0.236179
-0.167821
0.0461789
0.201179
-0.181821
0.144179
-0.0988211
-0.131821
0.229179
-0.194821
0.0931789
0.151179
-0.168821
0.176179
-0.164821
-0.100821
0.229179
-0.244821
