-1.20658
0.239432
-0.106705
0.240295
-0.164705
-0.113705
0.243295
-0.239705
0.102295
0.158295
-0.186705
0.191295
-0.153705
-0.114705
0.235295
-0.230705
0.0702947
0.197295
-0.229705
0.143295
-0.159705
-0.125705
0.244295
-0.201705
0.0592947
0.202295
-0.228705
0.127295
-0.115705
-0.159705
0.242295
-0.199705
0.0602947
0.203295
-0.230705
0.133295
-0.0627053
-0.177705
0.241295
-0.170705
0.0652947
0.194295
-0.214705
0.147295
-0.0857053
-0.163705
0.237295
-0.164705
0.0402947
0.197295
-0.228705
0.118295
-0.00370526
-0.173705
0.226295
-0.139705
-0.0137053
0.227295
-0.242705
0.0702947
0.0652947
-0.213705
0.242295
-0.114705
-0.00170526
0.220295
-0.240705
0.0762947
0.000294737
-0.200705
0.227295
-0.128705
0.0232947
0.223295
-0.236705
0.0852947
-0.0497053
-0.180705
0.236295
-0.141705
0.0102947
0.216295
-0.229705
0.103295
0.0122947
-0.211705
0.220295
-0.108705
-0.0257053
0.227295
-0.232705
0.0852947
0.0152947
-0.209705
0.221295
-0.113705
-0.0127053
0.220295
-0.237705
0.0572947
0.0332947
-0.215705
0.211295
-0.0557053
-0.0557053
0.225295
-0.231705
0.0562947
0.0282947
-0.217705
0.224295
-0.0997053
-0.0157053
0.222295
-0.228705
0.0812947
-0.0267053
-0.190705
0.222295
-0.136705
0.0122947
0.205295
-0.210705
0.129295
-0.0987053
-0.161705
0.243295
-0.196705
0.0792947
0.199295
