1.65787
0.220199
0.213853
-0.225147
0.0388526
0.215853
-0.221147
0.108853
-0.0381474
-0.168147
0.233853
-0.166147
0.0268526
0.221853
-0.223147
0.100853
0.0198526
-0.192147
0.228853
-0.0831474
0.0238526
0.217853
-0.221147
0.0638526
0.0298526
-0.200147
0.213853
-0.0711474
-0.00114737
0.219853
-0.222147
0.0698526
0.0328526
-0.196147
0.219853
-0.0781474
-0.0321474
0.226853
-0.226147
0.0418526
0.0178526
-0.190147
0.217853
-0.0841474
-0.0201474
0.226853
-0.221147
0.0348526
0.0758526
-0.188147
0.210853
-0.0481474
-0.0761474
0.222853
-0.211147
0.0128526
0.130853
-0.217147
0.163853
0.0348526
-0.119147
0.205853
-0.205147
0.00785263
0.124853
-0.216147
0.173853
0.0228526
-0.0691474
0.220853
-0.213147
0.0108526
0.0848526
-0.212147
0.189853
0.00185263
-0.0491474
0.218853
-0.211147
0.0238526
0.0958526
-0.215147
0.194853
-0.0241474
-0.0811474
0.209853
-0.202147
-0.000147368
0.138853
-0.216147
0.182853
0.0178526
-0.0861474
0.209853
-0.206147
-0.00814737
0.127853
-0.213147
0.162853
0.0518526
-0.0981474
0.204853
-0.187147
-0.0391474
0.174853
-0.217147
0.162853
0.0638526
-0.0951474
0.196853
-0.204147
-0.00814737
0.124853
-0.212147
0.179853
0.00685263
-0.0531474
0.216853
-0.210147
0.0168526
0.0938526
-0.207147
0.197853
-0.0561474
-0.0341474
0.220853
-0.227147
0.0538526
0.0288526
-0.209147
