-1.35753
0.240184
-0.151316
0.222684
-0.102316
-0.161316
0.258684
-0.206316
0.0606842
0.202684
-0.222316
0.156684
-0.0913158
-0.165316
0.245684
-0.196316
0.0246842
0.229684
-0.245316
0.107684
-0.0963158
-0.172316
0.246684
-0.151316
0.0176842
0.235684
-0.249316
0.0886842
-0.0493158
-0.199316
0.244684
-0.157316
0.00568421
0.233684
-0.242316
0.0926842
0.00168421
-0.214316
0.233684
-0.120316
0.0116842
0.228684
-0.237316
0.0986842
-0.0203158
-0.200316
0.225684
-0.102316
-0.0163158
0.231684
-0.243316
0.0616842
0.0806842
-0.220316
0.203684
-0.0603158
-0.0683158
0.242684
-0.239316
0.0136842
0.131684
-0.237316
0.223684
-0.0483158
-0.0553158
0.232684
-0.241316
0.0286842
0.0726842
-0.235316
0.212684
-0.0473158
-0.0393158
0.235684
-0.235316
0.0236842
0.0346842
-0.218316
0.217684
-0.0763158
-0.0443158
0.232684
-0.235316
0.0576842
0.0876842
-0.234316
0.205684
-0.0383158
-0.0763158
0.234684
-0.237316
0.0346842
0.0896842
-0.239316
0.209684
-0.0453158
-0.0703158
0.230684
-0.230316
0.00668421
0.0966842
-0.236316
0.183684
0.0166842
-0.107316
0.219684
-0.226316
0.00168421
0.102684
-0.239316
0.205684
-0.0373158
-0.0663158
0.231684
-0.237316
0.0316842
0.0476842
-0.224316
0.215684
-0.0763158
-0.0353158
0.230684
-0.232316
0.0856842
-0.0213158
-0.206316
0.248684
-0.137316
0.0216842
0.240684
