-1.35753
0.234246
-0.235137
0.127863
0.0828632
-0.233137
0.215863
-0.0531368
-0.0591368
0.241863
-0.245137
0.0468632
0.0858632
-0.229137
0.212863
-0.0451368
-0.100137
0.230863
-0.237137
-0.0161368
0.0858632
-0.236137
0.183863
0.0218632
-0.106137
0.223863
-0.229137
-0.0331368
0.122863
-0.244137
0.183863
0.0138632
-0.106137
0.225863
-0.230137
-0.0241368
0.165863
-0.244137
0.167863
0.0598632
-0.100137
0.222863
-0.227137
-0.0161368
0.136863
-0.239137
0.153863
0.0578632
-0.129137
0.219863
-0.218137
-0.0471368
0.203863
-0.238137
0.116863
0.103863
-0.159137
0.196863
-0.153137
-0.0961368
0.221863
-0.232137
0.120863
0.106863
-0.164137
0.185863
-0.169137
-0.0941368
0.198863
-0.234137
0.131863
0.105863
-0.128137
0.196863
-0.196137
-0.0651368
0.158863
-0.233137
0.153863
0.0708632
-0.138137
0.198863
-0.202137
-0.0551368
0.200863
-0.223137
0.123863
0.108863
-0.164137
0.185863
-0.186137
-0.0791368
0.206863
-0.218137
0.135863
0.107863
-0.152137
0.194863
-0.172137
-0.0881368
0.201863
-0.225137
0.0888632
0.145863
-0.189137
0.158863
-0.177137
-0.0981368
0.205863
-0.216137
0.135863
0.108863
-0.152137
0.181863
-0.181137
-0.0701368
0.169863
-0.233137
0.150863
0.0658632
-0.133137
0.207863
-0.215137
-0.0101368
0.127863
-0.237137
0.202863
0.0158632
-0.0851368
0.250863
