-0.452428
0.243074
0.0468632
0.221863
-0.253137
0.0378632
0.0868632
-0.241137
0.236863
-0.0791368
-0.0581368
0.254863
-0.245137
0.0348632
0.0908632
-0.238137
0.203863
-0.000136842
-0.120137
0.239863
-0.238137
0.0208632
0.143863
-0.244137
0.197863
0.0138632
-0.118137
0.237863
-0.235137
-0.00913684
0.147863
-0.239137
0.189863
0.00986316
-0.119137
0.234863
-0.219137
-0.0371368
0.178863
-0.243137
0.194863
0.00586316
-0.108137
0.238863
-0.229137
-0.0211368
0.173863
-0.241137
0.178863
0.0168632
-0.133137
0.219863
-0.188137
-0.0481368
0.215863
-0.236137
0.122863
0.111863
-0.189137
0.190863
-0.140137
-0.110137
0.218863
-0.227137
0.117863
0.118863
-0.182137
0.189863
-0.174137
-0.0901368
0.206863
-0.233137
0.150863
0.0998632
-0.164137
0.193863
-0.206137
-0.0571368
0.187863
-0.238137
0.139863
0.0888632
-0.152137
0.205863
-0.167137
-0.104137
0.216863
-0.230137
0.105863
0.137863
-0.160137
0.192863
-0.157137
-0.109137
0.212863
-0.229137
0.107863
0.115863
-0.180137
0.174863
-0.154137
-0.108137
0.227863
-0.214137
0.0698632
0.176863
-0.178137
0.169863
-0.152137
-0.116137
0.208863
-0.221137
0.116863
0.125863
-0.168137
0.190863
-0.188137
-0.0711368
0.188863
-0.232137
0.130863
0.0718632
-0.126137
0.217863
-0.212137
-0.0411368
0.161863
-0.253137
0.198863
0.00786316
