-1.20658
0.232751
0.132011
-0.235989
0.129011
0.143011
-0.176989
0.192011
-0.167989
-0.0789895
0.220011
-0.239989
0.120011
0.147011
-0.173989
0.185011
-0.126989
-0.126989
0.246011
-0.197989
0.107011
0.163011
-0.201989
0.151011
-0.103989
-0.143989
0.241011
-0.180989
0.0840105
0.193011
-0.207989
0.147011
-0.0879895
-0.140989
0.245011
-0.176989
0.0480105
0.210011
-0.212989
0.122011
-0.105989
-0.136989
0.234011
-0.191989
0.0630105
0.200011
-0.217989
0.118011
-0.0539895
-0.144989
0.241011
-0.153989
0.00601053
0.219011
-0.228989
0.0960105
0.0250105
-0.195989
0.220011
-0.0899895
-0.0459895
0.237011
-0.218989
0.0930105
0.0100105
-0.193989
0.227011
-0.0989895
0.0120105
0.229011
-0.226989
0.0890105
-0.0319895
-0.181989
0.237011
-0.113989
0.0160105
0.224011
-0.213989
0.0960105
-0.00798947
-0.184989
0.235011
-0.132989
-0.0129895
0.234011
-0.225989
0.0700105
0.0500105
-0.198989
0.225011
-0.102989
-0.0199895
0.232011
-0.226989
0.0670105
0.0450105
-0.197989
0.216011
-0.0539895
-0.0339895
0.232011
-0.224989
0.0330105
0.0950105
-0.222989
0.216011
-0.0439895
-0.0299895
0.228011
-0.223989
0.0670105
0.0320105
-0.199989
0.223011
-0.104989
0.0150105
0.226011
-0.216989
0.0980105
-0.00498947
-0.175989
0.231011
-0.156989
0.0470105
0.219011
-0.214989
0.133011
-0.101989
-0.152989
