-1.35753
0.233923
-0.163695
-0.104695
0.250305
-0.147695
-0.00369474
0.240305
-0.218695
0.107305
-0.0426947
-0.172695
0.244305
-0.148695
0.00230526
0.233305
-0.228695
0.0603053
0.0433053
-0.209695
0.244305
-0.133695
-0.0436947
0.247305
-0.231695
0.0473053
0.0573053
-0.214695
0.233305
-0.0886947
-0.0516947
0.243305
-0.224695
0.0493053
0.0653053
-0.221695
0.220305
-0.0476947
-0.0726947
0.236305
-0.226695
0.0553053
0.0373053
-0.213695
0.224305
-0.0786947
-0.0756947
0.239305
-0.228695
0.0453053
0.0813053
-0.222695
0.183305
-0.0346947
-0.116695
0.233305
-0.209695
-0.0186947
0.187305
-0.236695
0.149305
0.0523053
-0.105695
0.222305
-0.214695
-0.0146947
0.162305
-0.233695
0.183305
0.00930526
-0.100695
0.226305
-0.219695
-0.00669474
0.139305
-0.225695
0.204305
-0.0276947
-0.0776947
0.233305
-0.214695
-0.00569474
0.118305
-0.223695
0.169305
0.0603053
-0.117695
0.220305
-0.195695
-0.0386947
0.149305
-0.223695
0.163305
0.0633053
-0.113695
0.219305
-0.199695
-0.0266947
0.172305
-0.226695
0.162305
0.0603053
-0.143695
0.199305
-0.178695
-0.0736947
0.167305
-0.229695
0.166305
0.0833053
-0.114695
0.214305
-0.205695
-0.0316947
0.154305
-0.235695
0.191305
0.0113053
-0.0916947
0.231305
-0.212695
0.00530526
0.0703053
-0.214695
0.216305
-0.0416947
-0.0576947
0.258305
-0.246695
0.0533053
