-1.35753
0.242258
0.256663
-0.220337
-0.0173368
0.256663
-0.246337
0.0806632
0.0266632
-0.208337
0.253663
-0.134337
-0.0173368
0.253663
-0.241337
0.0766632
0.0876632
-0.232337
0.224663
-0.0363368
-0.0303368
0.252663
-0.237337
0.0216632
0.105663
-0.232337
0.213663
-0.00733684
-0.0583368
0.249663
-0.232337
0.0286632
0.112663
-0.235337
0.210663
-0.00433684
-0.0923368
0.242663
-0.221337
-0.00733684
0.104663
-0.233337
0.210663
-0.0213368
-0.0793368
0.247663
-0.221337
-0.0153368
0.149663
-0.232337
0.197663
0.0286632
-0.136337
0.236663
-0.192337
-0.0403368
0.191663
-0.239337
0.136663
0.103663
-0.170337
0.204663
-0.202337
-0.0503368
0.191663
-0.239337
0.145663
0.103663
-0.136337
0.222663
-0.200337
-0.0453368
0.159663
-0.239337
0.169663
0.0666632
-0.103337
0.230663
-0.214337
-0.0233368
0.174663
-0.239337
0.173663
0.0526632
-0.149337
0.202663
-0.188337
-0.0613368
0.203663
-0.237337
0.158663
0.0926632
-0.152337
0.202663
-0.185337
-0.0663368
0.200663
-0.234337
0.126663
0.127663
-0.162337
0.203663
-0.151337
-0.102337
0.231663
-0.213337
0.134663
0.142663
-0.154337
0.187663
-0.188337
-0.0643368
0.195663
-0.231337
0.148663
0.0936632
-0.121337
0.220663
-0.199337
-0.0353368
0.173663
-0.237337
0.195663
0.00366316
-0.0863368
0.234663
-0.240337
-0.00233684
0.115663
-0.257337
