2.96565
0.23866
-0.124084
-0.136084
0.235916
-0.105084
-0.0340842
0.245916
-0.235084
0.0809158
0.0159158
-0.202084
0.236916
-0.0990842
-0.0330842
0.243916
-0.236084
0.0279158
0.109916
-0.238084
0.229916
-0.0710842
-0.0790842
0.237916
-0.235084
0.00891579
0.116916
-0.236084
0.212916
-0.0330842
-0.0830842
0.238916
-0.230084
0.0189158
0.126916
-0.235084
0.194916
0.00691579
-0.104084
0.229916
-0.233084
0.0259158
0.0939158
-0.234084
0.204916
-0.0220842
-0.0950842
0.230916
-0.234084
0.0139158
0.133916
-0.236084
0.160916
0.0169158
-0.136084
0.223916
-0.205084
-0.0460842
0.212916
-0.240084
0.118916
0.102916
-0.132084
0.211916
-0.203084
-0.0440842
0.194916
-0.239084
0.171916
0.0609158
-0.116084
0.219916
-0.220084
-0.0160842
0.161916
-0.238084
0.197916
-0.00408421
-0.0930842
0.227916
-0.214084
-0.0180842
0.142916
-0.236084
0.166916
0.0729158
-0.124084
0.216916
-0.194084
-0.0450842
0.158916
-0.233084
0.160916
0.0799158
-0.109084
0.218916
-0.204084
-0.0350842
0.185916
-0.235084
0.152916
0.0799158
-0.157084
0.193916
-0.172084
-0.0850842
0.180916
-0.234084
0.156916
0.106916
-0.123084
0.214916
-0.206084
-0.0420842
0.168916
-0.237084
0.186916
0.0279158
-0.102084
0.225916
-0.213084
-0.00508421
0.0909158
-0.222084
0.213916
-0.0330842
-0.0580842
0.256916
-0.249084
0.0579158
