-0.301617
0.237514
0.0597684
0.212768
-0.257232
0.0507684
0.0797684
-0.233232
0.228768
-0.0862316
-0.0412316
0.246768
-0.251232
0.0427684
0.0767684
-0.234232
0.206768
-0.0132316
-0.0932316
0.237768
-0.248232
0.0357684
0.134768
-0.251232
0.204768
0.0117684
-0.102232
0.229768
-0.239232
0.0137684
0.131768
-0.239232
0.192768
0.000768421
-0.0972316
0.227768
-0.227232
-0.0162316
0.167768
-0.249232
0.197768
-0.00323158
-0.0902316
0.233768
-0.228232
-0.00923158
0.174768
-0.243232
0.168768
0.0177684
-0.121232
0.216768
-0.190232
-0.0282316
0.206768
-0.243232
0.133768
0.101768
-0.180232
0.186768
-0.152232
-0.0992316
0.199768
-0.231232
0.126768
0.101768
-0.167232
0.189768
-0.186232
-0.0712316
0.195768
-0.233232
0.153768
0.0947684
-0.147232
0.201768
-0.215232
-0.0242316
0.153768
-0.240232
0.155768
0.0607684
-0.126232
0.210768
-0.194232
-0.0752316
0.184768
-0.236232
0.132768
0.0917684
-0.127232
0.204768
-0.186232
-0.0682316
0.178768
-0.235232
0.145768
0.0767684
-0.149232
0.194768
-0.190232
-0.0722316
0.206768
-0.224232
0.101768
0.144768
-0.142232
0.186768
-0.187232
-0.0782316
0.175768
-0.232232
0.142768
0.0917684
-0.132232
0.203768
-0.207232
-0.0362316
0.148768
-0.239232
0.163768
0.0327684
-0.0812316
0.223768
-0.225232
0.000768421
0.108768
-0.249232
0.214768
-0.0482316
