4.47395
0.230159
-0.198032
0.174968
-3.15789e-05
-0.209032
0.235968
-0.122032
-0.0180316
0.237968
-0.237032
0.0859684
0.0219684
-0.209032
0.227968
-0.107032
-0.0560316
0.235968
-0.239032
0.0289684
0.0179684
-0.216032
0.210968
-0.0490316
-0.0530316
0.233968
-0.237032
0.0169684
0.0509684
-0.228032
0.211968
-0.0570316
-0.0650316
0.232968
-0.239032
0.0189684
0.0979684
-0.236032
0.193968
-0.0160316
-0.0540316
0.233968
-0.234032
0.0329684
0.0759684
-0.227032
0.187968
-0.00203158
-0.0800316
0.227968
-0.231032
-0.00103158
0.155968
-0.234032
0.155968
0.0349684
-0.119032
0.214968
-0.194032
-0.0560316
0.191968
-0.238032
0.164968
0.0419684
-0.120032
0.207968
-0.203032
-0.0490316
0.155968
-0.236032
0.167968
0.0519684
-0.0870316
0.215968
-0.210032
-0.0260316
0.104968
-0.231032
0.180968
0.00696842
-0.102032
0.218968
-0.225032
-0.0100316
0.155968
-0.233032
0.155968
0.0559684
-0.134032
0.204968
-0.207032
-0.0420316
0.172968
-0.230032
0.156968
0.0639684
-0.133032
0.207968
-0.186032
-0.0650316
0.179968
-0.230032
0.113968
0.118968
-0.165032
0.173968
-0.186032
-0.0780316
0.176968
-0.221032
0.149968
0.0769684
-0.131032
0.197968
-0.199032
-0.0450316
0.143968
-0.234032
0.168968
0.0319684
-0.111032
0.210968
-0.223032
0.0139684
0.0829684
-0.230032
0.212968
-0.0250316
-0.0590316
0.247968
