-1.50923
0.232581
-0.173653
0.200347
-0.0646526
-0.178653
0.249347
-0.175653
0.0283474
0.214347
-0.224653
0.136347
-0.0556526
-0.176653
0.242347
-0.165653
-0.00565263
0.233347
-0.239653
0.0743474
-0.0496526
-0.188653
0.234347
-0.113653
-0.0156526
0.235347
-0.243653
0.0613474
-0.00565263
-0.209653
0.232347
-0.111653
-0.0296526
0.234347
-0.240653
0.0573474
0.0513474
-0.220653
0.215347
-0.0646526
-0.0236526
0.233347
-0.238653
0.0673474
0.0263474
-0.210653
0.206347
-0.0576526
-0.0476526
0.226347
-0.239653
0.0313474
0.124347
-0.223653
0.177347
-0.0106526
-0.0966526
0.232347
-0.216653
-0.0216526
0.171347
-0.241653
0.181347
0.000347368
-0.0976526
0.219347
-0.217653
-0.0146526
0.123347
-0.236653
0.178347
0.0133474
-0.0756526
0.223347
-0.221653
-0.00765263
0.0783474
-0.227653
0.197347
-0.0266526
-0.0796526
0.228347
-0.227653
0.0173474
0.134347
-0.236653
0.178347
0.0163474
-0.111653
0.220347
-0.224653
-0.00765263
0.141347
-0.234653
0.180347
0.0193474
-0.108653
0.218347
-0.209653
-0.0286526
0.145347
-0.234653
0.148347
0.0723474
-0.138653
0.197347
-0.213653
-0.0396526
0.141347
-0.233653
0.177347
0.0143474
-0.100653
0.212347
-0.219653
-0.00365263
0.0923474
-0.232653
0.193347
-0.0246526
-0.0806526
0.223347
-0.224653
0.0463474
0.0433474
-0.222653
0.236347
-0.0756526
-0.0326526
0.249347
