-1.20658
0.224948
-0.120042
0.216958
-0.132042
-0.132042
0.237958
-0.208042
0.0749579
0.172958
-0.191042
0.162958
-0.119042
-0.133042
0.226958
-0.200042
0.0459579
0.204958
-0.221042
0.116958
-0.117042
-0.140042
0.235958
-0.168042
0.0369579
0.203958
-0.223042
0.105958
-0.0850421
-0.161042
0.229958
-0.173042
0.0299579
0.207958
-0.223042
0.107958
-0.0320421
-0.179042
0.223958
-0.142042
0.0349579
0.199958
-0.212042
0.115958
-0.0440421
-0.170042
0.222958
-0.122042
0.00595789
0.199958
-0.225042
0.0839579
0.0379579
-0.188042
0.210958
-0.0980421
-0.0350421
0.220958
-0.230042
0.0379579
0.0879579
-0.217042
0.210958
-0.0830421
-0.0340421
0.214958
-0.231042
0.0459579
0.0419579
-0.201042
0.208958
-0.0670421
-0.00704211
0.218958
-0.226042
0.0649579
-0.0340421
-0.177042
0.217958
-0.133042
0.00395789
0.212958
-0.222042
0.0829579
0.0269579
-0.207042
0.208958
-0.0890421
-0.0340421
0.218958
-0.220042
0.0689579
0.0389579
-0.204042
0.208958
-0.0930421
-0.0260421
0.210958
-0.221042
0.0469579
0.0489579
-0.206042
0.194958
-0.0360421
-0.0730421
0.210958
-0.220042
0.0359579
0.0429579
-0.210042
0.210958
-0.0780421
-0.0260421
0.213958
-0.217042
0.0579579
-0.00104211
-0.189042
0.204958
-0.107042
-0.0150421
0.208958
-0.205042
0.101958
-0.0500421
-0.171042
0.236958
-0.158042
0.0469579
0.204958
