0.100539
0.234922
0.163347
0.0833474
-0.216653
0.148347
-0.0806526
-0.163653
0.256347
-0.200653
0.0573474
0.200347
-0.220653
0.136347
-0.0776526
-0.165653
0.249347
-0.144653
-0.00965263
0.237347
-0.215653
0.125347
-0.00765263
-0.197653
0.248347
-0.125653
-0.0116526
0.238347
-0.223653
0.0913474
-0.00365263
-0.193653
0.236347
-0.122653
-0.0126526
0.229347
-0.228653
0.0663474
0.0423474
-0.210653
0.242347
-0.124653
-0.0126526
0.233347
-0.231653
0.0753474
0.0483474
-0.212653
0.241347
-0.105653
-0.0356526
0.233347
-0.226653
0.0443474
0.121347
-0.228653
0.199347
-0.0196526
-0.111653
0.233347
-0.209653
-0.0146526
0.123347
-0.217653
0.199347
-0.0156526
-0.106653
0.227347
-0.222653
0.00834737
0.103347
-0.229653
0.209347
0.000347368
-0.103653
0.227347
-0.223653
0.00934737
0.102347
-0.226653
0.201347
-0.0246526
-0.0846526
0.231347
-0.214653
-0.0296526
0.143347
-0.232653
0.169347
0.0423474
-0.101653
0.223347
-0.210653
-0.0346526
0.135347
-0.230653
0.176347
0.0253474
-0.134653
0.209347
-0.198653
-0.0466526
0.185347
-0.224653
0.145347
0.103347
-0.127653
0.202347
-0.193653
-0.0546526
0.145347
-0.227653
0.170347
0.0433474
-0.112653
0.217347
-0.209653
-0.00965263
0.120347
-0.228653
0.177347
0.000347368
-0.0696526
0.226347
-0.222653
0.0143474
0.0733474
-0.231653
0.234347
-0.0776526
