1.85956
0.240117
0.173779
-0.245221
0.0997789
0.185779
-0.199221
0.173779
-0.136221
-0.115221
0.244779
-0.225221
0.0917789
0.186779
-0.199221
0.171779
-0.0762211
-0.157221
0.257779
-0.178221
0.0847789
0.191779
-0.216221
0.129779
-0.0702211
-0.165221
0.253779
-0.165221
0.0627789
0.216779
-0.219221
0.133779
-0.0612211
-0.172221
0.253779
-0.157221
0.0217789
0.232779
-0.228221
0.104779
-0.0772211
-0.164221
0.253779
-0.183221
0.0487789
0.221779
-0.226221
0.104779
-0.0332211
-0.159221
0.250779
-0.143221
-0.0172211
0.226779
-0.234221
0.0857789
0.0387789
-0.201221
0.223779
-0.0832211
-0.0642211
0.239779
-0.237221
0.0717789
0.0357789
-0.202221
0.233779
-0.0792211
-0.0202211
0.240779
-0.231221
0.0647789
-0.00322105
-0.199221
0.244779
-0.105221
0.0247789
0.223779
-0.220221
0.107779
-0.0162211
-0.184221
0.244779
-0.133221
-0.0202211
0.235779
-0.227221
0.0707789
0.0487789
-0.210221
0.235779
-0.100221
-0.0322211
0.243779
-0.231221
0.0657789
0.0397789
-0.200221
0.225779
-0.0622211
-0.0342211
0.237779
-0.232221
0.0297789
0.103779
-0.228221
0.222779
-0.0462211
-0.0392211
0.230779
-0.229221
0.0667789
0.0347789
-0.210221
0.231779
-0.0982211
0.00677895
0.233779
-0.222221
0.0937789
-0.00622105
-0.181221
0.238779
-0.162221
0.0357789
0.222779
-0.218221
0.133779
-0.0962211
-0.166221
