-0.754056
0.242254
-0.0361368
0.252863
-0.226137
-0.0441368
0.193863
-0.264137
0.172863
0.0558632
-0.134137
0.230863
-0.218137
-0.0481368
0.189863
-0.257137
0.128863
0.125863
-0.184137
0.192863
-0.210137
-0.0641368
0.226863
-0.237137
0.118863
0.147863
-0.187137
0.183863
-0.195137
-0.0861368
0.219863
-0.244137
0.122863
0.125863
-0.177137
0.190863
-0.165137
-0.108137
0.229863
-0.234137
0.134863
0.113863
-0.165137
0.200863
-0.181137
-0.0911368
0.222863
-0.223137
0.107863
0.126863
-0.183137
0.171863
-0.100137
-0.119137
0.232863
-0.206137
0.0558632
0.185863
-0.226137
0.132863
-0.0401368
-0.170137
0.244863
-0.178137
0.0578632
0.185863
-0.221137
0.140863
-0.0961368
-0.149137
0.229863
-0.196137
0.0858632
0.185863
-0.215137
0.141863
-0.131137
-0.134137
0.225863
-0.202137
0.0658632
0.178863
-0.199137
0.160863
-0.0841368
-0.169137
0.233863
-0.176137
0.0318632
0.204863
-0.210137
0.138863
-0.0731368
-0.173137
0.232863
-0.179137
0.0408632
0.192863
-0.220137
0.117863
-0.0611368
-0.174137
0.230863
-0.137137
0.00486316
0.219863
-0.214137
0.111863
-0.0691368
-0.180137
0.229863
-0.168137
0.0528632
0.194863
-0.206137
0.141863
-0.123137
-0.137137
0.218863
-0.207137
0.0768632
0.155863
-0.169137
0.182863
-0.179137
-0.0901368
0.213863
-0.245137
0.151863
0.103863
