-1.50923
0.248416
-0.199642
0.210358
-0.0396421
-0.204642
0.263358
-0.167642
0.0193579
0.235358
-0.247642
0.134358
-0.0326421
-0.201642
0.255358
-0.157642
-0.0146421
0.248358
-0.260642
0.0673579
-0.0336421
-0.215642
0.244358
-0.104642
-0.0286421
0.251358
-0.253642
0.0553579
0.00135789
-0.231642
0.241358
-0.112642
-0.0346421
0.252358
-0.259642
0.0523579
0.0643579
-0.245642
0.227358
-0.0636421
-0.0216421
0.249358
-0.252642
0.0693579
0.0323579
-0.233642
0.220358
-0.0576421
-0.0546421
0.242358
-0.252642
0.0353579
0.127358
-0.241642
0.196358
-0.0156421
-0.108642
0.245358
-0.229642
-0.0226421
0.173358
-0.254642
0.203358
0.00535789
-0.104642
0.239358
-0.234642
-0.0166421
0.127358
-0.248642
0.204358
0.000357895
-0.0616421
0.245358
-0.242642
0.000357895
0.0693579
-0.243642
0.217358
-0.0386421
-0.0816421
0.241358
-0.248642
0.0173579
0.133358
-0.251642
0.197358
0.00835789
-0.116642
0.236358
-0.240642
-0.00364211
0.139358
-0.250642
0.198358
0.0143579
-0.107642
0.234358
-0.225642
-0.0316421
0.148358
-0.251642
0.165358
0.0663579
-0.152642
0.216358
-0.225642
-0.0366421
0.143358
-0.248642
0.197358
0.0133579
-0.106642
0.230358
-0.235642
-0.00364211
0.0903579
-0.247642
0.212358
-0.0316421
-0.0816421
0.238358
-0.241642
0.0533579
0.0343579
-0.235642
0.248358
-0.0926421
-0.0156421
0.260358
