1.20658
0.222296
0.241621
-0.167379
-0.0533789
0.235621
-0.229379
0.0296211
0.0956211
-0.219379
0.210621
-0.0603789
-0.0593789
0.235621
-0.225379
0.0206211
0.145621
-0.233379
0.172621
0.0416211
-0.0693789
0.226621
-0.204379
-0.0253789
0.152621
-0.230379
0.158621
0.0656211
-0.0853789
0.213621
-0.199379
-0.0173789
0.153621
-0.225379
0.163621
0.0566211
-0.109379
0.206621
-0.184379
-0.0383789
0.144621
-0.221379
0.163621
0.0446211
-0.104379
0.207621
-0.176379
-0.0533789
0.191621
-0.222379
0.143621
0.0926211
-0.155379
0.192621
-0.134379
-0.0803789
0.207621
-0.208379
0.0746211
0.157621
-0.182379
0.158621
-0.143379
-0.0803789
0.207621
-0.206379
0.0876211
0.151621
-0.147379
0.178621
-0.160379
-0.0813789
0.181621
-0.214379
0.116621
0.113621
-0.123379
0.193621
-0.181379
-0.0583789
0.182621
-0.219379
0.136621
0.0886211
-0.142379
0.169621
-0.154379
-0.0763789
0.203621
-0.205379
0.123621
0.107621
-0.149379
0.169621
-0.165379
-0.0753789
0.195621
-0.212379
0.103621
0.131621
-0.144379
0.171621
-0.130379
-0.100379
0.213621
-0.193379
0.105621
0.141621
-0.145379
0.158621
-0.160379
-0.0703789
0.190621
-0.204379
0.127621
0.110621
-0.120379
0.192621
-0.180379
-0.0443789
0.165621
-0.216379
0.163621
0.0216211
-0.0863789
0.211621
-0.218379
-0.00237895
0.124621
-0.237379
