4.17217
0.258771
-0.267853
0.132147
0.111147
-0.264853
0.223147
-0.0198526
-0.0868526
0.257147
-0.263853
0.0371474
0.123147
-0.265853
0.213147
-0.00885263
-0.125853
0.242147
-0.243853
-0.0368526
0.124147
-0.268853
0.183147
0.0651474
-0.133853
0.233147
-0.235853
-0.0598526
0.166147
-0.271853
0.177147
0.0571474
-0.134853
0.235147
-0.234853
-0.0568526
0.198147
-0.271853
0.150147
0.108147
-0.131853
0.237147
-0.239853
-0.0428526
0.177147
-0.269853
0.147147
0.107147
-0.165853
0.226147
-0.216853
-0.0768526
0.232147
-0.259853
0.109147
0.147147
-0.192853
0.202147
-0.132853
-0.128853
0.245147
-0.236853
0.120147
0.157147
-0.193853
0.195147
-0.157853
-0.121853
0.229147
-0.244853
0.132147
0.145147
-0.154853
0.207147
-0.180853
-0.103853
0.200147
-0.262853
0.149147
0.115147
-0.171853
0.204147
-0.198853
-0.0838526
0.223147
-0.233853
0.112147
0.160147
-0.200853
0.189147
-0.180853
-0.108853
0.233147
-0.231853
0.115147
0.160147
-0.191853
0.189147
-0.146853
-0.131853
0.234147
-0.233853
0.0751474
0.198147
-0.222853
0.153147
-0.149853
-0.144853
0.235147
-0.222853
0.116147
0.160147
-0.195853
0.179147
-0.168853
-0.114853
0.208147
-0.253853
0.136147
0.127147
-0.181853
0.208147
-0.214853
-0.0568526
0.183147
-0.268853
0.186147
0.0831474
-0.132853
0.257147
