-0.904879
0.230424
-0.0601579
0.243842
-0.200158
-0.0681579
0.210842
-0.244158
0.135842
0.0978421
-0.152158
0.203842
-0.186158
-0.0781579
0.207842
-0.236158
0.0958421
0.156842
-0.188158
0.164842
-0.185158
-0.0851579
0.226842
-0.216158
0.0908421
0.170842
-0.192158
0.156842
-0.158158
-0.106158
0.226842
-0.217158
0.0868421
0.161842
-0.190158
0.159842
-0.122158
-0.131158
0.233842
-0.203158
0.0968421
0.154842
-0.175158
0.163842
-0.137158
-0.118158
0.226842
-0.191158
0.0698421
0.158842
-0.199158
0.137842
-0.0531579
-0.139158
0.221842
-0.172158
0.0188421
0.203842
-0.229158
0.100842
-0.00115789
-0.182158
0.225842
-0.156158
0.0208421
0.198842
-0.222158
0.102842
-0.0531579
-0.161158
0.223842
-0.157158
0.0638421
0.183842
-0.208158
0.128842
-0.128158
-0.122158
0.217842
-0.194158
0.0578421
0.177842
-0.196158
0.139842
-0.0621579
-0.165158
0.222842
-0.170158
0.0228421
0.200842
-0.200158
0.124842
-0.0511579
-0.174158
0.221842
-0.162158
0.0318421
0.187842
-0.213158
0.101842
-0.0401579
-0.169158
0.217842
-0.126158
-0.00915789
0.211842
-0.210158
0.0908421
-0.0441579
-0.173158
0.220842
-0.155158
0.0288421
0.190842
-0.204158
0.119842
-0.0921579
-0.137158
0.215842
-0.186158
0.0588421
0.165842
-0.176158
0.155842
-0.151158
-0.109158
0.221842
-0.222158
0.111842
0.134842
