2.96565
0.236268
-0.128758
-0.136758
0.239242
-0.109758
-0.0317579
0.242242
-0.236758
0.0792421
0.0162421
-0.204758
0.235242
-0.0997579
-0.0257579
0.241242
-0.236758
0.0352421
0.0922421
-0.232758
0.230242
-0.0787579
-0.0757579
0.238242
-0.236758
0.0132421
0.111242
-0.232758
0.215242
-0.0337579
-0.0797579
0.239242
-0.231758
0.0222421
0.107242
-0.237758
0.201242
-0.00375789
-0.0977579
0.231242
-0.235758
0.0272421
0.0842421
-0.228758
0.211242
-0.0297579
-0.0977579
0.228242
-0.233758
0.0172421
0.131242
-0.232758
0.163242
0.0152421
-0.141758
0.217242
-0.194758
-0.0537579
0.208242
-0.239758
0.125242
0.116242
-0.125758
0.223242
-0.198758
-0.0437579
0.187242
-0.233758
0.169242
0.0632421
-0.117758
0.221242
-0.212758
-0.0287579
0.176242
-0.236758
0.184242
0.0332421
-0.104758
0.225242
-0.210758
-0.0317579
0.150242
-0.231758
0.159242
0.0902421
-0.136758
0.212242
-0.185758
-0.0497579
0.163242
-0.230758
0.154242
0.0872421
-0.122758
0.212242
-0.195758
-0.0367579
0.188242
-0.225758
0.148242
0.0912421
-0.157758
0.197242
-0.170758
-0.0877579
0.179242
-0.229758
0.153242
0.106242
-0.122758
0.214242
-0.202758
-0.0477579
0.163242
-0.240758
0.181242
0.0332421
-0.101758
0.225242
-0.208758
-0.00775789
0.0972421
-0.222758
0.211242
-0.0167579
-0.0617579
0.250242
-0.249758
0.0472421
