4.47395
0.224476
-0.200842
0.159158
0.00815789
-0.206842
0.223158
-0.110842
-0.0108421
0.224158
-0.232842
0.0871579
0.0191579
-0.198842
0.222158
-0.103842
-0.0468421
0.228158
-0.232842
0.0341579
0.0111579
-0.208842
0.207158
-0.0478421
-0.0538421
0.223158
-0.236842
0.0191579
0.0511579
-0.224842
0.202158
-0.0568421
-0.0598421
0.225158
-0.239842
0.0261579
0.100158
-0.229842
0.186158
-0.00784211
-0.0478421
0.223158
-0.232842
0.0281579
0.0731579
-0.220842
0.178158
-0.00284211
-0.0788421
0.219158
-0.226842
0.00415789
0.155158
-0.224842
0.153158
0.0281579
-0.118842
0.210158
-0.189842
-0.0458421
0.186158
-0.231842
0.163158
0.0401579
-0.115842
0.202158
-0.203842
-0.0348421
0.144158
-0.230842
0.169158
0.0371579
-0.0768421
0.207158
-0.214842
-0.0118421
0.0981579
-0.223842
0.183158
-0.00384211
-0.0888421
0.213158
-0.217842
-0.000842105
0.148158
-0.228842
0.156158
0.0421579
-0.118842
0.200158
-0.210842
-0.0218421
0.150158
-0.230842
0.160158
0.0421579
-0.108842
0.203158
-0.196842
-0.0378421
0.157158
-0.229842
0.128158
0.0861579
-0.143842
0.178158
-0.196842
-0.0528421
0.162158
-0.220842
0.164158
0.0411579
-0.101842
0.197158
-0.206842
-0.0138421
0.110158
-0.224842
0.171158
0.00215789
-0.0928421
0.209158
-0.219842
0.0321579
0.0571579
-0.222842
0.220158
-0.0508421
-0.0368421
0.240158
