0.552969
0.243148
0.230042
-0.0379579
-0.165958
0.218042
-0.184958
-0.0879579
0.229042
-0.249958
0.147042
0.106042
-0.174958
0.204042
-0.169958
-0.0979579
0.249042
-0.219958
0.0800421
0.196042
-0.176958
0.195042
-0.113958
-0.142958
0.248042
-0.204958
0.0690421
0.206042
-0.190958
0.169042
-0.111958
-0.128958
0.246042
-0.209958
0.0770421
0.193042
-0.208958
0.156042
-0.0779579
-0.159958
0.246042
-0.212958
0.0790421
0.186042
-0.201958
0.162042
-0.0659579
-0.159958
0.257042
-0.204958
0.0580421
0.206042
-0.230958
0.136042
-0.000957895
-0.186958
0.243042
-0.141958
-0.0199579
0.241042
-0.237958
0.0780421
-0.0219579
-0.186958
0.243042
-0.148958
-0.000957895
0.233042
-0.228958
0.108042
-0.0309579
-0.187958
0.247042
-0.150958
0.0160421
0.229042
-0.209958
0.135042
-0.0579579
-0.171958
0.245042
-0.159958
0.0290421
0.214042
-0.227958
0.0830421
-0.000957895
-0.192958
0.229042
-0.118958
0.00804211
0.227042
-0.227958
0.0770421
-0.00695789
-0.197958
0.234042
-0.125958
-0.0209579
0.235042
-0.227958
0.0840421
0.0450421
-0.218958
0.223042
-0.0519579
-0.0159579
0.231042
-0.225958
0.0640421
-0.00795789
-0.195958
0.238042
-0.116958
0.00904211
0.231042
-0.212958
0.112042
-0.0359579
-0.175958
0.233042
-0.160958
0.0510421
0.191042
-0.202958
0.144042
-0.101958
-0.156958
0.256042
-0.223958
