-1.35753
0.234324
0.251579
-0.208421
-0.0244211
0.245579
-0.241421
0.0645789
0.0475789
-0.207421
0.238579
-0.112421
-0.0314211
0.246579
-0.242421
0.0625789
0.0995789
-0.225421
0.208579
-0.0204211
-0.0334211
0.238579
-0.229421
0.0155789
0.113579
-0.230421
0.196579
0.00457895
-0.0484211
0.233579
-0.229421
0.0295789
0.120579
-0.224421
0.193579
0.0105789
-0.0944211
0.230579
-0.218421
-0.0114211
0.117579
-0.230421
0.196579
-0.00642105
-0.0784211
0.228579
-0.211421
-0.0214211
0.162579
-0.229421
0.175579
0.0485789
-0.138421
0.220579
-0.179421
-0.0504211
0.197579
-0.235421
0.117579
0.118579
-0.168421
0.191579
-0.177421
-0.0514211
0.197579
-0.238421
0.131579
0.109579
-0.133421
0.206579
-0.197421
-0.0614211
0.182579
-0.229421
0.133579
0.105579
-0.115421
0.212579
-0.204421
-0.0384211
0.180579
-0.233421
0.159579
0.0745789
-0.147421
0.182579
-0.170421
-0.0694211
0.209579
-0.221421
0.136579
0.104579
-0.153421
0.186579
-0.176421
-0.0764211
0.209579
-0.221421
0.105579
0.146579
-0.162421
0.182579
-0.131421
-0.108421
0.230579
-0.198421
0.105579
0.159579
-0.157421
0.166579
-0.173421
-0.0764211
0.203579
-0.221421
0.128579
0.115579
-0.126421
0.199579
-0.192421
-0.0474211
0.185579
-0.228421
0.171579
0.0325789
-0.0994211
0.221579
-0.226421
-0.0124211
0.140579
-0.250421
