3.26727
0.23636
-0.1964
-0.0754
0.2466
-0.1834
0.0266
0.2186
-0.2164
0.1366
-0.0884
-0.1494
0.2416
-0.1844
0.0426
0.2136
-0.2274
0.1006
-0.0114
-0.1964
0.2456
-0.1724
-0.0044
0.2326
-0.2304
0.0876
0.0056
-0.2004
0.2386
-0.1404
-0.0064
0.2316
-0.2304
0.0946
-0.0004
-0.1984
0.2316
-0.1104
-0.0314
0.2346
-0.2284
0.0926
-0.0094
-0.1974
0.2366
-0.1254
-0.0324
0.2376
-0.2414
0.0806
0.0386
-0.2124
0.2006
-0.0824
-0.0784
0.2406
-0.2304
0.0266
0.1426
-0.2394
0.1796
-0.0024
-0.0684
0.2326
-0.2274
0.0276
0.1146
-0.2324
0.2096
-0.0394
-0.0584
0.2346
-0.2284
0.0476
0.0696
-0.2174
0.2236
-0.1014
-0.0224
0.2316
-0.2244
0.0526
0.0366
-0.2124
0.2106
-0.0334
-0.0574
0.2336
-0.2224
0.0286
0.0636
-0.2194
0.2006
-0.0174
-0.0524
0.2306
-0.2234
0.0426
0.0966
-0.2294
0.1976
-0.0204
-0.0954
0.2246
-0.2204
-0.0194
0.0936
-0.2324
0.2026
-0.0014
-0.0554
0.2306
-0.2304
0.0316
0.0666
-0.2204
0.2226
-0.0844
-0.0294
0.2306
-0.2214
0.0756
-0.0154
-0.1884
0.2396
-0.1304
0.0086
0.2486
-0.2314
0.1316
