1.96016
0.224749
0.142674
-0.230326
0.107674
0.153674
-0.183326
0.179674
-0.153326
-0.0903263
0.223674
-0.221326
0.102674
0.158674
-0.177326
0.177674
-0.0973263
-0.134326
0.238674
-0.187326
0.0966737
0.164674
-0.202326
0.138674
-0.0833263
-0.148326
0.234674
-0.167326
0.0796737
0.184674
-0.200326
0.143674
-0.0853263
-0.137326
0.233674
-0.172326
0.0496737
0.203674
-0.212326
0.121674
-0.0983263
-0.136326
0.226674
-0.188326
0.0586737
0.195674
-0.215326
0.115674
-0.0443263
-0.141326
0.230674
-0.146326
-0.00132632
0.210674
-0.221326
0.0866737
0.0286737
-0.196326
0.210674
-0.0793263
-0.0543263
0.227674
-0.216326
0.0786737
0.0346737
-0.191326
0.210674
-0.0793263
-0.00832632
0.225674
-0.217326
0.0846737
-0.0173263
-0.180326
0.226674
-0.102326
0.0176737
0.210674
-0.205326
0.0986737
-0.00632632
-0.182326
0.226674
-0.128326
-0.0163263
0.223674
-0.216326
0.0666737
0.0516737
-0.192326
0.220674
-0.0883263
-0.0263263
0.223674
-0.218326
0.0636737
0.0416737
-0.192326
0.203674
-0.0573263
-0.0393263
0.221674
-0.216326
0.0316737
0.103674
-0.213326
0.204674
-0.0393263
-0.0383263
0.220674
-0.216326
0.0566737
0.0416737
-0.196326
0.213674
-0.0843263
0.00367368
0.217674
-0.205326
0.0836737
0.000673684
-0.175326
0.222674
-0.156326
0.0366737
0.209674
-0.216326
0.126674
-0.0873263
-0.149326
