4.17217
0.252408
-0.261337
0.111663
0.134663
-0.261337
0.201663
0.00466316
-0.100337
0.250663
-0.256337
0.0196632
0.150663
-0.259337
0.199663
0.0116632
-0.134337
0.232663
-0.232337
-0.0503368
0.144663
-0.264337
0.170663
0.0776632
-0.149337
0.220663
-0.222337
-0.0703368
0.179663
-0.268337
0.163663
0.0766632
-0.144337
0.226663
-0.215337
-0.0653368
0.208663
-0.261337
0.143663
0.107663
-0.136337
0.223663
-0.227337
-0.0463368
0.184663
-0.261337
0.130663
0.119663
-0.163337
0.219663
-0.202337
-0.0833368
0.230663
-0.256337
0.0936632
0.155663
-0.202337
0.188663
-0.120337
-0.141337
0.245663
-0.225337
0.109663
0.160663
-0.196337
0.180663
-0.141337
-0.125337
0.231663
-0.234337
0.101663
0.170663
-0.177337
0.187663
-0.155337
-0.113337
0.206663
-0.250337
0.131663
0.133663
-0.180337
0.193663
-0.175337
-0.0953368
0.235663
-0.217337
0.0946632
0.176663
-0.209337
0.168663
-0.158337
-0.122337
0.235663
-0.215337
0.0966632
0.173663
-0.205337
0.173663
-0.125337
-0.144337
0.238663
-0.212337
0.0566632
0.208663
-0.230337
0.130663
-0.120337
-0.154337
0.242663
-0.205337
0.0946632
0.175663
-0.196337
0.173663
-0.151337
-0.122337
0.212663
-0.244337
0.129663
0.122663
-0.181337
0.203663
-0.208337
-0.0563368
0.182663
-0.258337
0.177663
0.0886632
-0.138337
0.252663
