-0.150808
0.236608
0.116168
0.165168
-0.248832
0.106168
0.00116842
-0.207832
0.249168
-0.148832
0.00716842
0.236168
-0.247832
0.0901684
0.0101684
-0.212832
0.231168
-0.0758316
-0.0478316
0.245168
-0.238832
0.0891684
0.0631684
-0.227832
0.224168
-0.0598316
-0.0548316
0.240168
-0.239832
0.0551684
0.0701684
-0.223832
0.220168
-0.0658316
-0.0598316
0.239168
-0.239832
0.0281684
0.113168
-0.236832
0.222168
-0.0688316
-0.0438316
0.239168
-0.235832
0.0451684
0.112168
-0.231832
0.209168
-0.0538316
-0.0728316
0.231168
-0.221832
0.0151684
0.164168
-0.241832
0.175168
0.0331684
-0.133832
0.215168
-0.197832
-0.0458316
0.153168
-0.238832
0.173168
0.0361684
-0.123832
0.219168
-0.219832
-0.0198316
0.140168
-0.240832
0.199168
0.00316842
-0.0988316
0.227168
-0.234832
0.0191684
0.102168
-0.237832
0.191168
-0.00183158
-0.0818316
0.228168
-0.221832
-0.0258316
0.150168
-0.237832
0.166168
0.0391684
-0.101832
0.221168
-0.211832
-0.0438316
0.148168
-0.237832
0.172168
0.0291684
-0.122832
0.210168
-0.208832
-0.0408316
0.186168
-0.234832
0.132168
0.109168
-0.124832
0.203168
-0.205832
-0.0578316
0.145168
-0.231832
0.172168
0.0481684
-0.108832
0.218168
-0.224832
-0.00483158
0.111168
-0.235832
0.183168
-0.0168316
-0.0558316
0.223168
-0.235832
0.0321684
0.0631684
-0.238832
0.234168
-0.0968316
