1.60635
0.231954
0.207505
-0.241495
0.0545053
0.215505
-0.221495
0.136505
-0.0774947
-0.149495
0.244505
-0.195495
0.0485053
0.217505
-0.215495
0.127505
-0.0124947
-0.188495
0.240505
-0.122495
0.0445053
0.224505
-0.230495
0.0835053
0.00850526
-0.200495
0.225505
-0.0874947
0.0105053
0.232505
-0.231495
0.0795053
0.0275053
-0.196495
0.226505
-0.0874947
-0.0224947
0.235505
-0.232495
0.0565053
0.0165053
-0.200495
0.226505
-0.107495
-0.00649474
0.237505
-0.230495
0.0495053
0.0675053
-0.201495
0.217505
-0.0554947
-0.0754947
0.233505
-0.221495
0.0205053
0.125505
-0.227495
0.177505
0.0215053
-0.109495
0.225505
-0.213495
0.0275053
0.120505
-0.228495
0.184505
0.0115053
-0.0704947
0.231505
-0.230495
0.0145053
0.0845053
-0.220495
0.193505
-0.0104947
-0.0434947
0.234505
-0.222495
0.0335053
0.0925053
-0.219495
0.205505
-0.0364947
-0.0784947
0.224505
-0.219495
0.00450526
0.135505
-0.227495
0.195505
-0.00549474
-0.0854947
0.221505
-0.220495
0.00450526
0.128505
-0.225495
0.178505
0.0315053
-0.0944947
0.218505
-0.202495
-0.0294947
0.175505
-0.228495
0.176505
0.0545053
-0.0924947
0.213505
-0.214495
0.00850526
0.126505
-0.226495
0.191505
-0.00549474
-0.0544947
0.228505
-0.224495
0.0285053
0.0925053
-0.213495
0.217505
-0.0794947
-0.0144947
0.236505
-0.236495
0.0695053
0.00750526
-0.209495
