4.02133
0.230339
-0.239726
0.0742737
0.154274
-0.243726
0.167274
0.0382737
-0.113726
0.224274
-0.218726
-0.0137263
0.166274
-0.242726
0.155274
0.0512737
-0.147726
0.193274
-0.183726
-0.0787263
0.170274
-0.242726
0.120274
0.125274
-0.152726
0.185274
-0.173726
-0.0917263
0.189274
-0.242726
0.115274
0.113274
-0.159726
0.184274
-0.169726
-0.0917263
0.216274
-0.224726
0.0932737
0.148274
-0.150726
0.190274
-0.185726
-0.0727263
0.195274
-0.231726
0.0942737
0.143274
-0.173726
0.182274
-0.159726
-0.100726
0.228274
-0.218726
0.0492737
0.178274
-0.196726
0.148274
-0.0587263
-0.152726
0.228274
-0.179726
0.0502737
0.183274
-0.196726
0.131274
-0.0747263
-0.151726
0.236274
-0.185726
0.0592737
0.190274
-0.177726
0.147274
-0.105726
-0.126726
0.217274
-0.215726
0.0832737
0.158274
-0.177726
0.146274
-0.131726
-0.116726
0.228274
-0.183726
0.0462737
0.188274
-0.199726
0.128274
-0.105726
-0.133726
0.225274
-0.174726
0.0582737
0.187274
-0.193726
0.138274
-0.0717263
-0.152726
0.223274
-0.173726
0.0182737
0.206274
-0.213726
0.0912737
-0.0777263
-0.163726
0.230274
-0.162726
0.0542737
0.187274
-0.201726
0.123274
-0.0897263
-0.141726
0.216274
-0.200726
0.0742737
0.162274
-0.178726
0.161274
-0.158726
-0.0827263
0.205274
-0.222726
0.122274
0.142274
-0.153726
0.210274
