0.60324
0.234126
0.209021
-0.00697895
-0.172979
0.197021
-0.162979
-0.101979
0.239021
-0.236979
0.120021
0.130021
-0.182979
0.187021
-0.155979
-0.106979
0.245021
-0.207979
0.0620211
0.196021
-0.174979
0.180021
-0.0989789
-0.149979
0.246021
-0.191979
0.0490211
0.211021
-0.187979
0.155021
-0.0939789
-0.140979
0.242021
-0.193979
0.0470211
0.206021
-0.203979
0.129021
-0.0579789
-0.167979
0.244021
-0.193979
0.0610211
0.204021
-0.201979
0.137021
-0.0459789
-0.165979
0.254021
-0.176979
0.0270211
0.218021
-0.219979
0.110021
0.0280211
-0.192979
0.232021
-0.119979
-0.0409789
0.236021
-0.223979
0.0610211
0.0130211
-0.177979
0.233021
-0.121979
-0.0289789
0.236021
-0.215979
0.0930211
-0.0259789
-0.191979
0.242021
-0.136979
-0.00597895
0.229021
-0.211979
0.109021
-0.0389789
-0.175979
0.235021
-0.147979
0.0160211
0.219021
-0.217979
0.0710211
0.0140211
-0.191979
0.228021
-0.102979
-0.00197895
0.229021
-0.220979
0.0700211
-0.00497895
-0.191979
0.227021
-0.122979
-0.0269789
0.233021
-0.222979
0.0660211
0.0530211
-0.208979
0.214021
-0.0499789
-0.0189789
0.233021
-0.210979
0.0540211
0.00102105
-0.188979
0.230021
-0.118979
-0.00297895
0.225021
-0.204979
0.108021
-0.0429789
-0.164979
0.231021
-0.153979
0.0500211
0.189021
-0.194979
0.134021
-0.105979
-0.145979
0.252021
-0.217979
