2.26185
0.245401
0.0534842
-0.223516
0.179484
0.0724842
-0.156516
0.234484
-0.215516
-0.0375158
0.178484
-0.247516
0.173484
0.0694842
-0.140516
0.234484
-0.186516
-0.0805158
0.232484
-0.239516
0.168484
0.0884842
-0.178516
0.201484
-0.170516
-0.103516
0.238484
-0.225516
0.143484
0.132484
-0.179516
0.203484
-0.169516
-0.0955158
0.236484
-0.226516
0.105484
0.165484
-0.193516
0.185484
-0.176516
-0.0875158
0.223484
-0.232516
0.120484
0.145484
-0.198516
0.173484
-0.144516
-0.0975158
0.242484
-0.209516
0.0554842
0.179484
-0.219516
0.150484
-0.0715158
-0.159516
0.255484
-0.172516
0.00548421
0.225484
-0.219516
0.139484
-0.0825158
-0.158516
0.256484
-0.173516
0.0564842
0.208484
-0.204516
0.146484
-0.130516
-0.130516
0.250484
-0.193516
0.104484
0.165484
-0.191516
0.165484
-0.122516
-0.132516
0.241484
-0.204516
0.0534842
0.219484
-0.212516
0.143484
-0.0575158
-0.158516
0.252484
-0.178516
0.0364842
0.226484
-0.208516
0.135484
-0.0665158
-0.157516
0.249484
-0.152516
0.0304842
0.218484
-0.222516
0.105484
-0.00951579
-0.204516
0.246484
-0.143516
0.0274842
0.225484
-0.210516
0.130484
-0.0645158
-0.171516
0.250484
-0.172516
0.0734842
0.202484
-0.204516
0.147484
-0.103516
-0.127516
0.225484
-0.220516
0.115484
0.166484
-0.188516
0.193484
-0.190516
-0.0925158
