-1.20658
0.232507
0.220958
-0.242042
0.0459579
0.226958
-0.229042
0.128958
-0.0660421
-0.162042
0.249958
-0.194042
0.0409579
0.226958
-0.218042
0.123958
-0.00404211
-0.191042
0.242958
-0.116042
0.0399579
0.224958
-0.233042
0.0799579
0.0109579
-0.197042
0.228958
-0.0970421
0.0109579
0.233958
-0.231042
0.0859579
0.0269579
-0.200042
0.225958
-0.0830421
-0.0280421
0.236958
-0.232042
0.0509579
0.0149579
-0.199042
0.226958
-0.105042
-0.0120421
0.239958
-0.232042
0.0479579
0.0689579
-0.207042
0.217958
-0.0540421
-0.0800421
0.237958
-0.222042
0.0169579
0.130958
-0.232042
0.163958
0.0339579
-0.120042
0.222958
-0.212042
0.0179579
0.133958
-0.233042
0.179958
0.0309579
-0.0770421
0.231958
-0.225042
0.00695789
0.0999579
-0.221042
0.193958
0.00895789
-0.0630421
0.233958
-0.221042
0.0279579
0.104958
-0.223042
0.200958
-0.0330421
-0.0840421
0.223958
-0.216042
-0.00104211
0.141958
-0.231042
0.192958
-0.00104211
-0.0890421
0.222958
-0.220042
0.00995789
0.131958
-0.225042
0.173958
0.0319579
-0.0960421
0.221958
-0.199042
-0.0340421
0.181958
-0.232042
0.175958
0.0519579
-0.0990421
0.211958
-0.218042
0.000957895
0.129958
-0.225042
0.191958
0.00695789
-0.0630421
0.232958
-0.219042
0.0249579
0.102958
-0.219042
0.211958
-0.0730421
-0.0250421
0.237958
-0.238042
0.0639579
0.0269579
-0.214042
