1.20658
0.224529
0.244463
-0.164537
-0.0615368
0.237463
-0.228537
0.0264632
0.103463
-0.223537
0.210463
-0.0475368
-0.0735368
0.232463
-0.228537
0.0204632
0.145463
-0.225537
0.178463
0.0444632
-0.0625368
0.230463
-0.207537
-0.0205368
0.153463
-0.222537
0.160463
0.0634632
-0.0865368
0.211463
-0.203537
-0.0125368
0.163463
-0.228537
0.159463
0.0624632
-0.121537
0.199463
-0.177537
-0.0495368
0.161463
-0.223537
0.160463
0.0514632
-0.111537
0.205463
-0.179537
-0.0545368
0.194463
-0.223537
0.142463
0.0894632
-0.161537
0.190463
-0.136537
-0.0825368
0.212463
-0.210537
0.0684632
0.163463
-0.191537
0.148463
-0.135537
-0.0825368
0.212463
-0.203537
0.0844632
0.159463
-0.163537
0.169463
-0.149537
-0.0955368
0.200463
-0.209537
0.0984632
0.139463
-0.140537
0.189463
-0.169537
-0.0695368
0.202463
-0.211537
0.113463
0.112463
-0.164537
0.153463
-0.133537
-0.0955368
0.217463
-0.197537
0.100463
0.140463
-0.170537
0.157463
-0.140537
-0.0985368
0.213463
-0.203537
0.0774632
0.165463
-0.166537
0.153463
-0.0905368
-0.135537
0.224463
-0.174537
0.0834632
0.168463
-0.165537
0.140463
-0.138537
-0.0985368
0.210463
-0.199537
0.0994632
0.140463
-0.146537
0.174463
-0.161537
-0.0705368
0.191463
-0.213537
0.150463
0.0614632
-0.113537
0.195463
-0.200537
-0.0385368
0.168463
-0.245537
