3.26727
0.235142
-0.192432
-0.0704316
0.251568
-0.180432
0.0335684
0.215568
-0.219432
0.138568
-0.0734316
-0.151432
0.248568
-0.174432
0.0345684
0.216568
-0.229432
0.0915684
0.00556842
-0.201432
0.242568
-0.164432
-0.0134316
0.229568
-0.235432
0.0735684
0.0245684
-0.207432
0.233568
-0.122432
-0.0224316
0.234568
-0.234432
0.0735684
0.0305684
-0.210432
0.226568
-0.0794316
-0.0474316
0.233568
-0.231432
0.0735684
0.0145684
-0.201432
0.228568
-0.101432
-0.0484316
0.234568
-0.233432
0.0665684
0.0635684
-0.215432
0.192568
-0.0624316
-0.0964316
0.238568
-0.225432
0.00356842
0.170568
-0.236432
0.161568
0.0325684
-0.0954316
0.224568
-0.219432
0.00156842
0.152568
-0.229432
0.191568
0.00556842
-0.0874316
0.223568
-0.226432
0.0105684
0.118568
-0.226432
0.213568
-0.0534316
-0.0654316
0.226568
-0.223432
0.0205684
0.100568
-0.222432
0.183568
0.0275684
-0.0964316
0.225568
-0.213432
-0.0154316
0.128568
-0.228432
0.176568
0.0345684
-0.0944316
0.219568
-0.216432
-0.00143158
0.150568
-0.227432
0.175568
0.0335684
-0.128432
0.209568
-0.195432
-0.0574316
0.145568
-0.230432
0.178568
0.0495684
-0.0964316
0.219568
-0.215432
-0.00843158
0.134568
-0.230432
0.198568
-0.0154316
-0.0714316
0.227568
-0.222432
0.0265684
0.0495684
-0.207432
0.222568
-0.0714316
-0.0344316
0.249568
-0.248432
0.0785684
