0.251348
0.24455
0.178389
0.0783895
-0.224611
0.164389
-0.101611
-0.152611
0.267389
-0.222611
0.0803895
0.200389
-0.223611
0.154389
-0.0946105
-0.159611
0.259389
-0.171611
0.0273895
0.238389
-0.214611
0.153389
-0.0426105
-0.186611
0.254389
-0.158611
0.0243895
0.236389
-0.225611
0.124389
-0.0356105
-0.177611
0.251389
-0.157611
0.0183895
0.236389
-0.240611
0.101389
0.00538947
-0.204611
0.257389
-0.165611
0.0313895
0.230389
-0.235611
0.107389
0.00538947
-0.199611
0.256389
-0.155611
-0.000610526
0.236389
-0.245611
0.0863895
0.0763895
-0.223611
0.223389
-0.0696105
-0.0756105
0.241389
-0.240611
0.0213895
0.0613895
-0.225611
0.223389
-0.0666105
-0.0616105
0.240389
-0.242611
0.0453895
0.0653895
-0.229611
0.233389
-0.0736105
-0.0546105
0.246389
-0.240611
0.0713895
0.0273895
-0.217611
0.229389
-0.0786105
-0.0326105
0.237389
-0.241611
0.0223895
0.0883895
-0.232611
0.210389
-0.0376105
-0.0446105
0.237389
-0.236611
0.0223895
0.0743895
-0.233611
0.214389
-0.0436105
-0.0766105
0.233389
-0.234611
0.0103895
0.142389
-0.243611
0.185389
0.0433895
-0.0836105
0.224389
-0.229611
-0.00461053
0.0873895
-0.232611
0.213389
-0.0276105
-0.0566105
0.233389
-0.236611
0.0533895
0.0473895
-0.215611
0.221389
-0.0886105
-0.000610526
0.226389
-0.227611
0.0893895
-0.0176105
-0.206611
0.257389
-0.171611
