1.25688
0.254055
0.272316
-0.210684
-0.0376842
0.265316
-0.263684
0.0663158
0.0673158
-0.237684
0.254316
-0.100684
-0.0446842
0.270316
-0.257684
0.0553158
0.121316
-0.258684
0.221316
-0.000684211
-0.0476842
0.261316
-0.242684
0.00931579
0.127316
-0.247684
0.214316
0.0113158
-0.0736842
0.254316
-0.242684
0.0193158
0.126316
-0.248684
0.213316
0.00931579
-0.0986842
0.249316
-0.228684
-0.00868421
0.115316
-0.250684
0.216316
-0.0126842
-0.0836842
0.257316
-0.230684
-0.0176842
0.166316
-0.241684
0.200316
0.0393158
-0.145684
0.244316
-0.195684
-0.0476842
0.208316
-0.253684
0.131316
0.115316
-0.185684
0.214316
-0.208684
-0.0566842
0.206316
-0.249684
0.151316
0.108316
-0.140684
0.232316
-0.214684
-0.0446842
0.159316
-0.249684
0.180316
0.0643158
-0.0986842
0.244316
-0.227684
-0.0166842
0.163316
-0.252684
0.193316
0.0383158
-0.140684
0.224316
-0.203684
-0.0486842
0.200316
-0.244684
0.180316
0.0773158
-0.145684
0.217316
-0.207684
-0.0516842
0.201316
-0.247684
0.149316
0.113316
-0.155684
0.218316
-0.171684
-0.0926842
0.232316
-0.232684
0.146316
0.131316
-0.156684
0.201316
-0.198684
-0.0666842
0.205316
-0.237684
0.164316
0.0973158
-0.117684
0.232316
-0.214684
-0.0276842
0.169316
-0.245684
0.205316
-0.00168421
-0.0806842
0.245316
-0.252684
0.00731579
0.103316
-0.265684
