0.150808
0.241627
0.1566
0.1116
-0.2344
0.1456
-0.0614
-0.1774
0.2616
-0.1964
0.0546
0.2166
-0.2414
0.1276
-0.0534
-0.1844
0.2536
-0.1324
-0.0024
0.2456
-0.2324
0.1276
0.0056
-0.2144
0.2486
-0.1174
-0.0164
0.2496
-0.2384
0.0936
0.0146
-0.2054
0.2416
-0.1214
-0.0184
0.2416
-0.2464
0.0706
0.0616
-0.2294
0.2446
-0.1174
-0.0044
0.2386
-0.2444
0.0816
0.0586
-0.2224
0.2426
-0.1074
-0.0334
0.2386
-0.2424
0.0496
0.1266
-0.2384
0.1986
-0.0114
-0.1064
0.2326
-0.2254
-0.0124
0.1166
-0.2364
0.2036
-0.0184
-0.0994
0.2336
-0.2384
0.0126
0.1086
-0.2414
0.2246
-0.0424
-0.0624
0.2386
-0.2434
0.0556
0.0526
-0.2254
0.2176
-0.0514
-0.0514
0.2386
-0.2354
0.0046
0.1096
-0.2394
0.1996
-0.0094
-0.0614
0.2346
-0.2334
-0.0004
0.1006
-0.2354
0.2046
-0.0254
-0.0874
0.2286
-0.2294
0.0006
0.1526
-0.2474
0.1736
0.0596
-0.0824
0.2246
-0.2314
-0.0074
0.0986
-0.2344
0.2006
-0.0104
-0.0694
0.2326
-0.2334
0.0376
0.0616
-0.2174
0.2146
-0.0734
-0.0164
0.2256
-0.2344
0.0736
0.0066
-0.2134
0.2566
-0.1494
