2.96565
0.238996
-0.128453
-0.131453
0.237547
-0.108453
-0.0244526
0.242547
-0.238453
0.0825474
0.00654737
-0.199453
0.235547
-0.102453
-0.0234526
0.243547
-0.241453
0.0375474
0.0985474
-0.232453
0.231547
-0.0914526
-0.0654526
0.239547
-0.236453
0.0205474
0.106547
-0.232453
0.217547
-0.0394526
-0.0704526
0.237547
-0.238453
0.0215474
0.109547
-0.234453
0.203547
-0.000452632
-0.0884526
0.230547
-0.238453
0.0315474
0.0835474
-0.235453
0.210547
-0.0324526
-0.0934526
0.233547
-0.233453
0.0255474
0.123547
-0.236453
0.166547
0.0125474
-0.137453
0.222547
-0.203453
-0.0464526
0.211547
-0.240453
0.122547
0.108547
-0.128453
0.215547
-0.204453
-0.0434526
0.195547
-0.241453
0.167547
0.0755474
-0.120453
0.212547
-0.219453
-0.0234526
0.170547
-0.241453
0.190547
0.0115474
-0.0954526
0.225547
-0.215453
-0.0234526
0.150547
-0.237453
0.159547
0.0925474
-0.130453
0.209547
-0.186453
-0.0534526
0.170547
-0.233453
0.149547
0.0985474
-0.121453
0.206547
-0.198453
-0.0424526
0.191547
-0.232453
0.146547
0.102547
-0.162453
0.189547
-0.163453
-0.0944526
0.193547
-0.233453
0.145547
0.119547
-0.126453
0.204547
-0.200453
-0.0544526
0.178547
-0.238453
0.180547
0.0435474
-0.103453
0.221547
-0.217453
-0.0114526
0.104547
-0.226453
0.209547
-0.0134526
-0.0644526
0.252547
-0.249453
0.0445474
