-0.0502695
0.244009
0.138147
0.139147
-0.245853
0.131147
-0.0348526
-0.192853
0.268147
-0.182853
0.0341474
0.223147
-0.245853
0.118147
-0.0298526
-0.194853
0.248147
-0.118853
-0.0268526
0.250147
-0.236853
0.115147
0.0281474
-0.221853
0.242147
-0.108853
-0.0278526
0.246147
-0.239853
0.0891474
0.0281474
-0.209853
0.240147
-0.107853
-0.0298526
0.243147
-0.244853
0.0601474
0.0731474
-0.230853
0.241147
-0.106853
-0.0128526
0.245147
-0.243853
0.0711474
0.0771474
-0.225853
0.232147
-0.0988526
-0.0428526
0.240147
-0.238853
0.0521474
0.139147
-0.243853
0.195147
-0.00885263
-0.120853
0.232147
-0.226853
-0.0198526
0.124147
-0.239853
0.197147
-0.00985263
-0.104853
0.232147
-0.234853
0.0121474
0.108147
-0.238853
0.221147
-0.0388526
-0.0738526
0.238147
-0.240853
0.0531474
0.0731474
-0.228853
0.216147
-0.0468526
-0.0568526
0.241147
-0.237853
0.00614737
0.117147
-0.241853
0.195147
-0.00585263
-0.0708526
0.238147
-0.229853
-0.00385263
0.112147
-0.241853
0.197147
-0.0178526
-0.0938526
0.231147
-0.231853
-0.00385263
0.155147
-0.246853
0.172147
0.0591474
-0.0938526
0.223147
-0.226853
-0.0128526
0.102147
-0.235853
0.206147
-0.00985263
-0.0738526
0.236147
-0.234853
0.0411474
0.0691474
-0.224853
0.215147
-0.0748526
-0.0208526
0.227147
-0.238853
0.0751474
-0.00185263
-0.212853
0.258147
-0.166853
