-1.50923
0.25419
-0.227505
0.184495
0.0174947
-0.240505
0.254495
-0.115505
-0.0265053
0.255495
-0.264505
0.0914947
0.0334947
-0.234505
0.243495
-0.105505
-0.0665053
0.257495
-0.261505
0.0324947
0.0274947
-0.243505
0.228495
-0.0395053
-0.0735053
0.257495
-0.262505
0.0134947
0.0714947
-0.260505
0.224495
-0.0505053
-0.0795053
0.257495
-0.261505
0.0144947
0.127495
-0.261505
0.202495
0.00349474
-0.0705053
0.251495
-0.256505
0.0234947
0.100495
-0.256505
0.195495
0.0134947
-0.100505
0.244495
-0.248505
-0.00550526
0.179495
-0.260505
0.171495
0.0464947
-0.138505
0.240495
-0.202505
-0.0675053
0.209495
-0.259505
0.179495
0.0614947
-0.139505
0.231495
-0.217505
-0.0575053
0.173495
-0.258505
0.183495
0.0474947
-0.0995053
0.237495
-0.225505
-0.0345053
0.123495
-0.259505
0.196495
0.0194947
-0.117505
0.233495
-0.235505
-0.0125053
0.172495
-0.254505
0.170495
0.0624947
-0.151505
0.225495
-0.227505
-0.0405053
0.184495
-0.259505
0.174495
0.0714947
-0.143505
0.224495
-0.209505
-0.0605053
0.182495
-0.259505
0.142495
0.111495
-0.176505
0.202495
-0.213505
-0.0635053
0.174495
-0.251505
0.186495
0.0494947
-0.126505
0.228495
-0.221505
-0.0295053
0.124495
-0.253505
0.195495
0.000494737
-0.103505
0.241495
-0.247505
0.0374947
0.0624947
-0.251505
0.252495
-0.0645053
-0.0385053
0.273495
