0.150808
0.236627
0.1694
0.0914
-0.2266
0.1514
-0.0896
-0.1626
0.2564
-0.2096
0.0674
0.1964
-0.2246
0.1504
-0.0826
-0.1646
0.2504
-0.1626
0.0144
0.2344
-0.2116
0.1394
-0.0196
-0.1976
0.2454
-0.1376
0.0064
0.2384
-0.2266
0.1114
-0.0126
-0.1886
0.2404
-0.1396
0.0084
0.2324
-0.2316
0.0874
0.0204
-0.2056
0.2444
-0.1446
0.0114
0.2324
-0.2276
0.0924
0.0354
-0.2116
0.2394
-0.1316
-0.0096
0.2374
-0.2366
0.0724
0.0924
-0.2286
0.2154
-0.0496
-0.0826
0.2374
-0.2276
0.0144
0.0754
-0.2206
0.2124
-0.0536
-0.0716
0.2394
-0.2346
0.0404
0.0714
-0.2276
0.2264
-0.0666
-0.0466
0.2344
-0.2306
0.0794
0.0164
-0.2076
0.2254
-0.0916
-0.0196
0.2304
-0.2326
0.0294
0.0714
-0.2276
0.2074
-0.0476
-0.0426
0.2324
-0.2276
0.0234
0.0774
-0.2286
0.2034
-0.0426
-0.0746
0.2314
-0.2246
0.0114
0.1314
-0.2366
0.1784
0.0384
-0.0776
0.2224
-0.2236
-0.0056
0.0824
-0.2256
0.2094
-0.0246
-0.0626
0.2334
-0.2206
0.0594
0.0304
-0.2086
0.2164
-0.0966
0.0104
0.2144
-0.2236
0.0974
-0.0326
-0.2016
0.2534
-0.1706
