1.57163
0.221131
0.216463
-0.221537
0.0234632
0.222463
-0.220537
0.103463
-0.0295368
-0.167537
0.236463
-0.158537
0.0124632
0.221463
-0.218537
0.100463
0.0274632
-0.196537
0.221463
-0.0805368
0.0114632
0.222463
-0.222537
0.0584632
0.0404632
-0.199537
0.211463
-0.0535368
-0.0105368
0.221463
-0.218537
0.0624632
0.0534632
-0.200537
0.211463
-0.0505368
-0.0475368
0.222463
-0.214537
0.0354632
0.0364632
-0.199537
0.205463
-0.0715368
-0.0305368
0.225463
-0.216537
0.0284632
0.0884632
-0.196537
0.206463
-0.0265368
-0.0925368
0.224463
-0.201537
0.00446316
0.143463
-0.220537
0.153463
0.0494632
-0.130537
0.201463
-0.203537
-0.00253684
0.145463
-0.216537
0.167463
0.0394632
-0.0905368
0.213463
-0.210537
-0.00753684
0.100463
-0.211537
0.185463
0.00446316
-0.0545368
0.220463
-0.213537
0.0214632
0.105463
-0.211537
0.189463
-0.0135368
-0.0905368
0.204463
-0.202537
-0.00753684
0.149463
-0.214537
0.178463
0.0224632
-0.0975368
0.206463
-0.204537
-0.0125368
0.141463
-0.220537
0.158463
0.0524632
-0.107537
0.205463
-0.181537
-0.0455368
0.184463
-0.211537
0.166463
0.0694632
-0.106537
0.190463
-0.198537
-0.0185368
0.140463
-0.212537
0.168463
0.0344632
-0.0705368
0.209463
-0.203537
0.00646316
0.110463
-0.209537
0.200463
-0.0535368
-0.0355368
0.222463
-0.227537
0.0484632
0.0344632
-0.210537
