-0.150808
0.237249
0.108832
0.169832
-0.251168
0.0988316
0.00483158
-0.214168
0.254832
-0.148168
0.0128316
0.234832
-0.250168
0.104832
-0.00416842
-0.207168
0.236832
-0.0911684
-0.0421684
0.245832
-0.241168
0.0958316
0.0588316
-0.228168
0.230832
-0.0741684
-0.0471684
0.243832
-0.244168
0.0638316
0.0588316
-0.222168
0.225832
-0.0771684
-0.0461684
0.239832
-0.240168
0.0378316
0.0988316
-0.236168
0.233832
-0.0801684
-0.0301684
0.241832
-0.240168
0.0478316
0.0948316
-0.230168
0.218832
-0.0661684
-0.0641684
0.234832
-0.228168
0.0248316
0.148832
-0.239168
0.180832
0.0188316
-0.131168
0.221832
-0.208168
-0.0411684
0.141832
-0.231168
0.176832
0.0218316
-0.112168
0.222832
-0.225168
-0.00316842
0.125832
-0.239168
0.204832
-0.00816842
-0.0961684
0.227832
-0.236168
0.0278316
0.0988316
-0.238168
0.192832
-0.00216842
-0.0871684
0.228832
-0.219168
-0.0321684
0.149832
-0.242168
0.168832
0.0418316
-0.0981684
0.218832
-0.208168
-0.0381684
0.142832
-0.241168
0.169832
0.0348316
-0.122168
0.208832
-0.213168
-0.0441684
0.187832
-0.239168
0.138832
0.103832
-0.115168
0.204832
-0.210168
-0.0501684
0.134832
-0.238168
0.173832
0.0388316
-0.0991684
0.216832
-0.222168
0.00883158
0.0978316
-0.233168
0.185832
-0.0321684
-0.0481684
0.222832
-0.234168
0.0388316
0.0478316
-0.232168
0.230832
-0.109168
