0.60324
0.232851
0.211284
-0.0177158
-0.163716
0.204284
-0.172716
-0.0907158
0.228284
-0.243716
0.128284
0.119284
-0.177716
0.193284
-0.166716
-0.101716
0.243284
-0.211716
0.0752842
0.192284
-0.167716
0.186284
-0.119716
-0.134716
0.240284
-0.201716
0.0632842
0.196284
-0.181716
0.156284
-0.107716
-0.128716
0.237284
-0.199716
0.0562842
0.194284
-0.200716
0.136284
-0.0687158
-0.155716
0.240284
-0.202716
0.0722842
0.189284
-0.193716
0.150284
-0.0737158
-0.152716
0.253284
-0.192716
0.0472842
0.205284
-0.218716
0.121284
0.00328421
-0.178716
0.232284
-0.132716
-0.0297158
0.235284
-0.226716
0.0642842
0.00428421
-0.173716
0.237284
-0.130716
-0.0157158
0.232284
-0.217716
0.0932842
-0.0157158
-0.189716
0.239284
-0.121716
-0.0137158
0.232284
-0.212716
0.0992842
-0.0237158
-0.179716
0.237284
-0.138716
0.00728421
0.222284
-0.221716
0.0622842
0.0242842
-0.199716
0.219284
-0.0857158
-0.0127158
0.227284
-0.218716
0.0512842
0.00928421
-0.197716
0.221284
-0.0997158
-0.0487158
0.232284
-0.225716
0.0402842
0.0842842
-0.214716
0.203284
-0.0237158
-0.0447158
0.228284
-0.219716
0.0322842
0.0232842
-0.194716
0.223284
-0.0797158
-0.0227158
0.227284
-0.211716
0.0812842
-0.00971579
-0.181716
0.225284
-0.130716
0.0282842
0.202284
-0.203716
0.114284
-0.0797158
-0.166716
0.253284
-0.200716
