-1.43313
0.222058
-0.181274
0.179726
-0.0272737
-0.187274
0.229726
-0.144274
0.0107263
0.217726
-0.227274
0.106726
-0.0192737
-0.186274
0.223726
-0.133274
-0.0242737
0.220726
-0.227274
0.0547263
-0.0262737
-0.190274
0.214726
-0.0792737
-0.0302737
0.222726
-0.232274
0.0377263
0.0207263
-0.209274
0.211726
-0.0802737
-0.0432737
0.226726
-0.234274
0.0417263
0.0767263
-0.223274
0.197726
-0.0382737
-0.0292737
0.221726
-0.226274
0.0477263
0.0447263
-0.217274
0.183726
-0.0312737
-0.0592737
0.216726
-0.226274
0.0147263
0.139726
-0.221274
0.157726
0.0177263
-0.103274
0.207726
-0.196274
-0.0302737
0.169726
-0.231274
0.164726
0.0267263
-0.103274
0.205726
-0.198274
-0.0302737
0.137726
-0.227274
0.169726
0.0287263
-0.0702737
0.212726
-0.208274
-0.000273684
0.0757263
-0.218274
0.181726
-0.0162737
-0.0812737
0.211726
-0.221274
0.00472632
0.135726
-0.225274
0.159726
0.0337263
-0.113274
0.203726
-0.215274
-0.0182737
0.147726
-0.222274
0.158726
0.0367263
-0.110274
0.202726
-0.193274
-0.0462737
0.158726
-0.224274
0.126726
0.0927263
-0.142274
0.175726
-0.198274
-0.0482737
0.151726
-0.220274
0.165726
0.0387263
-0.109274
0.199726
-0.204274
-0.0212737
0.112726
-0.221274
0.171726
-0.000273684
-0.0852737
0.212726
-0.218274
0.0337263
0.0547263
-0.215274
0.211726
-0.0602737
-0.0322737
0.237726
