1.80923
0.232764
0.172179
-0.242821
0.0951789
0.180179
-0.198821
0.171179
-0.133821
-0.112821
0.240179
-0.223821
0.0821789
0.188179
-0.199821
0.159179
-0.0688211
-0.161821
0.249179
-0.171821
0.0841789
0.195179
-0.214821
0.122179
-0.0588211
-0.168821
0.239179
-0.152821
0.0531789
0.213179
-0.224821
0.120179
-0.0448211
-0.169821
0.243179
-0.141821
0.0151789
0.227179
-0.225821
0.0941789
-0.0538211
-0.168821
0.238179
-0.162821
0.0311789
0.222179
-0.230821
0.0911789
0.00217895
-0.171821
0.238179
-0.115821
-0.0268211
0.234179
-0.231821
0.0611789
0.0621789
-0.215821
0.207179
-0.0498211
-0.0658211
0.236179
-0.220821
0.0661789
0.0581789
-0.206821
0.216179
-0.0598211
-0.0188211
0.236179
-0.231821
0.0601789
0.0101789
-0.196821
0.223179
-0.0698211
-0.00382105
0.231179
-0.222821
0.0721789
0.0281789
-0.200821
0.226179
-0.101821
-0.0338211
0.234179
-0.223821
0.0461789
0.0861789
-0.216821
0.222179
-0.0638211
-0.0458211
0.231179
-0.225821
0.0541789
0.0641789
-0.207821
0.209179
-0.0278211
-0.0528211
0.235179
-0.223821
0.0131789
0.127179
-0.233821
0.207179
-0.0158211
-0.0528211
0.227179
-0.226821
0.0401789
0.0601789
-0.212821
0.215179
-0.0638211
-0.00782105
0.234179
-0.219821
0.0751789
0.0211789
-0.189821
0.230179
-0.138821
0.0301789
0.232179
-0.227821
0.114179
-0.0718211
-0.173821
