-1.40791
0.234982
-0.135811
0.227189
-0.122811
-0.141811
0.250189
-0.212811
0.0711895
0.189189
-0.203811
0.168189
-0.108811
-0.147811
0.244189
-0.202811
0.0271895
0.218189
-0.232811
0.110189
-0.108811
-0.153811
0.245189
-0.163811
0.0261895
0.220189
-0.230811
0.100189
-0.0838105
-0.172811
0.244189
-0.174811
0.0231895
0.221189
-0.233811
0.102189
-0.0208105
-0.195811
0.237189
-0.130811
0.0211895
0.215189
-0.223811
0.114189
-0.0418105
-0.180811
0.232189
-0.127811
-0.00281053
0.218189
-0.234811
0.0771895
0.0531895
-0.194811
0.211189
-0.0918105
-0.0488105
0.236189
-0.230811
0.0351895
0.102189
-0.228811
0.220189
-0.0868105
-0.0498105
0.226189
-0.231811
0.0421895
0.0531895
-0.212811
0.214189
-0.0788105
-0.00981053
0.226189
-0.225811
0.0601895
-0.0138105
-0.195811
0.222189
-0.112811
-0.0238105
0.223189
-0.232811
0.0711895
0.0451895
-0.219811
0.208189
-0.0758105
-0.0488105
0.228189
-0.225811
0.0511895
0.0631895
-0.215811
0.212189
-0.0748105
-0.0468105
0.224189
-0.225811
0.0341895
0.0701895
-0.223811
0.191189
-0.0248105
-0.0858105
0.220189
-0.222811
0.0201895
0.0711895
-0.220811
0.216189
-0.0668105
-0.0418105
0.222189
-0.224811
0.0531895
0.0111895
-0.205811
0.216189
-0.107811
-0.0218105
0.213189
-0.213811
0.102189
-0.0578105
-0.180811
0.248189
-0.166811
0.0451895
0.221189
