2.31213
0.246716
0.0438842
-0.221116
0.184884
0.0628842
-0.145116
0.237884
-0.223116
-0.0331158
0.175884
-0.242116
0.175884
0.0708842
-0.137116
0.231884
-0.186116
-0.0851158
0.228884
-0.236116
0.167884
0.0878842
-0.177116
0.207884
-0.171116
-0.104116
0.238884
-0.223116
0.138884
0.137884
-0.182116
0.203884
-0.160116
-0.107116
0.243884
-0.218116
0.0978842
0.180884
-0.199116
0.176884
-0.171116
-0.103116
0.227884
-0.228116
0.112884
0.160884
-0.204116
0.165884
-0.129116
-0.110116
0.242884
-0.205116
0.0458842
0.188884
-0.224116
0.142884
-0.0601158
-0.171116
0.252884
-0.162116
-0.00311579
0.229884
-0.223116
0.126884
-0.0551158
-0.168116
0.254884
-0.160116
0.0418842
0.220884
-0.213116
0.134884
-0.112116
-0.156116
0.257884
-0.181116
0.0918842
0.182884
-0.200116
0.154884
-0.100116
-0.146116
0.245884
-0.193116
0.0398842
0.224884
-0.219116
0.126884
-0.0421158
-0.174116
0.250884
-0.164116
0.0278842
0.232884
-0.214116
0.124884
-0.0511158
-0.168116
0.248884
-0.147116
0.0228842
0.228884
-0.228116
0.0938842
0.00288421
-0.198116
0.247884
-0.131116
0.0238842
0.232884
-0.217116
0.116884
-0.0541158
-0.176116
0.251884
-0.166116
0.0728842
0.208884
-0.202116
0.145884
-0.0891158
-0.145116
0.231884
-0.214116
0.105884
0.177884
-0.190116
0.191884
-0.179116
-0.108116
