4.17217
0.233996
-0.236863
0.110137
0.110137
-0.240863
0.196137
-0.0128632
-0.0828632
0.238137
-0.237863
0.0171368
0.117137
-0.235863
0.193137
-0.00486316
-0.118863
0.220137
-0.212863
-0.0468632
0.131137
-0.242863
0.153137
0.0751368
-0.132863
0.210137
-0.206863
-0.0628632
0.160137
-0.244863
0.148137
0.0701368
-0.139863
0.209137
-0.200863
-0.0698632
0.199137
-0.238863
0.121137
0.113137
-0.127863
0.209137
-0.205863
-0.0518632
0.173137
-0.237863
0.120137
0.115137
-0.155863
0.201137
-0.183863
-0.0858632
0.217137
-0.233863
0.0831368
0.156137
-0.184863
0.170137
-0.108863
-0.138863
0.229137
-0.205863
0.0911368
0.153137
-0.177863
0.167137
-0.130863
-0.123863
0.215137
-0.215863
0.0981368
0.156137
-0.151863
0.180137
-0.159863
-0.0958632
0.182137
-0.233863
0.127137
0.114137
-0.161863
0.183137
-0.167863
-0.0848632
0.209137
-0.209863
0.0871368
0.158137
-0.187863
0.159137
-0.148863
-0.110863
0.220137
-0.198863
0.0931368
0.159137
-0.174863
0.170137
-0.132863
-0.126863
0.211137
-0.207863
0.0591368
0.184137
-0.200863
0.129137
-0.128863
-0.130863
0.216137
-0.195863
0.100137
0.148137
-0.172863
0.161137
-0.150863
-0.102863
0.188137
-0.227863
0.129137
0.104137
-0.147863
0.196137
-0.205863
-0.0368632
0.147137
-0.238863
0.181137
0.0561368
-0.100863
0.244137
