2.46295
0.236622
0.00444211
-0.200558
0.198442
0.0204421
-0.108558
0.235442
-0.230558
-0.000557895
0.132442
-0.235558
0.191442
0.0234421
-0.105558
0.231442
-0.209558
-0.0465579
0.197442
-0.238558
0.185442
0.0434421
-0.148558
0.207442
-0.190558
-0.0625579
0.201442
-0.231558
0.168442
0.0904421
-0.153558
0.204442
-0.181558
-0.0695579
0.207442
-0.228558
0.132442
0.128442
-0.174558
0.186442
-0.189558
-0.0645579
0.194442
-0.238558
0.143442
0.107442
-0.177558
0.185442
-0.161558
-0.0695579
0.214442
-0.213558
0.0784421
0.145442
-0.205558
0.163442
-0.0955579
-0.136558
0.244442
-0.183558
0.0384421
0.201442
-0.185558
0.165442
-0.107558
-0.127558
0.236442
-0.186558
0.0834421
0.180442
-0.195558
0.153442
-0.130558
-0.120558
0.234442
-0.195558
0.102442
0.152442
-0.180558
0.164442
-0.128558
-0.115558
0.231442
-0.202558
0.0674421
0.198442
-0.198558
0.142442
-0.0685579
-0.149558
0.235442
-0.184558
0.0584421
0.197442
-0.197558
0.142442
-0.0825579
-0.138558
0.235442
-0.167558
0.0494421
0.207442
-0.214558
0.111442
-0.0245579
-0.181558
0.235442
-0.154558
0.0524421
0.207442
-0.198558
0.142442
-0.0925579
-0.143558
0.233442
-0.191558
0.0974421
0.167442
-0.183558
0.164442
-0.121558
-0.102558
0.205442
-0.216558
0.127442
0.140442
-0.162558
0.201442
-0.202558
-0.0605579
