-0.955155
0.235989
-0.0406947
0.245305
-0.220695
-0.0496947
0.198305
-0.253695
0.165305
0.0683053
-0.131695
0.218305
-0.209695
-0.0536947
0.193305
-0.244695
0.119305
0.129305
-0.182695
0.186305
-0.209695
-0.0596947
0.217305
-0.235695
0.116305
0.139305
-0.178695
0.173305
-0.191695
-0.0866947
0.217305
-0.231695
0.111305
0.139305
-0.178695
0.175305
-0.146695
-0.118695
0.226305
-0.216695
0.126305
0.125305
-0.163695
0.185305
-0.169695
-0.0896947
0.221305
-0.210695
0.0913053
0.137305
-0.187695
0.157305
-0.0856947
-0.122695
0.232305
-0.192695
0.0423053
0.195305
-0.217695
0.120305
-0.0256947
-0.170695
0.230305
-0.177695
0.0483053
0.184305
-0.216695
0.124305
-0.0906947
-0.145695
0.227305
-0.184695
0.0813053
0.175305
-0.202695
0.139305
-0.141695
-0.114695
0.216305
-0.202695
0.0773053
0.174305
-0.195695
0.151305
-0.0866947
-0.157695
0.225305
-0.180695
0.0373053
0.194305
-0.202695
0.132305
-0.0686947
-0.160695
0.225305
-0.177695
0.0453053
0.182305
-0.213695
0.113305
-0.0616947
-0.163695
0.220305
-0.142695
0.00630526
0.206305
-0.208695
0.106305
-0.0656947
-0.170695
0.221305
-0.173695
0.0513053
0.187305
-0.197695
0.138305
-0.124695
-0.121695
0.217305
-0.204695
0.0733053
0.145305
-0.162695
0.171305
-0.172695
-0.0956947
0.211305
-0.238695
0.141305
0.108305
