-0.150808
0.239215
0.114389
0.165389
-0.246611
0.105389
0.00238947
-0.211611
0.254389
-0.153611
0.00538947
0.235389
-0.249611
0.0923895
0.00238947
-0.213611
0.231389
-0.0786105
-0.0476105
0.250389
-0.241611
0.0893895
0.0673895
-0.229611
0.232389
-0.0666105
-0.0526105
0.242389
-0.241611
0.0613895
0.0633895
-0.223611
0.224389
-0.0666105
-0.0506105
0.237389
-0.244611
0.0303895
0.109389
-0.238611
0.225389
-0.0696105
-0.0426105
0.243389
-0.239611
0.0423895
0.108389
-0.236611
0.218389
-0.0576105
-0.0706105
0.233389
-0.224611
0.0223895
0.164389
-0.240611
0.171389
0.0313895
-0.136611
0.220389
-0.204611
-0.0446105
0.146389
-0.232611
0.179389
0.0283895
-0.122611
0.221389
-0.226611
-0.00861053
0.134389
-0.241611
0.205389
0.000389474
-0.0956105
0.230389
-0.237611
0.0233895
0.0903895
-0.236611
0.197389
-0.0166105
-0.0716105
0.229389
-0.226611
-0.0176105
0.139389
-0.238611
0.171389
0.0273895
-0.0936105
0.224389
-0.216611
-0.0306105
0.149389
-0.240611
0.169389
0.0273895
-0.128611
0.209389
-0.208611
-0.0396105
0.186389
-0.238611
0.134389
0.104389
-0.118611
0.203389
-0.211611
-0.0476105
0.142389
-0.232611
0.170389
0.0463895
-0.104611
0.220389
-0.222611
0.00138947
0.113389
-0.233611
0.183389
-0.0166105
-0.0546105
0.225389
-0.236611
0.0343895
0.0683895
-0.234611
0.232389
-0.0976105
