-1.20658
0.233432
0.00617895
-0.196821
0.189179
0.0231789
-0.110821
0.232179
-0.227821
-0.00482105
0.137179
-0.227821
0.191179
0.0231789
-0.104821
0.229179
-0.205821
-0.0458211
0.191179
-0.237821
0.180179
0.0451789
-0.138821
0.206179
-0.192821
-0.0578211
0.196179
-0.232821
0.160179
0.0781789
-0.144821
0.212179
-0.191821
-0.0528211
0.202179
-0.229821
0.131179
0.118179
-0.164821
0.189179
-0.198821
-0.0538211
0.188179
-0.230821
0.149179
0.0961789
-0.162821
0.188179
-0.176821
-0.0538211
0.209179
-0.220821
0.0941789
0.127179
-0.191821
0.178179
-0.128821
-0.118821
0.236179
-0.203821
0.0521789
0.180179
-0.180821
0.171179
-0.134821
-0.109821
0.236179
-0.202821
0.0941789
0.162179
-0.178821
0.163179
-0.151821
-0.0988211
0.231179
-0.208821
0.128179
0.117179
-0.150821
0.187179
-0.155821
-0.0918211
0.216179
-0.213821
0.0861789
0.177179
-0.179821
0.165179
-0.111821
-0.115821
0.218179
-0.207821
0.0851789
0.175179
-0.173821
0.162179
-0.123821
-0.108821
0.225179
-0.197821
0.0781789
0.176179
-0.201821
0.138179
-0.0678211
-0.148821
0.230179
-0.188821
0.0811789
0.181179
-0.178821
0.164179
-0.133821
-0.108821
0.217179
-0.214821
0.120179
0.128179
-0.155821
0.185179
-0.163821
-0.0668211
0.178179
-0.227821
0.159179
0.0831789
-0.127821
0.220179
-0.231821
-0.0148211
