-3.58047e-15
0.23446
0.135053
0.136053
-0.236947
0.115053
-0.0339474
-0.189947
0.253053
-0.171947
0.0280526
0.223053
-0.233947
0.111053
-0.0349474
-0.191947
0.239053
-0.115947
-0.0279474
0.245053
-0.229947
0.0940526
0.0360526
-0.216947
0.236053
-0.0819474
-0.0429474
0.242053
-0.231947
0.0620526
0.0430526
-0.214947
0.228053
-0.0919474
-0.0449474
0.235053
-0.232947
0.0390526
0.0830526
-0.222947
0.231053
-0.0869474
-0.0339474
0.241053
-0.232947
0.0450526
0.0890526
-0.223947
0.222053
-0.0679474
-0.0689474
0.230053
-0.222947
0.0130526
0.156053
-0.234947
0.176053
0.0300526
-0.142947
0.213053
-0.187947
-0.0539474
0.170053
-0.220947
0.171053
0.0380526
-0.134947
0.220053
-0.210947
-0.0329474
0.153053
-0.233947
0.184053
0.0500526
-0.131947
0.213053
-0.220947
-0.0179474
0.133053
-0.232947
0.179053
0.0280526
-0.105947
0.221053
-0.198947
-0.0559474
0.171053
-0.230947
0.152053
0.0750526
-0.118947
0.216053
-0.195947
-0.0589474
0.157053
-0.230947
0.159053
0.0540526
-0.141947
0.199053
-0.197947
-0.0609474
0.197053
-0.224947
0.122053
0.120053
-0.134947
0.196053
-0.194947
-0.0629474
0.151053
-0.227947
0.168053
0.0580526
-0.116947
0.215053
-0.209947
-0.0189474
0.129053
-0.229947
0.180053
5.26316e-05
-0.0729474
0.228053
-0.229947
0.0140526
0.0860526
-0.233947
0.229053
-0.0629474
