1.65787
0.368883
0.400484
-0.321516
0.0694842
0.370484
-0.308516
0.206484
-0.171516
-0.208516
0.400484
-0.291516
0.106484
0.344484
-0.320516
0.148484
-0.115516
-0.244516
0.389484
-0.270516
0.0594842
0.370484
-0.324516
0.165484
-0.102516
-0.264516
0.387484
-0.243516
0.0534842
0.372484
-0.328516
0.133484
-0.105516
-0.251516
0.387484
-0.266516
0.0524842
0.347484
-0.306516
0.147484
-0.103516
-0.257516
0.388484
-0.269516
0.0544842
0.351484
-0.324516
0.0984842
0.0224842
-0.293516
0.366484
-0.170516
-0.0405158
0.384484
-0.342516
0.113484
0.0134842
-0.284516
0.362484
-0.201516
0.0144842
0.371484
-0.336516
0.127484
-0.0555158
-0.260516
0.389484
-0.271516
0.0874842
0.329484
-0.305516
0.185484
-0.175516
-0.191516
0.389484
-0.307516
0.0904842
0.312484
-0.297516
0.229484
-0.192516
-0.199516
0.383484
-0.305516
0.107484
0.293484
-0.273516
0.260484
-0.196516
-0.167516
0.379484
-0.328516
0.113484
0.307484
-0.291516
0.229484
-0.184516
-0.195516
0.376484
-0.322516
0.107484
0.296484
-0.290516
0.230484
-0.187516
-0.188516
0.372484
-0.326516
0.139484
0.250484
-0.257516
0.256484
-0.210516
-0.173516
0.369484
-0.323516
0.0934842
0.309484
-0.293516
0.209484
0.193484
-0.205516
0.380484
-0.247516
0.0374842
0.345484
-0.305516
0.175484
-0.101516
-0.254516
