3.26727
0.358074
-0.228568
-0.183568
0.379432
-0.283568
0.0754316
0.314432
-0.295568
0.208432
-0.162568
-0.214568
0.364432
-0.287568
0.0444316
0.342432
-0.309568
0.172432
-0.126568
-0.223568
0.360432
-0.244568
0.0404316
0.337432
-0.316568
0.133432
-0.0635684
-0.263568
0.362432
-0.244568
0.0254316
0.344432
-0.310568
0.160432
-0.0865684
-0.235568
0.359432
-0.270568
0.0494316
0.345432
-0.313568
0.137432
-0.141568
-0.234568
0.366432
-0.275568
0.0264316
0.347432
-0.338568
0.110432
-0.0185684
-0.281568
0.337432
-0.200568
0.00643158
0.350432
-0.336568
0.135432
-0.0335684
-0.270568
0.355432
-0.228568
0.00243158
0.343432
-0.319568
0.160432
-0.147568
-0.203568
0.361432
-0.313568
0.0804316
0.311432
-0.280568
0.222432
-0.158568
-0.190568
0.355432
-0.321568
0.0914316
0.278432
-0.277568
0.223432
-0.147568
-0.189568
0.354432
-0.325568
0.124432
0.240432
-0.278568
0.232432
-0.193568
-0.165568
0.351432
-0.314568
0.0984316
0.278432
-0.285568
0.206432
-0.194568
-0.170568
0.355432
-0.321568
0.114432
0.272432
-0.274568
0.211432
-0.224568
-0.139568
0.341432
-0.340568
0.147432
0.220432
-0.260568
0.243432
-0.227568
-0.149568
0.360432
-0.315568
0.104432
0.282432
-0.352568
0.205432
-0.119568
-0.226568
0.341432
-0.269568
0.0704316
0.328432
-0.324568
0.186432
