-0.452428
0.348535
-0.0436316
0.376368
-0.368632
0.0163684
0.133368
-0.335632
0.324368
-0.103632
-0.0956316
0.363368
-0.360632
0.0253684
0.196368
-0.352632
0.302368
-0.0276316
-0.123632
0.353368
-0.358632
-0.0276316
0.207368
-0.352632
0.293368
0.0533684
-0.159632
0.343368
-0.355632
-0.0296316
0.228368
-0.358632
0.295368
0.0143684
-0.137632
0.353368
-0.358632
0.0133684
0.162368
-0.350632
0.299368
0.00736842
-0.0986316
0.357368
-0.354632
0.0243684
0.193368
-0.350632
0.248368
0.0803684
-0.165632
0.324368
-0.332632
-0.0416316
0.232368
-0.351632
0.258368
0.0233684
-0.151632
0.339368
-0.332632
-0.00363158
0.221368
-0.347632
0.283368
-0.0346316
-0.0916316
0.358368
-0.344632
0.0563684
0.147368
-0.329632
0.310368
-0.0856316
-0.114632
0.350368
-0.346632
0.0573684
0.113368
-0.307632
0.322368
-0.124632
-0.104632
0.352368
-0.345632
0.0643684
0.0543684
-0.290632
0.326368
-0.166632
-0.0576316
0.355368
-0.344632
0.0623684
0.0903684
-0.310632
0.313368
-0.0956316
-0.0646316
0.358368
-0.347632
0.0763684
0.0523684
-0.288632
0.333368
-0.135632
-0.0326316
0.346368
-0.339632
0.118368
-0.0146316
-0.268632
0.334368
-0.173632
-0.0336316
0.350368
-0.344632
0.0753684
0.0833684
-0.302632
0.154368
-0.114632
-0.112632
0.340368
-0.342632
0.0143684
0.154368
-0.341632
0.298368
-0.0286316
