4.17217
0.36811
0.132916
0.308916
-0.318084
0.197916
-0.176084
-0.218084
0.390916
-0.331084
0.0939158
0.344916
-0.295084
0.209916
-0.116084
-0.263084
0.384916
-0.295084
0.0669158
0.350916
-0.319084
0.158916
-0.109084
-0.260084
0.385916
-0.238084
0.0289158
0.375916
-0.327084
0.160916
-0.0710842
-0.280084
0.381916
-0.267084
0.0419158
0.356916
-0.320084
0.194916
-0.129084
-0.271084
0.374916
-0.258084
0.0809158
0.346916
-0.319084
0.197916
-0.0730842
-0.303084
0.356916
-0.199084
0.00191579
0.369916
-0.350084
0.127916
-0.0310842
-0.286084
0.356916
-0.236084
0.00491579
0.351916
-0.325084
0.152916
-0.0310842
-0.265084
0.363916
-0.265084
0.0759158
0.324916
-0.295084
0.223916
-0.127084
-0.238084
0.370916
-0.312084
0.0589158
0.331916
-0.309084
0.216916
-0.151084
-0.198084
0.369916
-0.323084
0.0659158
0.315916
-0.300084
0.225916
-0.196084
-0.165084
0.369916
-0.336084
0.110916
0.278916
-0.291084
0.223916
-0.168084
-0.200084
0.370916
-0.302084
0.101916
0.298916
-0.299084
0.231916
-0.194084
-0.182084
0.368916
-0.320084
0.127916
0.264916
-0.274084
0.259916
-0.240084
-0.146084
0.354916
-0.331084
0.126916
0.259916
-0.297084
0.226916
-0.163084
-0.206084
0.290916
-0.300084
0.0559158
0.342916
-0.324084
0.174916
-0.129084
-0.247084
0.388916
-0.291084
