2.81484
0.350293
-0.0211684
-0.293168
0.342832
-0.117168
-0.0431684
0.374832
-0.344168
0.0978316
0.0428316
-0.308168
0.350832
-0.140168
-0.0741684
0.359832
-0.348168
0.0608316
0.0908316
-0.319168
0.320832
-0.0571684
-0.0701684
0.365832
-0.349168
0.0248316
0.139832
-0.340168
0.315832
-0.0521684
-0.0921684
0.349832
-0.346168
0.0428316
0.125832
-0.325168
0.321832
-0.0931684
-0.0631684
0.354832
-0.342168
0.0238316
0.0708316
-0.324168
0.321832
-0.101168
-0.0951684
0.337832
-0.348168
-0.00816842
0.189832
-0.355168
0.269832
0.0128316
-0.118168
0.353832
-0.344168
0.0148316
0.190832
-0.334168
0.320832
-0.0281684
-0.111168
0.353832
-0.350168
0.0498316
0.0568316
-0.300168
0.350832
-0.179168
-0.0651684
0.365832
-0.343168
0.0868316
0.107832
-0.311168
0.330832
-0.173168
-0.0381684
0.365832
-0.335168
0.106832
0.0718316
-0.292168
0.335832
-0.187168
-0.0131684
0.355832
-0.333168
0.129832
-0.0121684
-0.278168
0.339832
-0.185168
-0.0271684
0.365832
-0.340168
0.0858316
0.0248316
-0.288168
0.342832
-0.191168
-0.0151684
0.362832
-0.335168
0.105832
-0.0261684
-0.265168
0.352832
-0.246168
0.0178316
0.351832
-0.327168
0.128832
-0.0281684
-0.271168
0.335832
-0.177168
-0.0301684
0.360832
-0.279168
0.0858316
0.109832
-0.319168
0.293832
-0.0761684
-0.0631684
0.367832
-0.355168
0.0468316
