-0.60324
0.345752
-0.062
0.374
-0.36
-0.003
0.159
-0.343
0.317
-0.087
-0.096
0.363
-0.355
0.019
0.19
-0.353
0.3
-0.031
-0.116
0.354
-0.349
-0.034
0.195
-0.359
0.286
0.056
-0.149
0.34
-0.347
-0.036
0.226
-0.361
0.289
0.021
-0.145
0.346
-0.352
-0.01
0.179
-0.359
0.28
0.037
-0.109
0.352
-0.348
-0.003
0.215
-0.351
0.238
0.1
-0.172
0.314
-0.317
-0.068
0.247
-0.349
0.253
0.043
-0.157
0.333
-0.325
-0.019
0.225
-0.347
0.278
-0.019
-0.084
0.358
-0.341
0.046
0.162
-0.336
0.289
-0.04
-0.14
0.343
-0.338
0.025
0.145
-0.32
0.305
-0.086
-0.122
0.348
-0.341
0.032
0.096
-0.314
0.312
-0.127
-0.075
0.355
-0.339
0.035
0.128
-0.326
0.294
-0.044
-0.092
0.351
-0.339
0.037
0.12
-0.315
0.306
-0.071
-0.062
0.349
-0.347
0.075
0.041
-0.302
0.299
-0.117
-0.063
0.355
-0.336
0.027
0.142
-0.326
0.118
-0.048
-0.137
0.329
-0.327
-0.019
0.183
-0.353
0.278
0.016
