4.32302
0.344121
0.122358
0.292358
-0.300642
0.173358
-0.162642
-0.192642
0.369358
-0.305642
0.0793579
0.330358
-0.278642
0.181358
-0.104642
-0.244642
0.363358
-0.274642
0.0553579
0.330358
-0.304642
0.134358
-0.0856421
-0.239642
0.362358
-0.221642
0.0223579
0.356358
-0.315642
0.130358
-0.0546421
-0.258642
0.356358
-0.241642
0.0293579
0.332358
-0.306642
0.158358
-0.104642
-0.249642
0.354358
-0.221642
0.0603579
0.335358
-0.304642
0.159358
-0.0536421
-0.280642
0.328358
-0.159642
-0.0106421
0.342358
-0.333642
0.103358
-0.0146421
-0.261642
0.334358
-0.211642
-0.00164211
0.341358
-0.295642
0.130358
-0.0176421
-0.246642
0.342358
-0.248642
0.0703579
0.310358
-0.271642
0.195358
-0.137642
-0.204642
0.360358
-0.302642
0.0583579
0.313358
-0.288642
0.187358
-0.145642
-0.178642
0.354358
-0.297642
0.0533579
0.301358
-0.282642
0.205358
-0.191642
-0.150642
0.357358
-0.309642
0.0903579
0.279358
-0.275642
0.191358
-0.155642
-0.189642
0.358358
-0.283642
0.0823579
0.291358
-0.277642
0.196358
-0.184642
-0.168642
0.360358
-0.294642
0.108358
0.260358
-0.255642
0.220358
-0.220642
-0.137642
0.357358
-0.301642
0.109358
0.259358
-0.297642
0.189358
-0.147642
-0.194642
0.265358
-0.280642
0.0413579
0.333358
-0.317642
0.140358
-0.109642
-0.236642
0.368358
-0.267642
