2.41267
0.341719
0.191874
-0.338126
0.253874
0.0968737
-0.165126
0.334874
-0.324126
-0.0301263
0.256874
-0.346126
0.264874
0.0718737
-0.186126
0.290874
-0.311126
-0.0581263
0.269874
-0.340126
0.222874
0.156874
-0.187126
0.302874
-0.304126
-0.0931263
0.303874
-0.349126
0.221874
0.142874
-0.202126
0.283874
-0.307126
-0.0791263
0.292874
-0.346126
0.225874
0.102874
-0.169126
0.289874
-0.294126
-0.0921263
0.252874
-0.344126
0.227874
0.106874
-0.199126
0.256874
-0.269126
-0.118126
0.332874
-0.345126
0.157874
0.202874
-0.210126
0.288874
-0.279126
-0.0961263
0.316874
-0.349126
0.216874
0.152874
-0.203126
0.299874
-0.310126
-0.0531263
0.227874
-0.336126
0.278874
-0.00812632
-0.156126
0.327874
-0.322126
-0.0121263
0.245874
-0.343126
0.258874
-0.0151263
-0.141126
0.349874
-0.330126
-0.00212632
0.240874
-0.335126
0.263874
-0.0261263
-0.118126
0.357874
-0.326126
0.0248737
0.182874
-0.322126
0.270874
-0.00512632
-0.131126
0.340874
-0.323126
-0.0191263
0.195874
-0.329126
0.270874
-0.0181263
-0.120126
0.344874
-0.319126
-0.00612632
0.163874
-0.313126
0.292874
-0.0761263
-0.0941263
0.349874
-0.326126
0.0168737
0.161874
-0.322126
0.264874
0.00387368
-0.144126
0.327874
-0.131126
-0.0351263
0.279874
-0.340126
0.202874
0.116874
-0.168126
0.316874
-0.313126
-0.0721263
