-1.45839
0.36265
-0.305863
0.225137
-0.116863
-0.268863
0.377137
-0.298863
0.0621368
0.338137
-0.334863
0.177137
-0.147863
-0.266863
0.366137
-0.214863
0.0341368
0.355137
-0.339863
0.157137
-0.0658632
-0.304863
0.362137
-0.232863
0.0181368
0.357137
-0.345863
0.132137
-0.0548632
-0.298863
0.358137
-0.192863
0.0271368
0.352137
-0.349863
0.157137
-0.0638632
-0.285863
0.361137
-0.210863
0.0161368
0.357137
-0.331863
0.162137
-0.0618632
-0.274863
0.352137
-0.131863
-0.0338632
0.361137
-0.359863
0.101137
0.0661368
-0.318863
0.338137
-0.186863
-0.0248632
0.357137
-0.343863
0.123137
-0.0258632
-0.291863
0.337137
-0.205863
0.0191368
0.350137
-0.320863
0.188137
-0.147863
-0.224863
0.354137
-0.265863
0.0601368
0.323137
-0.326863
0.174137
-0.102863
-0.232863
0.354137
-0.299863
0.0751368
0.317137
-0.323863
0.187137
-0.127863
-0.220863
0.356137
-0.322863
0.0701368
0.296137
-0.304863
0.220137
-0.145863
-0.221863
0.355137
-0.296863
0.0601368
0.325137
-0.308863
0.204137
-0.138863
-0.215863
0.357137
-0.303863
0.0821368
0.310137
-0.290863
0.224137
-0.197863
-0.167863
0.343137
-0.328863
0.0981368
0.289137
-0.282863
0.230137
-0.120863
-0.219863
0.350137
-0.279863
-0.149863
0.323137
-0.338863
0.146137
-0.0278632
-0.274863
0.357137
-0.241863
0.0151368
0.373137
