1.96016
0.355988
0.324758
-0.359242
0.167758
0.253758
-0.233242
0.275758
-0.287242
-0.101242
0.349758
-0.347242
0.190758
0.233758
-0.255242
0.225758
-0.249242
-0.139242
0.359758
-0.332242
0.140758
0.293758
-0.266242
0.229758
-0.219242
-0.187242
0.375758
-0.312242
0.129758
0.303758
-0.278242
0.199758
-0.219242
-0.167242
0.368758
-0.321242
0.135758
0.267758
-0.251242
0.207758
-0.216242
-0.177242
0.350758
-0.329242
0.135758
0.273758
-0.276242
0.164758
-0.144242
-0.210242
0.371758
-0.284242
0.0607579
0.332758
-0.285242
0.201758
-0.161242
-0.186242
0.368758
-0.310242
0.124758
0.290758
-0.279242
0.213758
-0.223242
-0.157242
0.348758
-0.342242
0.181758
0.197758
-0.240242
0.249758
-0.281242
-0.0982421
0.342758
-0.348242
0.183758
0.168758
-0.225242
0.285758
-0.287242
-0.0982421
0.349758
-0.342242
0.182758
0.170758
-0.200242
0.303758
-0.283242
-0.0862421
0.328758
-0.350242
0.180758
0.204758
-0.227242
0.270758
-0.262242
-0.112242
0.328758
-0.348242
0.190758
0.172758
-0.214242
0.275758
-0.282242
-0.102242
0.302758
-0.346242
0.222758
0.0967579
-0.168242
0.303758
-0.290242
-0.0752421
0.296758
-0.345242
0.172758
0.188758
-0.220242
0.259758
0.0457579
-0.118242
0.361758
-0.316242
0.122758
0.255758
-0.240242
0.234758
-0.239242
-0.157242
