3.46835
0.382535
-0.292895
-0.153895
0.391105
-0.344895
0.131105
0.291105
-0.291895
0.251105
-0.239895
-0.191895
0.366105
-0.351895
0.101105
0.343105
-0.313895
0.221105
-0.194895
-0.205895
0.373105
-0.303895
0.0961053
0.331105
-0.316895
0.185105
-0.149895
-0.239895
0.380105
-0.299895
0.0771053
0.348105
-0.318895
0.199105
-0.163895
-0.218895
0.377105
-0.324895
0.100105
0.344105
-0.317895
0.184105
-0.206895
-0.220895
0.384105
-0.326895
0.0771053
0.366105
-0.352895
0.159105
-0.0818947
-0.275895
0.365105
-0.265895
0.0511053
0.359105
-0.348895
0.175105
-0.0958947
-0.256895
0.381105
-0.277895
0.0471053
0.350105
-0.324895
0.207105
-0.217895
-0.184895
0.371105
-0.365895
0.121105
0.303105
-0.288895
0.248105
-0.205895
-0.178895
0.372105
-0.367895
0.143105
0.246105
-0.261895
0.272105
-0.215895
-0.168895
0.362105
-0.368895
0.169105
0.210105
-0.269895
0.272105
-0.270895
-0.127895
0.357105
-0.358895
0.147105
0.257105
-0.280895
0.249105
-0.263895
-0.142895
0.357105
-0.371895
0.165105
0.235105
-0.266895
0.260105
-0.298895
-0.112895
0.334105
-0.380895
0.211105
0.170105
-0.240895
0.283105
-0.284895
-0.117895
0.357105
-0.362895
0.160105
0.258105
-0.382895
0.248105
-0.182895
-0.219895
0.361105
-0.313895
0.119105
0.315105
-0.328895
0.228105
