1.65787
0.362336
0.389242
-0.315758
0.0592421
0.368242
-0.309758
0.190242
-0.149758
-0.210758
0.389242
-0.276758
0.0962421
0.349242
-0.321758
0.135242
-0.0947579
-0.240758
0.376242
-0.258758
0.0422421
0.374242
-0.325758
0.154242
-0.0727579
-0.268758
0.366242
-0.214758
0.0392421
0.375242
-0.327758
0.121242
-0.0857579
-0.252758
0.370242
-0.254758
0.0462421
0.356242
-0.310758
0.136242
-0.0727579
-0.261758
0.374242
-0.260758
0.0512421
0.356242
-0.324758
0.0892421
0.0192421
-0.291758
0.356242
-0.188758
-0.0217579
0.378242
-0.334758
0.128242
-0.0187579
-0.265758
0.359242
-0.226758
0.0472421
0.358242
-0.317758
0.148242
-0.0967579
-0.235758
0.374242
-0.305758
0.120242
0.300242
-0.286758
0.202242
-0.197758
-0.173758
0.375242
-0.321758
0.107242
0.294242
-0.285758
0.240242
-0.207758
-0.173758
0.369242
-0.318758
0.119242
0.275242
-0.249758
0.269242
-0.214758
-0.143758
0.364242
-0.337758
0.128242
0.285242
-0.270758
0.238242
-0.199758
-0.174758
0.363242
-0.337758
0.121242
0.281242
-0.267758
0.237242
-0.212758
-0.161758
0.356242
-0.338758
0.156242
0.226242
-0.224758
0.273242
-0.234758
-0.151758
0.350242
-0.340758
0.111242
0.284242
-0.272758
0.222242
0.157242
-0.183758
0.373242
-0.275758
0.0562421
0.328242
-0.286758
0.188242
-0.133758
-0.236758
