1.70846
0.368274
0.394747
-0.332253
0.0717474
0.358747
-0.298253
0.215747
-0.173253
-0.198253
0.388747
-0.301253
0.105747
0.342747
-0.314253
0.158747
-0.128253
-0.227253
0.389747
-0.278253
0.0517474
0.363747
-0.309253
0.170747
-0.0982526
-0.259253
0.379747
-0.236253
0.0357474
0.374747
-0.328253
0.129747
-0.103253
-0.255253
0.379747
-0.271253
0.0547474
0.346747
-0.301253
0.146747
-0.0862526
-0.254253
0.382747
-0.264253
0.0457474
0.355747
-0.322253
0.100747
0.00474737
-0.292253
0.362747
-0.193253
-0.0322526
0.377747
-0.325253
0.132747
-0.0132526
-0.273253
0.368747
-0.236253
0.0387474
0.362747
-0.316253
0.157747
-0.102253
-0.238253
0.384747
-0.301253
0.103747
0.309747
-0.293253
0.201747
-0.185253
-0.180253
0.381747
-0.317253
0.0997474
0.288747
-0.285253
0.244747
-0.206253
-0.177253
0.380747
-0.317253
0.113747
0.272747
-0.261253
0.275747
-0.209253
-0.157253
0.375747
-0.334253
0.110747
0.298747
-0.278253
0.235747
-0.184253
-0.185253
0.377747
-0.328253
0.113747
0.281747
-0.274253
0.244747
-0.196253
-0.177253
0.369747
-0.329253
0.139747
0.239747
-0.247253
0.271747
-0.215253
-0.161253
0.364747
-0.328253
0.100747
0.297747
-0.285253
0.217747
0.189747
-0.203253
0.379747
-0.255253
0.0327474
0.345747
-0.295253
0.181747
-0.107253
-0.252253
