3.87051
0.33814
-0.348411
-0.00141053
0.253589
-0.362411
0.229589
0.0575895
-0.145411
0.302589
-0.334411
-0.0434105
0.227589
-0.359411
0.199589
0.167589
-0.178411
0.277589
-0.316411
-0.0644105
0.280589
-0.354411
0.188589
0.157589
-0.191411
0.252589
-0.292411
-0.0994105
0.288589
-0.351411
0.165589
0.210589
-0.197411
0.260589
-0.290411
-0.0794105
0.293589
-0.355411
0.187589
0.194589
-0.200411
0.247589
-0.315411
-0.0794105
0.290589
-0.356411
0.173589
0.244589
-0.244411
0.229589
-0.251411
-0.130411
0.328589
-0.342411
0.159589
0.205589
-0.227411
0.256589
-0.275411
-0.107411
0.286589
-0.349411
0.155589
0.175589
-0.185411
0.275589
-0.316411
-0.0474105
0.236589
-0.347411
0.209589
0.103589
-0.144411
0.302589
-0.318411
-0.0254105
0.231589
-0.339411
0.227589
0.0165895
-0.133411
0.307589
-0.315411
-0.0204105
0.215589
-0.339411
0.253589
-0.0384105
-0.128411
0.310589
-0.324411
0.00658947
0.207589
-0.345411
0.229589
0.0315895
-0.146411
0.296589
-0.323411
0.00358947
0.199589
-0.337411
0.250589
-0.00841053
-0.119411
0.307589
-0.327411
0.0275895
0.157589
-0.323411
0.262589
-0.0554105
-0.111411
0.315589
-0.323411
0.0165895
0.223589
-0.339411
0.234589
0.0405895
-0.291411
0.294589
-0.301411
-0.0744105
0.282589
-0.342411
0.199589
0.141589
-0.191411
0.291589
