3.46835
0.39182
-0.308274
-0.151274
0.392726
-0.356274
0.137726
0.297726
-0.296274
0.255726
-0.249274
-0.197274
0.369726
-0.359274
0.100726
0.341726
-0.314274
0.233726
-0.214274
-0.208274
0.376726
-0.315274
0.110726
0.327726
-0.320274
0.194726
-0.147274
-0.259274
0.381726
-0.312274
0.0757263
0.357726
-0.328274
0.204726
-0.157274
-0.229274
0.378726
-0.329274
0.102726
0.349726
-0.318274
0.186726
-0.213274
-0.228274
0.384726
-0.339274
0.0827263
0.365726
-0.355274
0.168726
-0.100274
-0.278274
0.378726
-0.278274
0.0697263
0.357726
-0.345274
0.199726
-0.135274
-0.249274
0.382726
-0.311274
0.0687263
0.337726
-0.311274
0.232726
-0.250274
-0.164274
0.361726
-0.384274
0.152726
0.283726
-0.261274
0.288726
-0.249274
-0.154274
0.363726
-0.384274
0.162726
0.229726
-0.253274
0.288726
-0.246274
-0.144274
0.352726
-0.394274
0.194726
0.171726
-0.254274
0.298726
-0.287274
-0.113274
0.347726
-0.376274
0.173726
0.234726
-0.263274
0.275726
-0.289274
-0.124274
0.347726
-0.383274
0.182726
0.205726
-0.257274
0.282726
-0.312274
-0.100274
0.325726
-0.392274
0.218726
0.162726
-0.238274
0.304726
-0.311274
-0.100274
0.352726
-0.380274
0.172726
0.238726
-0.383274
0.270726
-0.219274
-0.205274
0.363726
-0.341274
0.142726
0.297726
-0.317274
0.261726
