2.11102
0.352374
0.263411
-0.368589
0.211411
0.192411
-0.196589
0.306411
-0.326589
-0.0605895
0.303411
-0.362589
0.235411
0.159411
-0.214589
0.258411
-0.301589
-0.0925895
0.320411
-0.355589
0.182411
0.239411
-0.217589
0.274411
-0.283589
-0.131589
0.335411
-0.348589
0.185411
0.233411
-0.227589
0.246411
-0.291589
-0.114589
0.337411
-0.353589
0.188411
0.189411
-0.198589
0.257411
-0.281589
-0.126589
0.306411
-0.350589
0.182411
0.204411
-0.231589
0.217411
-0.221589
-0.163589
0.350411
-0.332589
0.120411
0.277411
-0.251589
0.245411
-0.235589
-0.139589
0.340411
-0.338589
0.181411
0.243411
-0.237589
0.258411
-0.281589
-0.103589
0.306411
-0.352589
0.233411
0.114411
-0.194589
0.291411
-0.318589
-0.0545895
0.300411
-0.356589
0.228411
0.0874105
-0.169589
0.325411
-0.329589
-0.0465895
0.295411
-0.355589
0.232411
0.0744105
-0.143589
0.336411
-0.329589
-0.0175895
0.249411
-0.353589
0.236411
0.106411
-0.173589
0.312411
-0.315589
-0.0605895
0.269411
-0.356589
0.229411
0.0944105
-0.165589
0.304411
-0.316589
-0.0595895
0.253411
-0.351589
0.245411
0.0414105
-0.139589
0.324411
-0.326589
-0.0415895
0.251411
-0.346589
0.215411
0.122411
-0.182589
0.292411
-0.0255895
-0.0815895
0.318411
-0.341589
0.155411
0.207411
-0.202589
0.270411
-0.280589
-0.123589
