4.07161
0.378569
-0.398011
0.0259895
0.225989
-0.395011
0.299989
0.00198947
-0.146011
0.358989
-0.386011
-0.0240105
0.180989
-0.391011
0.278989
0.108989
-0.177011
0.344989
-0.365011
-0.0440105
0.258989
-0.391011
0.261989
0.104989
-0.190011
0.317989
-0.348011
-0.0800105
0.268989
-0.391011
0.248989
0.151989
-0.187011
0.327989
-0.358011
-0.0500105
0.260989
-0.388011
0.275989
0.133989
-0.186011
0.321989
-0.371011
-0.0500105
0.256989
-0.387011
0.256989
0.202989
-0.246011
0.300989
-0.327011
-0.112011
0.335989
-0.388011
0.237989
0.147989
-0.234011
0.316989
-0.337011
-0.0890105
0.276989
-0.385011
0.240989
0.102989
-0.170011
0.348989
-0.376011
0.00898947
0.164989
-0.369011
0.292989
0.0329895
-0.145011
0.361989
-0.365011
-0.0160105
0.203989
-0.367011
0.301989
-0.0630105
-0.109011
0.368989
-0.365011
0.00498947
0.180989
-0.371011
0.324989
-0.101011
-0.118011
0.365989
-0.374011
0.0429895
0.166989
-0.361011
0.303989
-0.0260105
-0.149011
0.351989
-0.373011
0.0189895
0.166989
-0.362011
0.316989
-0.0640105
-0.115011
0.357989
-0.376011
0.0519895
0.0979895
-0.341011
0.332989
-0.127011
-0.0910105
0.372989
-0.367011
0.0519895
0.185989
-0.362011
0.304989
-0.0280105
-0.321011
0.355989
-0.360011
-0.0510105
0.259989
-0.375011
0.279989
0.0649895
-0.192011
0.358989
