2.56349
0.335395
0.115611
-0.315389
0.280611
0.0256105
-0.116389
0.344611
-0.332389
0.0116105
0.192611
-0.328389
0.293611
0.0116105
-0.150389
0.307611
-0.328389
-0.0223895
0.219611
-0.324389
0.248611
0.102611
-0.148389
0.312611
-0.324389
-0.0643895
0.262611
-0.339389
0.249611
0.0956105
-0.159389
0.295611
-0.324389
-0.0433895
0.252611
-0.334389
0.249611
0.0596105
-0.146389
0.297611
-0.318389
-0.0673895
0.211611
-0.336389
0.248611
0.0646105
-0.177389
0.260611
-0.292389
-0.0993895
0.311611
-0.344389
0.182611
0.173611
-0.196389
0.290611
-0.294389
-0.0833895
0.303611
-0.340389
0.233611
0.121611
-0.186389
0.300611
-0.320389
-0.0473895
0.204611
-0.327389
0.290611
-0.0453895
-0.122389
0.338611
-0.332389
0.0276105
0.174611
-0.317389
0.287611
-0.0763895
-0.107389
0.350611
-0.334389
0.0246105
0.189611
-0.318389
0.292611
-0.0903895
-0.0783895
0.356611
-0.334389
0.0426105
0.137611
-0.307389
0.289611
-0.0393895
-0.104389
0.344611
-0.333389
0.00661053
0.139611
-0.317389
0.292611
-0.0713895
-0.0883895
0.341611
-0.332389
0.0196105
0.0986105
-0.299389
0.312611
-0.132389
-0.0543895
0.350611
-0.334389
0.0426105
0.105611
-0.305389
0.282611
-0.0433895
-0.107389
0.333611
-0.176389
0.00361053
0.226611
-0.328389
0.232611
0.0566105
-0.133389
0.321611
-0.340389
-0.0363895
