0.904879
0.336735
0.295632
-0.0423684
-0.132368
0.317632
-0.333368
0.00763158
0.201632
-0.335368
0.270632
0.0336316
-0.0983684
0.327632
-0.322368
-0.0533684
0.249632
-0.346368
0.244632
0.0706316
-0.147368
0.293632
-0.317368
-0.0503684
0.266632
-0.350368
0.217632
0.148632
-0.160368
0.290632
-0.297368
-0.0873684
0.280632
-0.349368
0.217632
0.110632
-0.159368
0.301632
-0.313368
-0.0683684
0.271632
-0.344368
0.238632
0.0896316
-0.153368
0.301632
-0.302368
-0.114368
0.321632
-0.342368
0.180632
0.184632
-0.214368
0.263632
-0.284368
-0.0873684
0.312632
-0.343368
0.180632
0.154632
-0.163368
0.278632
-0.277368
-0.0683684
0.262632
-0.346368
0.246632
0.0416316
-0.120368
0.318632
-0.318368
-0.0233684
0.222632
-0.331368
0.239632
0.0316316
-0.126368
0.325632
-0.326368
0.0236316
0.184632
-0.331368
0.244632
0.00563158
-0.107368
0.327632
-0.327368
0.0586316
0.168632
-0.316368
0.276632
-0.0603684
-0.100368
0.324632
-0.323368
0.0166316
0.194632
-0.325368
0.273632
-0.0443684
-0.0953684
0.332632
-0.324368
0.0386316
0.167632
-0.320368
0.285632
-0.0723684
-0.0743684
0.337632
-0.319368
0.0656316
0.138632
-0.312368
0.279632
-0.0903684
-0.108368
0.322632
-0.320368
0.0156316
0.346632
-0.322368
0.247632
0.0646316
-0.146368
0.302632
-0.312368
-0.0253684
0.253632
-0.354368
