0.904879
0.367803
0.3044
-0.0046
-0.1736
0.3374
-0.3556
-0.0226
0.2604
-0.3616
0.2754
0.0814
-0.1466
0.3384
-0.3356
-0.0936
0.3084
-0.3696
0.2424
0.1224
-0.1946
0.3044
-0.3296
-0.0796
0.3244
-0.3686
0.2134
0.1824
-0.2016
0.3044
-0.3156
-0.1176
0.3194
-0.3706
0.2194
0.1394
-0.1996
0.3184
-0.3296
-0.1006
0.3204
-0.3686
0.2504
0.1274
-0.1926
0.3204
-0.3076
-0.1486
0.3654
-0.3556
0.1704
0.2324
-0.2546
0.2784
-0.2876
-0.1176
0.3514
-0.3666
0.1914
0.1784
-0.2016
0.2954
-0.2886
-0.0926
0.3104
-0.3646
0.2504
0.0744
-0.1546
0.3384
-0.3346
-0.0506
0.2544
-0.3556
0.2624
0.0374
-0.1556
0.3554
-0.3466
0.0004
0.2244
-0.3526
0.2584
0.0304
-0.1426
0.3614
-0.3566
0.0314
0.2234
-0.3426
0.2894
-0.0236
-0.1396
0.3484
-0.3426
-0.0116
0.2554
-0.3526
0.2844
-0.0116
-0.1436
0.3474
-0.3516
-0.0016
0.2244
-0.3466
0.3014
-0.0446
-0.1126
0.3614
-0.3526
0.0294
0.1854
-0.3436
0.2994
-0.0466
-0.1506
0.3404
-0.3396
-0.0266
0.3834
-0.3526
0.2314
0.1364
-0.1996
0.3104
-0.3246
-0.0646
0.3204
-0.3816
