2.11102
0.354468
0.2754
-0.3616
0.2054
0.2034
-0.2166
0.3024
-0.2996
-0.0746
0.3114
-0.3576
0.2284
0.1774
-0.2376
0.2634
-0.2836
-0.1136
0.3264
-0.3476
0.1804
0.2364
-0.2366
0.2724
-0.2686
-0.1456
0.3444
-0.3486
0.1794
0.2264
-0.2526
0.2544
-0.2736
-0.1186
0.3354
-0.3476
0.1884
0.1884
-0.2186
0.2614
-0.2636
-0.1376
0.3144
-0.3476
0.1814
0.2114
-0.2486
0.2154
-0.1936
-0.1766
0.3524
-0.3236
0.1064
0.2754
-0.2666
0.2484
-0.2086
-0.1526
0.3624
-0.3186
0.1744
0.2534
-0.2646
0.2514
-0.2636
-0.1236
0.3174
-0.3516
0.2254
0.1274
-0.2206
0.2854
-0.2906
-0.0786
0.3304
-0.3486
0.2054
0.1284
-0.2106
0.3154
-0.3056
-0.0656
0.3214
-0.3526
0.2214
0.1114
-0.1856
0.3234
-0.2996
-0.0526
0.2854
-0.3516
0.2324
0.1194
-0.2026
0.3064
-0.2946
-0.0856
0.2934
-0.3546
0.2234
0.1074
-0.1896
0.3084
-0.3086
-0.0606
0.2634
-0.3456
0.2494
0.0534
-0.1586
0.3294
-0.2996
-0.0436
0.2714
-0.3506
0.2094
0.1384
-0.2076
0.2904
-0.0026
-0.0986
0.3364
-0.3296
0.1524
0.2164
-0.2296
0.2714
-0.2606
-0.1426
