3.82024
0.354075
-0.359053
-0.0310526
0.292947
-0.370053
0.222947
0.0899474
-0.176053
0.309947
-0.332053
-0.0700526
0.261947
-0.364053
0.182947
0.196947
-0.210053
0.277947
-0.307053
-0.0820526
0.301947
-0.352053
0.188947
0.165947
-0.213053
0.255947
-0.290053
-0.118053
0.310947
-0.356053
0.168947
0.214947
-0.208053
0.268947
-0.303053
-0.0840526
0.307947
-0.357053
0.192947
0.195947
-0.219053
0.257947
-0.313053
-0.0890526
0.318947
-0.360053
0.168947
0.256947
-0.268053
0.230947
-0.247053
-0.150053
0.349947
-0.344053
0.146947
0.229947
-0.261053
0.249947
-0.267053
-0.125053
0.313947
-0.348053
0.147947
0.198947
-0.217053
0.281947
-0.316053
-0.0560526
0.266947
-0.357053
0.208947
0.127947
-0.181053
0.309947
-0.316053
-0.0440526
0.258947
-0.352053
0.228947
0.0339474
-0.161053
0.312947
-0.316053
-0.0410526
0.248947
-0.348053
0.250947
-0.00905263
-0.161053
0.320947
-0.333053
-0.0160526
0.249947
-0.351053
0.224947
0.0689474
-0.181053
0.296947
-0.326053
-0.0300526
0.251947
-0.351053
0.235947
0.0509474
-0.169053
0.299947
-0.330053
-0.0190526
0.213947
-0.338053
0.255947
0.00694737
-0.165053
0.306947
-0.320053
-0.0220526
0.281947
-0.350053
0.210947
0.109947
-0.339053
0.286947
-0.268053
-0.125053
0.320947
-0.341053
0.164947
0.205947
-0.246053
0.275947
