2.46295
0.343726
0.160863
-0.334137
0.267863
0.0688632
-0.140137
0.340863
-0.332137
-0.0101368
0.228863
-0.340137
0.285863
0.0568632
-0.172137
0.297863
-0.327137
-0.0491368
0.247863
-0.339137
0.238863
0.130863
-0.172137
0.303863
-0.321137
-0.0851368
0.291863
-0.346137
0.239863
0.129863
-0.185137
0.284863
-0.323137
-0.0681368
0.278863
-0.342137
0.242863
0.0838632
-0.159137
0.295863
-0.314137
-0.0721368
0.224863
-0.337137
0.250863
0.0758632
-0.178137
0.269863
-0.289137
-0.0991368
0.311863
-0.344137
0.185863
0.174863
-0.199137
0.292863
-0.304137
-0.0791368
0.298863
-0.349137
0.235863
0.125863
-0.195137
0.295863
-0.323137
-0.0541368
0.222863
-0.334137
0.290863
-0.0141368
-0.136137
0.333863
-0.337137
0.00986316
0.212863
-0.329137
0.280863
-0.0391368
-0.120137
0.349863
-0.339137
0.00586316
0.215863
-0.331137
0.287863
-0.0481368
-0.0981368
0.355863
-0.335137
0.0238632
0.177863
-0.324137
0.280863
-0.0111368
-0.120137
0.344863
-0.334137
-0.0181368
0.181863
-0.327137
0.284863
-0.0391368
-0.109137
0.341863
-0.341137
-0.00313684
0.134863
-0.308137
0.307863
-0.0971368
-0.0781368
0.356863
-0.336137
0.0238632
0.136863
-0.315137
0.274863
-0.0171368
-0.126137
0.336863
-0.160137
-0.0111368
0.254863
-0.336137
0.216863
0.0938632
-0.157137
0.315863
-0.334137
-0.0591368
