4.32302
0.361043
-0.203768
0.314232
-0.295768
-0.151768
0.343232
-0.370768
0.193232
0.190232
-0.248768
0.275232
-0.308768
-0.142768
0.357232
-0.340768
0.160232
0.244232
-0.259768
0.256232
-0.251768
-0.196768
0.356232
-0.346768
0.139232
0.287232
-0.286768
0.225232
-0.248768
-0.191768
0.360232
-0.324768
0.147232
0.266232
-0.274768
0.256232
-0.254768
-0.160768
0.347232
-0.336768
0.136232
0.282232
-0.241768
0.260232
-0.258768
-0.158768
0.353232
-0.289768
0.0852316
0.315232
-0.294768
0.201232
-0.139768
-0.223768
0.364232
-0.313768
0.0962316
0.286232
-0.289768
0.225232
-0.217768
-0.183768
0.353232
-0.333768
0.146232
0.234232
-0.226768
0.288232
-0.298768
-0.104768
0.318232
-0.341768
0.179232
0.187232
-0.247768
0.269232
-0.274768
-0.105768
0.308232
-0.347768
0.206232
0.143232
-0.233768
0.288232
-0.283768
-0.0997684
0.286232
-0.356768
0.207232
0.106232
-0.202768
0.310232
-0.297768
-0.0927684
0.299232
-0.355768
0.184232
0.171232
-0.208768
0.295232
-0.290768
-0.0947684
0.293232
-0.350768
0.208232
0.141232
-0.186768
0.309232
-0.309768
-0.0507684
0.241232
-0.348768
0.216232
0.103232
-0.184768
0.312232
-0.280768
-0.0937684
0.302232
-0.338768
-0.0227684
0.185232
-0.262768
0.235232
-0.219768
-0.156768
0.334232
-0.343768
0.145232
0.268232
