-0.150808
0.363637
0.0717053
0.363705
-0.354295
0.136705
-0.0542947
-0.285295
0.379705
-0.260295
0.0347053
0.384705
-0.341295
0.147705
-0.000294737
-0.322295
0.364705
-0.203295
0.00370526
0.379705
-0.351295
0.0967053
0.0147053
-0.315295
0.361705
-0.139295
-0.0362947
0.383705
-0.358295
0.0947053
0.0537053
-0.337295
0.362705
-0.162295
-0.0242947
0.379705
-0.357295
0.124705
-0.0142947
-0.325295
0.356705
-0.153295
0.0197053
0.374705
-0.353295
0.122705
0.0267053
-0.343295
0.322705
-0.0872947
-0.0632947
0.365705
-0.356295
0.0657053
0.0627053
-0.328295
0.340705
-0.160295
-0.0332947
0.364705
-0.341295
0.103705
0.0537053
-0.312295
0.348705
-0.197295
0.0287053
0.356705
-0.321295
0.178705
-0.0662947
-0.271295
0.371705
-0.283295
0.0347053
0.349705
-0.323295
0.192705
-0.0932947
-0.240295
0.366705
-0.285295
0.0347053
0.347705
-0.317295
0.202705
-0.141295
-0.214295
0.366705
-0.297295
0.0607053
0.327705
-0.315295
0.179705
-0.0962947
-0.258295
0.364705
-0.264295
0.0597053
0.334705
-0.316295
0.192705
-0.122295
-0.235295
0.366705
-0.271295
0.0817053
0.315705
-0.302295
0.220705
-0.164295
-0.213295
0.361705
-0.284295
0.0787053
0.314705
-0.333295
0.167705
-0.0772947
-0.258295
0.249705
-0.250295
0.00870526
0.365705
-0.342295
0.130705
-0.0412947
-0.301295
0.367705
-0.214295
