4.17217
0.356372
-0.382811
0.0661895
0.178189
-0.378811
0.297189
-0.0588105
-0.0928105
0.351189
-0.378811
0.0271895
0.124189
-0.372811
0.278189
0.0491895
-0.124811
0.342189
-0.373811
0.00418947
0.208189
-0.383811
0.270189
0.0261895
-0.134811
0.323189
-0.362811
-0.0278105
0.221189
-0.384811
0.251189
0.0951895
-0.133811
0.330189
-0.362811
0.00218947
0.206189
-0.375811
0.279189
0.0601895
-0.127811
0.327189
-0.367811
0.00418947
0.199189
-0.366811
0.263189
0.126189
-0.178811
0.311189
-0.350811
-0.0528105
0.295189
-0.383811
0.248189
0.0771895
-0.170811
0.323189
-0.348811
-0.0138105
0.214189
-0.370811
0.253189
0.0171895
-0.113811
0.345189
-0.360811
0.0611895
0.101189
-0.340811
0.286189
-0.0368105
-0.0878105
0.360189
-0.358811
0.0341895
0.129189
-0.335811
0.303189
-0.135811
-0.0548105
0.358189
-0.362811
0.0611895
0.108189
-0.330811
0.320189
-0.165811
-0.0598105
0.354189
-0.363811
0.0991895
0.0791895
-0.329811
0.303189
-0.108811
-0.0768105
0.349189
-0.357811
0.0691895
0.0981895
-0.326811
0.310189
-0.126811
-0.0638105
0.349189
-0.350811
0.0961895
0.0401895
-0.306811
0.322189
-0.177811
-0.0538105
0.350189
-0.345811
0.0901895
0.136189
-0.335811
0.302189
-0.0738105
-0.283811
0.341189
-0.352811
-0.0158105
0.225189
-0.359811
0.275189
0.00918947
-0.135811
0.359189
