4.37332
0.335768
-0.3442
0.1108
0.0868
-0.3352
0.3128
-0.1362
-0.0432
0.3428
-0.3502
0.0638
0.0498
-0.3282
0.2878
-0.0162
-0.0832
0.3338
-0.3482
0.0428
0.1518
-0.3482
0.2728
-0.0302
-0.1052
0.3148
-0.3442
0.0058
0.1708
-0.3502
0.2608
0.0338
-0.0982
0.3218
-0.3532
0.0378
0.1438
-0.3352
0.2848
-0.0032
-0.0902
0.3178
-0.3442
0.0418
0.1408
-0.3322
0.2688
0.0738
-0.1442
0.3098
-0.3362
-0.0162
0.2498
-0.3602
0.2558
0.0188
-0.1382
0.3148
-0.3452
-0.0042
0.1518
-0.3392
0.2578
-0.0052
-0.0972
0.3348
-0.3422
0.0698
0.0558
-0.3002
0.2928
-0.0952
-0.0462
0.3358
-0.3362
0.0808
0.0698
-0.2922
0.3028
-0.1692
-0.0272
0.3358
-0.3342
0.0868
0.0338
-0.2862
0.3158
-0.2162
-0.0212
0.3288
-0.3312
0.1148
0.0278
-0.2892
0.3098
-0.1682
-0.0422
0.3308
-0.3302
0.1028
0.0288
-0.2852
0.3138
-0.1782
-0.0222
0.3318
-0.3242
0.1248
-0.0232
-0.2562
0.3198
-0.2202
-0.0112
0.3298
-0.3182
0.1298
0.0518
-0.2842
0.2998
-0.1402
-0.2362
0.3268
-0.3412
0.0278
0.1548
-0.3302
0.2868
-0.0622
-0.0952
0.3508
