-0.653512
0.365113
-0.0944737
0.365526
-0.377474
-0.0274737
0.229526
-0.378474
0.295526
-0.00547368
-0.140474
0.348526
-0.381474
-0.0134737
0.270526
-0.384474
0.266526
0.0555263
-0.163474
0.330526
-0.356474
-0.0684737
0.282526
-0.383474
0.250526
0.147526
-0.195474
0.319526
-0.354474
-0.0674737
0.306526
-0.379474
0.254526
0.119526
-0.192474
0.324526
-0.356474
-0.0464737
0.270526
-0.383474
0.240526
0.140526
-0.163474
0.320526
-0.350474
-0.0504737
0.303526
-0.361474
0.183526
0.204526
-0.226474
0.283526
-0.285474
-0.109474
0.322526
-0.373474
0.204526
0.142526
-0.215474
0.294526
-0.341474
-0.0724737
0.313526
-0.373474
0.237526
0.102526
-0.153474
0.325526
-0.361474
0.00252632
0.232526
-0.364474
0.276526
-0.00647368
-0.149474
0.328526
-0.355474
0.00252632
0.229526
-0.357474
0.278526
0.00952632
-0.158474
0.330526
-0.361474
0.0135263
0.178526
-0.346474
0.275526
-0.0264737
-0.127474
0.341526
-0.356474
-0.00947368
0.224526
-0.358474
0.263526
0.0275263
-0.126474
0.336526
-0.358474
0.000526316
0.206526
-0.347474
0.277526
0.0135263
-0.107474
0.333526
-0.361474
0.0395263
0.141526
-0.340474
0.277526
-0.0274737
-0.102474
0.342526
-0.352474
-0.00147368
0.219526
-0.353474
0.0755263
0.0375263
-0.180474
0.301526
-0.320474
-0.0564737
0.266526
-0.379474
0.243526
0.123526
