-1.25688
0.371727
-0.265411
0.275589
-0.218411
-0.219411
0.375589
-0.350411
0.129589
0.276589
-0.293411
0.228589
-0.245411
-0.202411
0.381589
-0.305411
0.105589
0.317589
-0.310411
0.214589
-0.176411
-0.248411
0.375589
-0.316411
0.0945895
0.336589
-0.319411
0.198589
-0.185411
-0.236411
0.379589
-0.290411
0.0995895
0.320589
-0.310411
0.221589
-0.192411
-0.216411
0.368589
-0.310411
0.0935895
0.328589
-0.288411
0.226589
-0.203411
-0.202411
0.367589
-0.257411
0.0465895
0.343589
-0.328411
0.176589
-0.0764105
-0.259411
0.370589
-0.294411
0.0575895
0.323589
-0.316411
0.206589
-0.183411
-0.213411
0.364589
-0.327411
0.110589
0.290589
-0.266411
0.264589
-0.265411
-0.138411
0.351589
-0.343411
0.143589
0.240589
-0.275411
0.251589
-0.237411
-0.139411
0.344589
-0.357411
0.164589
0.219589
-0.276411
0.262589
-0.236411
-0.139411
0.326589
-0.361411
0.152589
0.197589
-0.255411
0.282589
-0.249411
-0.149411
0.345589
-0.352411
0.136589
0.249589
-0.264411
0.265589
-0.237411
-0.147411
0.340589
-0.343411
0.143589
0.244589
-0.246411
0.277589
-0.268411
-0.100411
0.310589
-0.354411
0.164589
0.207589
-0.237411
0.279589
-0.225411
-0.153411
0.341589
-0.331411
-0.0844105
0.265589
-0.306411
0.206589
-0.142411
-0.213411
0.364589
-0.314411
0.0905895
0.336589
