0.452428
0.347483
0.183274
0.202274
-0.256726
0.231274
-0.247726
-0.132726
0.354274
-0.340726
0.149274
0.259274
-0.229726
0.237274
-0.206726
-0.183726
0.361274
-0.323726
0.121274
0.273274
-0.263726
0.202274
-0.199726
-0.174726
0.363274
-0.295726
0.0932737
0.306274
-0.270726
0.200274
-0.178726
-0.194726
0.363274
-0.312726
0.102274
0.276274
-0.264726
0.223274
-0.211726
-0.185726
0.357274
-0.298726
0.129274
0.270274
-0.260726
0.219274
-0.174726
-0.216726
0.349274
-0.267726
0.0652737
0.316274
-0.302726
0.185274
-0.138726
-0.201726
0.352274
-0.298726
0.0742737
0.292274
-0.256726
0.201274
-0.155726
-0.176726
0.342274
-0.323726
0.145274
0.222274
-0.222726
0.256274
-0.234726
-0.138726
0.337274
-0.337726
0.138274
0.216274
-0.234726
0.263274
-0.252726
-0.0937263
0.324274
-0.339726
0.133274
0.202274
-0.219726
0.270274
-0.280726
-0.0677263
0.320274
-0.342726
0.179274
0.154274
-0.217726
0.260274
-0.263726
-0.100726
0.333274
-0.334726
0.170274
0.172274
-0.214726
0.266274
-0.272726
-0.0827263
0.313274
-0.340726
0.201274
0.124274
-0.184726
0.292274
-0.299726
-0.0507263
0.295274
-0.340726
0.197274
0.110274
-0.215726
0.268274
-0.264726
-0.0967263
0.324274
-0.333726
0.145274
0.244274
-0.252726
0.228274
-0.243726
-0.142726
0.360274
-0.345726
