4.32302
0.352934
-0.371032
0.130968
0.0689684
-0.341032
0.337968
-0.157032
-0.0280316
0.359968
-0.378032
0.0869684
0.0239684
-0.339032
0.317968
-0.0550316
-0.0590316
0.352968
-0.374032
0.0689684
0.118968
-0.364032
0.309968
-0.0720316
-0.0750316
0.340968
-0.377032
0.0399684
0.118968
-0.362032
0.302968
-0.0180316
-0.0680316
0.344968
-0.375032
0.0649684
0.118968
-0.348032
0.317968
-0.0460316
-0.0790316
0.340968
-0.371032
0.0729684
0.107968
-0.342032
0.305968
0.0289684
-0.131032
0.330968
-0.368032
0.0109684
0.222968
-0.371032
0.289968
-0.0230316
-0.115032
0.340968
-0.363032
0.0489684
0.131968
-0.347032
0.290968
-0.0700316
-0.0720316
0.348968
-0.364032
0.100968
0.0289684
-0.309032
0.317968
-0.119032
-0.0400316
0.351968
-0.358032
0.0919684
0.0489684
-0.295032
0.329968
-0.205032
-0.00703158
0.345968
-0.360032
0.101968
0.0289684
-0.294032
0.340968
-0.233032
-0.0130316
0.336968
-0.359032
0.139968
0.0139684
-0.293032
0.330968
-0.183032
-0.0320316
0.341968
-0.353032
0.134968
0.00296842
-0.281032
0.343968
-0.213032
0.00196842
0.344968
-0.341032
0.157968
-0.0600316
-0.249032
0.345968
-0.257032
0.0149684
0.329968
-0.330032
0.159968
0.0139684
-0.278032
0.332968
-0.189032
-0.225032
0.340968
-0.360032
0.0659684
0.112968
-0.327032
0.318968
-0.114032
-0.0740316
0.364968
