1.20658
0.359237
0.370274
-0.180726
-0.0577263
0.371274
-0.358726
0.0812737
0.0852737
-0.312726
0.344274
-0.0987263
-0.0377263
0.376274
-0.364726
0.0142737
0.155274
-0.336726
0.324274
-0.0667263
-0.0877263
0.350274
-0.358726
0.0292737
0.167274
-0.350726
0.307274
-0.00972632
-0.0947263
0.360274
-0.354726
0.00227368
0.166274
-0.338726
0.310274
-0.0517263
-0.0817263
0.362274
-0.352726
0.0152737
0.155274
-0.342726
0.329274
-0.0727263
-0.0807263
0.362274
-0.355726
-0.0367263
0.260274
-0.355726
0.275274
0.0592737
-0.161726
0.337274
-0.351726
-0.00872632
0.247274
-0.349726
0.279274
0.00927368
-0.104726
0.341274
-0.340726
0.00827368
0.165274
-0.336726
0.329274
-0.114726
-0.0407263
0.367274
-0.349726
0.0552737
0.0842737
-0.307726
0.335274
-0.134726
-0.0487263
0.363274
-0.350726
0.105274
0.0522737
-0.296726
0.331274
-0.137726
-0.0417263
0.367274
-0.339726
0.129274
0.0522737
-0.282726
0.355274
-0.192726
-0.0277263
0.365274
-0.349726
0.0972737
0.0712737
-0.303726
0.351274
-0.181726
-0.0227263
0.367274
-0.342726
0.107274
0.0382737
-0.292726
0.363274
-0.202726
-0.00772632
0.360274
-0.333726
0.126274
0.0302737
-0.282726
0.349274
-0.189726
-0.0487263
0.358274
-0.347726
0.0732737
0.354274
-0.306726
0.318274
-0.0397263
-0.0997263
0.347274
-0.343726
0.0392737
0.172274
-0.345726
