1.20658
0.335575
0.328221
-0.129779
-0.0777789
0.343221
-0.344779
0.0582211
0.130221
-0.312779
0.308221
-0.0647789
-0.0557789
0.337221
-0.338779
0.00622105
0.173221
-0.326779
0.283221
-0.0347789
-0.104779
0.320221
-0.337779
0.0202211
0.191221
-0.337779
0.272221
0.0272211
-0.104779
0.327221
-0.328779
-0.0137789
0.184221
-0.324779
0.271221
-0.0147789
-0.107779
0.328221
-0.326779
-0.00777895
0.204221
-0.335779
0.283221
-0.00577895
-0.113779
0.327221
-0.315779
-0.0577789
0.284221
-0.345779
0.228221
0.107221
-0.188779
0.293221
-0.310779
-0.0407789
0.284221
-0.336779
0.226221
0.0792211
-0.131779
0.304221
-0.301779
-0.0197789
0.216221
-0.332779
0.284221
-0.0557789
-0.0687789
0.334221
-0.332779
0.0292211
0.148221
-0.305779
0.284221
-0.0657789
-0.0867789
0.336221
-0.334779
0.0672211
0.121221
-0.302779
0.283221
-0.0847789
-0.0757789
0.342221
-0.330779
0.0952211
0.120221
-0.292779
0.298221
-0.119779
-0.0727789
0.338221
-0.334779
0.0542211
0.156221
-0.313779
0.294221
-0.0967789
-0.0737789
0.332221
-0.331779
0.0602211
0.136221
-0.302779
0.305221
-0.119779
-0.0507789
0.333221
-0.328779
0.0882211
0.101221
-0.297779
0.303221
-0.125779
-0.0827789
0.328221
-0.329779
0.0412211
0.347221
-0.310779
0.263221
0.0322211
-0.139779
0.312221
-0.322779
0.000221053
0.231221
-0.345779
