1.20658
0.349089
0.354632
-0.176368
-0.0503684
0.360632
-0.361368
0.0806316
0.0776316
-0.310368
0.334632
-0.0993684
-0.0153684
0.364632
-0.359368
0.0296316
0.118632
-0.329368
0.313632
-0.0793684
-0.0703684
0.345632
-0.360368
0.0416316
0.158632
-0.348368
0.294632
-0.00836842
-0.0713684
0.350632
-0.354368
0.0126316
0.139632
-0.332368
0.302632
-0.0733684
-0.0603684
0.354632
-0.351368
0.0336316
0.130632
-0.336368
0.323632
-0.0853684
-0.0523684
0.355632
-0.349368
-0.0153684
0.224632
-0.350368
0.269632
0.0396316
-0.136368
0.327632
-0.349368
0.0126316
0.215632
-0.335368
0.280632
0.0116316
-0.0623684
0.341632
-0.342368
0.0276316
0.142632
-0.330368
0.317632
-0.122368
-0.0233684
0.356632
-0.347368
0.0666316
0.0886316
-0.302368
0.319632
-0.126368
-0.0313684
0.352632
-0.349368
0.112632
0.0476316
-0.296368
0.313632
-0.144368
-0.0203684
0.362632
-0.341368
0.125632
0.0556316
-0.283368
0.331632
-0.181368
-0.0213684
0.357632
-0.347368
0.0876316
0.0976316
-0.316368
0.322632
-0.142368
-0.0353684
0.358632
-0.347368
0.0946316
0.0796316
-0.301368
0.331632
-0.170368
-0.0103684
0.356632
-0.331368
0.104632
0.0606316
-0.297368
0.324632
-0.152368
-0.0593684
0.352632
-0.347368
0.0586316
0.360632
-0.313368
0.285632
0.00963158
-0.113368
0.332632
-0.342368
0.0106316
0.216632
-0.365368
