2.46295
0.345036
0.167789
-0.344211
0.270789
0.0667895
-0.138211
0.338789
-0.346211
0.0127895
0.222789
-0.351211
0.282789
0.0327895
-0.165211
0.303789
-0.325211
-0.0282105
0.253789
-0.349211
0.242789
0.114789
-0.169211
0.309789
-0.323211
-0.0702105
0.284789
-0.357211
0.237789
0.128789
-0.191211
0.283789
-0.320211
-0.0542105
0.286789
-0.351211
0.239789
0.0937895
-0.160211
0.288789
-0.311211
-0.0682105
0.245789
-0.350211
0.236789
0.0837895
-0.186211
0.264789
-0.285211
-0.0982105
0.318789
-0.351211
0.170789
0.184789
-0.199211
0.290789
-0.296211
-0.0762105
0.307789
-0.357211
0.221789
0.143789
-0.203211
0.294789
-0.323211
-0.0402105
0.239789
-0.346211
0.273789
0.00578947
-0.151211
0.318789
-0.338211
0.00378947
0.236789
-0.339211
0.270789
-0.0292105
-0.119211
0.345789
-0.342211
0.0217895
0.238789
-0.336211
0.272789
-0.0392105
-0.0992105
0.347789
-0.338211
0.0477895
0.159789
-0.325211
0.286789
-0.0432105
-0.112211
0.341789
-0.336211
0.0117895
0.175789
-0.330211
0.285789
-0.0542105
-0.0992105
0.337789
-0.342211
0.0247895
0.135789
-0.308211
0.299789
-0.104211
-0.0672105
0.345789
-0.346211
0.0487895
0.122789
-0.314211
0.281789
-0.0312105
-0.117211
0.328789
-0.175211
0.00478947
0.247789
-0.341211
0.226789
0.0727895
-0.144211
0.320789
-0.339211
-0.0372105
