3.87051
0.336663
-0.355853
0.0101474
0.252147
-0.363853
0.231147
0.0511474
-0.136853
0.298147
-0.339853
-0.0378526
0.222147
-0.353853
0.209147
0.151147
-0.169853
0.276147
-0.321853
-0.0468526
0.276147
-0.347853
0.196147
0.145147
-0.186853
0.248147
-0.295853
-0.0938526
0.291147
-0.350853
0.164147
0.212147
-0.198853
0.247147
-0.289853
-0.0778526
0.291147
-0.349853
0.191147
0.191147
-0.204853
0.240147
-0.314853
-0.0718526
0.299147
-0.351853
0.162147
0.246147
-0.239853
0.223147
-0.254853
-0.132853
0.334147
-0.336853
0.139147
0.228147
-0.240853
0.233147
-0.265853
-0.111853
0.300147
-0.341853
0.146147
0.198147
-0.198853
0.258147
-0.313853
-0.0478526
0.245147
-0.342853
0.207147
0.111147
-0.148853
0.292147
-0.316853
-0.0258526
0.235147
-0.331853
0.226147
0.0201474
-0.135853
0.297147
-0.309853
-0.0288526
0.230147
-0.338853
0.241147
-0.0148526
-0.144853
0.296147
-0.321853
-0.00985263
0.242147
-0.334853
0.219147
0.0681474
-0.168853
0.272147
-0.321853
-0.0168526
0.235147
-0.333853
0.228147
0.0451474
-0.145853
0.282147
-0.327853
-0.00185263
0.196147
-0.329853
0.243147
0.0101474
-0.139853
0.291147
-0.316853
-0.0108526
0.268147
-0.333853
0.211147
0.100147
-0.313853
0.267147
-0.276853
-0.0978526
0.300147
-0.327853
0.176147
0.181147
-0.221853
0.258147
