1.80923
0.356395
0.356179
-0.344821
0.126179
0.303179
-0.283821
0.238179
-0.203821
-0.166821
0.365179
-0.309821
0.148179
0.293179
-0.306821
0.189179
-0.173821
-0.195821
0.366179
-0.301821
0.101179
0.322179
-0.298821
0.207179
-0.152821
-0.222821
0.369179
-0.272821
0.0941789
0.316179
-0.305821
0.182179
-0.161821
-0.203821
0.370179
-0.299821
0.105179
0.296179
-0.289821
0.187179
-0.149821
-0.216821
0.359179
-0.297821
0.110179
0.295179
-0.304821
0.150179
-0.0748211
-0.246821
0.360179
-0.241821
0.0321789
0.334179
-0.316821
0.185179
-0.0988211
-0.220821
0.369179
-0.264821
0.113179
0.308179
-0.302821
0.202179
-0.177821
-0.175821
0.357179
-0.323821
0.158179
0.230179
-0.276821
0.234179
-0.212821
-0.139821
0.363179
-0.320821
0.145179
0.231179
-0.263821
0.270179
-0.247821
-0.131821
0.354179
-0.332821
0.154179
0.222179
-0.234821
0.288179
-0.250821
-0.100821
0.336179
-0.345821
0.165179
0.226179
-0.262821
0.261179
-0.219821
-0.144821
0.351179
-0.334821
0.157179
0.232179
-0.254821
0.263179
-0.240821
-0.132821
0.337179
-0.336821
0.180179
0.178179
-0.223821
0.278179
-0.241821
-0.119821
0.331179
-0.337821
0.137179
0.251179
-0.270821
0.233179
0.142179
-0.167821
0.363179
-0.272821
0.0741789
0.299179
-0.295821
0.201179
-0.124821
-0.227821
