-1.38271
0.338378
-0.340063
0.134937
0.0509368
-0.313063
0.325937
-0.179063
-0.0150632
0.339937
-0.348063
0.107937
-0.0180632
-0.301063
0.313937
-0.0950632
-0.0440632
0.336937
-0.346063
0.0979368
0.0739368
-0.330063
0.307937
-0.115063
-0.0610632
0.326937
-0.355063
0.0549368
0.0959368
-0.327063
0.292937
-0.0440632
-0.0580632
0.331937
-0.358063
0.0789368
0.0879368
-0.324063
0.305937
-0.0690632
-0.0610632
0.325937
-0.343063
0.0789368
0.0809368
-0.311063
0.298937
0.00593684
-0.110063
0.322937
-0.348063
0.0299368
0.194937
-0.344063
0.288937
-0.0610632
-0.101063
0.329937
-0.352063
0.0489368
0.0859368
-0.323063
0.283937
-0.0970632
-0.0500632
0.332937
-0.336063
0.123937
-0.0190632
-0.263063
0.323937
-0.186063
0.00793684
0.324937
-0.327063
0.138937
-0.0280632
-0.247063
0.328937
-0.256063
0.0299368
0.320937
-0.325063
0.147937
-0.0590632
-0.235063
0.339937
-0.286063
0.0229368
0.307937
-0.316063
0.166937
-0.0500632
-0.250063
0.325937
-0.232063
0.0109368
0.321937
-0.319063
0.158937
-0.0530632
-0.233063
0.333937
-0.250063
0.0309368
0.315937
-0.309063
0.173937
-0.100063
-0.207063
0.333937
-0.272063
0.0419368
0.315937
-0.299063
0.171937
-0.0180632
-0.251063
0.321937
-0.206063
-0.194063
0.324937
-0.341063
0.0779368
0.0889368
-0.298063
0.315937
-0.146063
-0.0500632
0.354937
