4.17217
0.369411
0.169432
0.260432
-0.295568
0.219432
-0.229568
-0.185568
0.387432
-0.342568
0.126432
0.319432
-0.273568
0.225432
-0.160568
-0.237568
0.383432
-0.310568
0.0944316
0.329432
-0.305568
0.184432
-0.168568
-0.226568
0.389432
-0.280568
0.0714316
0.354432
-0.306568
0.185432
-0.134568
-0.250568
0.388432
-0.296568
0.0754316
0.331432
-0.306568
0.203432
-0.174568
-0.242568
0.378432
-0.275568
0.105432
0.325432
-0.307568
0.202432
-0.121568
-0.278568
0.366432
-0.220568
0.0254316
0.362432
-0.345568
0.142432
-0.0795684
-0.257568
0.373432
-0.263568
0.0424316
0.341432
-0.308568
0.168432
-0.0955684
-0.233568
0.372432
-0.298568
0.118432
0.291432
-0.272568
0.244432
-0.186568
-0.203568
0.373432
-0.325568
0.0974316
0.309432
-0.291568
0.237432
-0.203568
-0.162568
0.363432
-0.334568
0.0964316
0.291432
-0.278568
0.248432
-0.238568
-0.143568
0.369432
-0.343568
0.145432
0.247432
-0.267568
0.241432
-0.225568
-0.171568
0.375432
-0.322568
0.137432
0.269432
-0.280568
0.240432
-0.235568
-0.157568
0.366432
-0.327568
0.166432
0.227432
-0.250568
0.275432
-0.274568
-0.126568
0.359432
-0.335568
0.152432
0.235432
-0.287568
0.230432
-0.198568
-0.188568
0.312432
-0.316568
0.0824316
0.330432
-0.315568
0.183432
-0.165568
-0.236568
0.394432
-0.306568
