-1.35753
0.345492
-0.284189
0.210811
-0.119189
-0.244189
0.359811
-0.290189
0.0758105
0.314811
-0.312189
0.174811
-0.174189
-0.234189
0.356811
-0.229189
0.0488105
0.333811
-0.315189
0.164811
-0.0861895
-0.269189
0.346811
-0.236189
0.0208105
0.333811
-0.336189
0.122811
-0.0661895
-0.272189
0.343811
-0.192189
0.0328105
0.330811
-0.332189
0.159811
-0.0861895
-0.245189
0.342811
-0.210189
0.0288105
0.336811
-0.314189
0.152811
-0.0791895
-0.243189
0.341811
-0.142189
-0.0261895
0.337811
-0.342189
0.0988105
0.0618105
-0.296189
0.332811
-0.185189
-0.0151895
0.331811
-0.339189
0.119811
-0.0671895
-0.259189
0.336811
-0.222189
0.0398105
0.327811
-0.301189
0.191811
-0.170189
-0.194189
0.345811
-0.270189
0.0778105
0.289811
-0.308189
0.186811
-0.142189
-0.187189
0.345811
-0.312189
0.0938105
0.290811
-0.306189
0.191811
-0.148189
-0.190189
0.346811
-0.317189
0.0848105
0.274811
-0.292189
0.210811
-0.155189
-0.198189
0.340811
-0.292189
0.0718105
0.300811
-0.295189
0.198811
-0.164189
-0.188189
0.346811
-0.302189
0.0868105
0.292811
-0.276189
0.206811
-0.182189
-0.162189
0.330811
-0.315189
0.0938105
0.278811
-0.273189
0.208811
-0.117189
-0.203189
0.337811
-0.273189
-0.138189
0.310811
-0.327189
0.126811
-0.0261895
-0.253189
0.347811
-0.229189
0.0258105
0.355811
