0.754056
0.370901
0.276716
0.0727158
-0.208284
0.312716
-0.337284
-0.0692842
0.306716
-0.371284
0.238716
0.152716
-0.176284
0.320716
-0.314284
-0.123284
0.338716
-0.371284
0.213716
0.180716
-0.221284
0.284716
-0.300284
-0.118284
0.350716
-0.362284
0.176716
0.242716
-0.227284
0.280716
-0.280284
-0.152284
0.350716
-0.362284
0.189716
0.192716
-0.228284
0.293716
-0.298284
-0.136284
0.350716
-0.361284
0.204716
0.203716
-0.227284
0.295716
-0.271284
-0.184284
0.379716
-0.337284
0.129716
0.285716
-0.286284
0.239716
-0.249284
-0.166284
0.371716
-0.355284
0.141716
0.242716
-0.231284
0.266716
-0.244284
-0.131284
0.337716
-0.367284
0.217716
0.139716
-0.189284
0.325716
-0.304284
-0.0892842
0.299716
-0.366284
0.225716
0.113716
-0.194284
0.333716
-0.325284
-0.0432842
0.278716
-0.368284
0.221716
0.105716
-0.187284
0.343716
-0.334284
-0.0152842
0.280716
-0.362284
0.248716
0.0577158
-0.175284
0.328716
-0.325284
-0.0542842
0.300716
-0.367284
0.246716
0.0687158
-0.181284
0.335716
-0.339284
-0.0362842
0.269716
-0.360284
0.271716
0.0277158
-0.148284
0.349716
-0.339284
-0.00528421
0.259716
-0.354284
0.263716
0.0337158
-0.196284
0.323716
-0.316284
-0.0662842
0.371716
-0.358284
0.200716
0.191716
-0.231284
0.289716
-0.305284
-0.106284
0.350716
-0.381284
