0.150808
0.345675
0.126042
0.292042
-0.294958
0.173042
-0.178958
-0.187958
0.369042
-0.307958
0.0920421
0.318042
-0.266958
0.189042
-0.124958
-0.230958
0.365042
-0.277958
0.0740421
0.324042
-0.292958
0.147042
-0.127958
-0.220958
0.361042
-0.236958
0.0420421
0.348042
-0.300958
0.147042
-0.0859579
-0.246958
0.364042
-0.248958
0.0470421
0.330042
-0.298958
0.165042
-0.131958
-0.243958
0.354042
-0.232958
0.0670421
0.328042
-0.296958
0.156042
-0.0729579
-0.276958
0.331042
-0.175958
0.00204211
0.346042
-0.332958
0.108042
-0.0309579
-0.257958
0.339042
-0.217958
0.0120421
0.334042
-0.294958
0.133042
-0.0339579
-0.234958
0.343042
-0.253958
0.0790421
0.307042
-0.274958
0.192042
-0.140958
-0.208958
0.355042
-0.297958
0.0690421
0.306042
-0.277958
0.202042
-0.177958
-0.163958
0.353042
-0.300958
0.0710421
0.299042
-0.270958
0.210042
-0.204958
-0.144958
0.353042
-0.314958
0.108042
0.262042
-0.265958
0.198042
-0.183958
-0.175958
0.352042
-0.291958
0.108042
0.274042
-0.261958
0.208042
-0.194958
-0.154958
0.357042
-0.298958
0.127042
0.244042
-0.237958
0.238042
-0.242958
-0.133958
0.335042
-0.312958
0.120042
0.251042
-0.272958
0.186042
-0.166958
-0.183958
0.272042
-0.291958
0.0600421
0.327042
-0.297958
0.155042
-0.134958
-0.222958
0.374042
-0.281958
