-0.301617
0.350927
0.0146105
0.374611
-0.349389
0.0736105
0.0296105
-0.298389
0.354611
-0.202389
-0.0303895
0.379611
-0.338389
0.0826105
0.101611
-0.327389
0.341611
-0.142389
-0.0563895
0.372611
-0.347389
0.0286105
0.0966105
-0.330389
0.333611
-0.0623895
-0.0963895
0.372611
-0.352389
0.0296105
0.143611
-0.342389
0.328611
-0.0843895
-0.0853895
0.369611
-0.345389
0.0626105
0.0796105
-0.334389
0.319611
-0.0733895
-0.0483895
0.372611
-0.344389
0.0606105
0.123611
-0.346389
0.280611
-0.00138947
-0.118389
0.350611
-0.338389
0.00561053
0.157611
-0.335389
0.294611
-0.0723895
-0.103389
0.362611
-0.320389
0.0446105
0.139611
-0.323389
0.311611
-0.134389
-0.0293895
0.365611
-0.323389
0.115611
0.0236105
-0.297389
0.343611
-0.200389
-0.0353895
0.363611
-0.335389
0.114611
0.00361053
-0.269389
0.351611
-0.217389
-0.0353895
0.360611
-0.322389
0.129611
-0.0603895
-0.246389
0.353611
-0.248389
0.00361053
0.349611
-0.321389
0.125611
-0.0253895
-0.273389
0.347611
-0.204389
0.00361053
0.355611
-0.322389
0.129611
-0.0543895
-0.245389
0.360611
-0.228389
0.0376105
0.334611
-0.306389
0.175611
-0.115389
-0.230389
0.354611
-0.252389
0.0336105
0.339611
-0.324389
0.133611
-0.0373895
-0.256389
0.216611
-0.216389
-0.0353895
0.363611
-0.332389
0.0826105
0.0146105
-0.295389
0.346611
-0.163389
