1.20658
0.358966
0.369411
-0.155589
-0.0845895
0.374411
-0.365589
0.0624105
0.118411
-0.321589
0.340411
-0.0835895
-0.0485895
0.375411
-0.364589
0.00641053
0.159411
-0.332589
0.319411
-0.0635895
-0.0935895
0.356411
-0.356589
0.0254105
0.177411
-0.350589
0.302411
-0.00458947
-0.0995895
0.356411
-0.358589
-0.00658947
0.161411
-0.337589
0.308411
-0.0565895
-0.0915895
0.365411
-0.354589
0.0184105
0.163411
-0.342589
0.333411
-0.0715895
-0.0865895
0.364411
-0.354589
-0.0295895
0.255411
-0.358589
0.278411
0.0444105
-0.156589
0.342411
-0.351589
-0.00258947
0.240411
-0.354589
0.281411
0.00241053
-0.106589
0.347411
-0.344589
0.0144105
0.180411
-0.331589
0.327411
-0.104589
-0.0465895
0.368411
-0.350589
0.0584105
0.0954105
-0.308589
0.331411
-0.138589
-0.0555895
0.369411
-0.350589
0.100411
0.0524105
-0.296589
0.332411
-0.140589
-0.0365895
0.371411
-0.342589
0.137411
0.0434105
-0.275589
0.349411
-0.197589
-0.0335895
0.369411
-0.349589
0.0994105
0.0784105
-0.310589
0.354411
-0.184589
-0.0395895
0.364411
-0.351589
0.0954105
0.0494105
-0.288589
0.364411
-0.207589
-0.00558947
0.360411
-0.330589
0.141411
0.0164105
-0.281589
0.359411
-0.208589
-0.0425895
0.365411
-0.347589
0.0844105
0.356411
-0.299589
0.320411
-0.0655895
-0.0975895
0.354411
-0.345589
0.0444105
0.162411
-0.341589
