1.05571
0.358064
0.344937
-0.128063
-0.100063
0.366937
-0.362063
0.0409368
0.154937
-0.331063
0.317937
-0.0460632
-0.0770632
0.366937
-0.354063
-0.0140632
0.203937
-0.348063
0.299937
-0.0110632
-0.120063
0.343937
-0.354063
-0.00406316
0.221937
-0.362063
0.271937
0.0559368
-0.127063
0.347937
-0.341063
-0.0350632
0.219937
-0.358063
0.275937
0.00893684
-0.127063
0.352937
-0.343063
-0.0230632
0.221937
-0.357063
0.298937
0.00293684
-0.125063
0.350937
-0.340063
-0.0730632
0.306937
-0.364063
0.232937
0.121937
-0.203063
0.314937
-0.326063
-0.0520632
0.293937
-0.362063
0.241937
0.0779368
-0.147063
0.328937
-0.320063
-0.0240632
0.231937
-0.355063
0.295937
-0.0400632
-0.0940632
0.359937
-0.341063
0.00193684
0.196937
-0.342063
0.288937
-0.0260632
-0.119063
0.361937
-0.350063
0.0499368
0.153937
-0.333063
0.281937
-0.0410632
-0.107063
0.362937
-0.346063
0.0799368
0.143937
-0.316063
0.326937
-0.122063
-0.0860632
0.362937
-0.350063
0.0459368
0.171937
-0.334063
0.316937
-0.106063
-0.0910632
0.361937
-0.350063
0.0559368
0.128937
-0.325063
0.329937
-0.141063
-0.0530632
0.362937
-0.338063
0.0899368
0.101937
-0.312063
0.323937
-0.137063
-0.104063
0.360937
-0.346063
0.0299368
0.373937
-0.327063
0.279937
0.0319368
-0.154063
0.334937
-0.339063
-0.0120632
0.248937
-0.363063
