3.92079
0.378681
-0.391516
-0.00151579
0.272484
-0.404516
0.270484
0.0534842
-0.167516
0.349484
-0.368516
-0.0495158
0.231484
-0.394516
0.244484
0.167484
-0.196516
0.329484
-0.349516
-0.0675158
0.298484
-0.390516
0.231484
0.144484
-0.213516
0.302484
-0.324516
-0.109516
0.306484
-0.393516
0.206484
0.209484
-0.217516
0.301484
-0.324516
-0.0865158
0.302484
-0.395516
0.238484
0.175484
-0.221516
0.297484
-0.350516
-0.0775158
0.294484
-0.394516
0.222484
0.241484
-0.262516
0.280484
-0.297516
-0.137516
0.355484
-0.379516
0.196484
0.195484
-0.254516
0.298484
-0.314516
-0.113516
0.305484
-0.381516
0.201484
0.168484
-0.204516
0.323484
-0.360516
-0.0315158
0.219484
-0.378516
0.267484
0.0794842
-0.159516
0.346484
-0.348516
-0.0275158
0.240484
-0.373516
0.276484
-0.0165158
-0.138516
0.354484
-0.346516
-0.0155158
0.222484
-0.377516
0.292484
-0.0605158
-0.143516
0.352484
-0.365516
0.0134842
0.214484
-0.373516
0.272484
0.0304842
-0.172516
0.334484
-0.361516
-0.0135158
0.225484
-0.374516
0.281484
-0.00251579
-0.145516
0.341484
-0.369516
0.0154842
0.177484
-0.362516
0.295484
-0.0555158
-0.136516
0.349484
-0.364516
0.0164842
0.251484
-0.371516
0.267484
0.0504842
-0.340516
0.331484
-0.332516
-0.0895158
0.304484
-0.373516
0.239484
0.136484
-0.224516
0.328484
