2.11102
0.35457
0.283926
-0.364074
0.196926
0.214926
-0.211074
0.294926
-0.304074
-0.0820737
0.325926
-0.356074
0.218926
0.200926
-0.240074
0.240926
-0.271074
-0.119074
0.338926
-0.346074
0.167926
0.256926
-0.241074
0.259926
-0.257074
-0.155074
0.354926
-0.336074
0.150926
0.275926
-0.260074
0.223926
-0.250074
-0.151074
0.357926
-0.341074
0.149926
0.246926
-0.238074
0.224926
-0.234074
-0.164074
0.336926
-0.341074
0.152926
0.249926
-0.259074
0.192926
-0.175074
-0.195074
0.368926
-0.309074
0.0839263
0.310926
-0.277074
0.222926
-0.187074
-0.175074
0.364926
-0.325074
0.139926
0.278926
-0.264074
0.230926
-0.238074
-0.140074
0.333926
-0.353074
0.202926
0.162926
-0.217074
0.271926
-0.295074
-0.0790737
0.326926
-0.354074
0.200926
0.129926
-0.210074
0.301926
-0.302074
-0.0820737
0.332926
-0.351074
0.198926
0.124926
-0.174074
0.324926
-0.300074
-0.0470737
0.295926
-0.357074
0.209926
0.148926
-0.198074
0.295926
-0.288074
-0.0850737
0.296926
-0.355074
0.211926
0.115926
-0.181074
0.306926
-0.306074
-0.0730737
0.267926
-0.347074
0.235926
0.0559263
-0.150074
0.324926
-0.312074
-0.0530737
0.265926
-0.352074
0.202926
0.142926
-0.198074
0.284926
-0.00707368
-0.0980737
0.337926
-0.335074
0.144926
0.223926
-0.210074
0.269926
-0.271074
-0.130074
