1.20658
0.372657
0.384295
-0.168705
-0.0787053
0.392295
-0.368705
0.0802947
0.0852947
-0.324705
0.369295
-0.107705
-0.0407053
0.391295
-0.371705
0.0112947
0.142295
-0.345705
0.340295
-0.0717053
-0.0987053
0.374295
-0.365705
0.0272947
0.163295
-0.356705
0.324295
-0.0127053
-0.0967053
0.381295
-0.367705
-0.00670526
0.147295
-0.346705
0.333295
-0.0657053
-0.0857053
0.382295
-0.359705
0.0192947
0.144295
-0.348705
0.350295
-0.0757053
-0.0887053
0.381295
-0.360705
-0.0437053
0.255295
-0.365705
0.295295
0.0572947
-0.177705
0.353295
-0.362705
-0.0217053
0.245295
-0.360705
0.294295
0.0242947
-0.118705
0.358295
-0.347705
-0.00770526
0.198295
-0.357705
0.342295
-0.0977053
-0.0527053
0.385295
-0.362705
0.0552947
0.0852947
-0.321705
0.349295
-0.130705
-0.0577053
0.385295
-0.366705
0.0992947
0.0562947
-0.321705
0.346295
-0.141705
-0.0417053
0.388295
-0.360705
0.132295
0.0612947
-0.302705
0.368295
-0.185705
-0.0367053
0.388295
-0.363705
0.0982947
0.0812947
-0.321705
0.359295
-0.174705
-0.0397053
0.386295
-0.363705
0.0982947
0.0582947
-0.311705
0.379295
-0.194705
-0.0107053
0.382295
-0.350705
0.130295
0.0222947
-0.304705
0.369295
-0.196705
-0.0517053
0.377295
-0.362705
0.0782947
0.363295
-0.317705
0.332295
-0.0487053
-0.112705
0.370295
-0.358705
0.0272947
0.174295
-0.361705
