4.32302
0.340577
0.134305
-0.340695
0.280305
0.0403053
-0.123695
0.347305
-0.347695
0.0193053
0.191305
-0.346695
0.289305
0.0163053
-0.150695
0.310305
-0.332695
-0.0166947
0.230305
-0.343695
0.248305
0.109305
-0.157695
0.315305
-0.321695
-0.0646947
0.288305
-0.356695
0.238305
0.121305
-0.182695
0.291305
-0.322695
-0.0516947
0.266305
-0.351695
0.248305
0.0653053
-0.145695
0.299305
-0.315695
-0.0616947
0.227305
-0.346695
0.249305
0.0683053
-0.176695
0.272305
-0.289695
-0.0956947
0.304305
-0.355695
0.185305
0.166305
-0.191695
0.298305
-0.301695
-0.0686947
0.288305
-0.354695
0.240305
0.115305
-0.185695
0.306305
-0.318695
-0.0346947
0.216305
-0.343695
0.282305
-0.0186947
-0.128695
0.328305
-0.336695
0.0243053
0.206305
-0.336695
0.274305
-0.0426947
-0.113695
0.348305
-0.339695
0.0243053
0.208305
-0.336695
0.281305
-0.0666947
-0.0776947
0.354305
-0.334695
0.0543053
0.143305
-0.325695
0.282305
-0.0336947
-0.106695
0.347305
-0.329695
0.0143053
0.151305
-0.332695
0.288305
-0.0646947
-0.0906947
0.344305
-0.338695
0.0263053
0.118305
-0.314695
0.301305
-0.121695
-0.0536947
0.353305
-0.330695
0.0493053
0.115305
-0.320695
0.280305
-0.0346947
-0.110695
0.332305
-0.171695
0.00630526
0.238305
-0.344695
0.222305
0.0713053
-0.136695
0.320305
-0.335695
-0.0296947
