4.47395
0.348514
-0.340705
0.141295
0.0282947
-0.315705
0.342295
-0.205705
-0.00970526
0.356295
-0.351705
0.110295
-0.0387053
-0.302705
0.327295
-0.109705
-0.0387053
0.359295
-0.353705
0.0912947
0.0482947
-0.329705
0.327295
-0.142705
-0.0377053
0.348295
-0.357705
0.0712947
0.0462947
-0.327705
0.318295
-0.0957053
-0.0407053
0.352295
-0.362705
0.0962947
0.0562947
-0.311705
0.329295
-0.108705
-0.0527053
0.351295
-0.343705
0.0942947
0.0542947
-0.310705
0.315295
-0.0167053
-0.106705
0.343295
-0.352705
0.0362947
0.178295
-0.340705
0.297295
-0.0767053
-0.0957053
0.345295
-0.356705
0.0552947
0.0582947
-0.316705
0.307295
-0.134705
-0.0317053
0.358295
-0.335705
0.137295
-0.0577053
-0.256705
0.338295
-0.197705
-0.00370526
0.347295
-0.335705
0.128295
-0.0147053
-0.258705
0.338295
-0.264705
0.0222947
0.342295
-0.335705
0.140295
-0.0407053
-0.253705
0.349295
-0.285705
0.0222947
0.329295
-0.326705
0.172295
-0.0607053
-0.258705
0.342295
-0.235705
0.000294737
0.345295
-0.328705
0.149295
-0.0457053
-0.258705
0.346295
-0.250705
0.0162947
0.343295
-0.322705
0.164295
-0.0877053
-0.225705
0.348295
-0.275705
0.0182947
0.339295
-0.313705
0.159295
-0.00470526
-0.268705
0.333295
-0.204705
-0.220705
0.344295
-0.354705
0.0652947
0.0952947
-0.313705
0.326295
-0.144705
-0.0567053
0.374295
