2.31213
0.348575
0.220779
-0.358221
0.240779
0.136779
-0.167221
0.324779
-0.332221
-0.0292211
0.256779
-0.359221
0.265779
0.0877789
-0.189221
0.283779
-0.318221
-0.0622211
0.282779
-0.354221
0.221779
0.174779
-0.191221
0.297779
-0.303221
-0.102221
0.314779
-0.358221
0.208779
0.189779
-0.215221
0.268779
-0.301221
-0.0912211
0.311779
-0.357221
0.209779
0.146779
-0.190221
0.275779
-0.291221
-0.106221
0.280779
-0.355221
0.202779
0.159779
-0.215221
0.240779
-0.243221
-0.141221
0.341779
-0.342221
0.137779
0.247779
-0.237221
0.267779
-0.255221
-0.116221
0.329779
-0.354221
0.194779
0.190779
-0.217221
0.286779
-0.300221
-0.0782211
0.275779
-0.354221
0.250779
0.0607789
-0.177221
0.304779
-0.316221
-0.0332211
0.280779
-0.352221
0.240779
0.0417789
-0.152221
0.333779
-0.331221
-0.0152211
0.268779
-0.353221
0.251779
0.0227789
-0.124221
0.348779
-0.328221
0.00977895
0.213779
-0.345221
0.255779
0.0377789
-0.145221
0.331779
-0.319221
-0.0312211
0.226779
-0.348221
0.251779
0.0137789
-0.129221
0.327779
-0.335221
-0.00722105
0.175779
-0.333221
0.282779
-0.0682211
-0.0772211
0.346779
-0.327221
0.0287789
0.149779
-0.331221
0.260779
0.00677895
-0.131221
0.327779
-0.145221
-0.0182211
0.261779
-0.345221
0.208779
0.108779
-0.151221
0.315779
-0.323221
-0.0602211
