4.32302
0.347678
0.348379
-0.171621
-0.0526211
0.359379
-0.357621
0.0853789
0.0933789
-0.310621
0.330379
-0.104621
-0.0146211
0.359379
-0.356621
0.0303789
0.114379
-0.321621
0.315379
-0.0896211
-0.0536211
0.347379
-0.360621
0.0493789
0.134379
-0.343621
0.301379
-0.0356211
-0.0586211
0.349379
-0.358621
0.0253789
0.120379
-0.328621
0.310379
-0.0806211
-0.0536211
0.354379
-0.349621
0.0353789
0.129379
-0.334621
0.325379
-0.0816211
-0.0606211
0.347379
-0.349621
-0.0216211
0.243379
-0.353621
0.273379
0.0503789
-0.142621
0.323379
-0.350621
0.000378947
0.232379
-0.342621
0.272379
0.0203789
-0.0686211
0.331379
-0.342621
0.0223789
0.148379
-0.330621
0.318379
-0.119621
-0.0176211
0.348379
-0.347621
0.0623789
0.0903789
-0.303621
0.314379
-0.119621
-0.0366211
0.356379
-0.346621
0.110379
0.0373789
-0.291621
0.316379
-0.152621
-0.00962105
0.360379
-0.329621
0.150379
0.0133789
-0.266621
0.342379
-0.207621
-0.00462105
0.352379
-0.343621
0.110379
0.0593789
-0.299621
0.339379
-0.180621
-0.00162105
0.357379
-0.334621
0.117379
0.0293789
-0.281621
0.345379
-0.210621
0.0273789
0.345379
-0.319621
0.145379
-0.0106211
-0.267621
0.341379
-0.202621
-0.0196211
0.347379
-0.335621
0.0863789
0.341379
-0.292621
0.301379
-0.0486211
-0.0786211
0.341379
-0.339621
0.0523789
0.149379
-0.342621
