0.552969
0.390913
0.252105
0.159105
-0.254895
0.294105
-0.316895
-0.112895
0.360105
-0.396895
0.212105
0.225105
-0.219895
0.308105
-0.279895
-0.169895
0.375105
-0.390895
0.184105
0.246105
-0.269895
0.266105
-0.268895
-0.159895
0.393105
-0.360895
0.148105
0.307105
-0.272895
0.267105
-0.251895
-0.188895
0.383105
-0.370895
0.162105
0.258105
-0.262895
0.287105
-0.280895
-0.178895
0.379105
-0.361895
0.181105
0.265105
-0.269895
0.284105
-0.242895
-0.227895
0.392105
-0.327895
0.109105
0.325105
-0.322895
0.227105
-0.213895
-0.198895
0.385105
-0.353895
0.133105
0.281105
-0.270895
0.255105
-0.216895
-0.168895
0.368105
-0.370895
0.207105
0.182105
-0.212895
0.322105
-0.304895
-0.109895
0.330105
-0.383895
0.213105
0.168105
-0.223895
0.326105
-0.318895
-0.0668947
0.319105
-0.385895
0.200105
0.163105
-0.213895
0.340105
-0.337895
-0.0358947
0.325105
-0.383895
0.233105
0.124105
-0.213895
0.322105
-0.315895
-0.0878947
0.343105
-0.386895
0.220105
0.155105
-0.224895
0.316105
-0.319895
-0.0868947
0.340105
-0.380895
0.242105
0.125105
-0.196895
0.337105
-0.334895
-0.0548947
0.324105
-0.376895
0.226105
0.137105
-0.244895
0.302105
-0.290895
-0.119895
0.361105
-0.369895
0.157105
0.280105
-0.285895
0.260105
-0.273895
-0.166895
0.396105
-0.386895
