-1.25688
0.367292
-0.236211
0.275789
-0.257211
-0.187211
0.369789
-0.369211
0.150789
0.260789
-0.264211
0.238789
-0.288211
-0.173211
0.371789
-0.324211
0.117789
0.304789
-0.287211
0.220789
-0.209211
-0.218211
0.369789
-0.329211
0.105789
0.331789
-0.302211
0.201789
-0.201211
-0.221211
0.369789
-0.298211
0.108789
0.307789
-0.296211
0.218789
-0.208211
-0.198211
0.362789
-0.308211
0.0997895
0.326789
-0.273211
0.221789
-0.209211
-0.192211
0.365789
-0.257211
0.0457895
0.341789
-0.319211
0.160789
-0.0802105
-0.249211
0.363789
-0.291211
0.0547895
0.328789
-0.313211
0.181789
-0.188211
-0.210211
0.365789
-0.313211
0.108789
0.295789
-0.253211
0.252789
-0.275211
-0.126211
0.338789
-0.351211
0.171789
0.205789
-0.243211
0.265789
-0.273211
-0.109211
0.324789
-0.364211
0.174789
0.196789
-0.237211
0.269789
-0.278211
-0.103211
0.312789
-0.365211
0.168789
0.172789
-0.220211
0.279789
-0.284211
-0.125211
0.329789
-0.356211
0.154789
0.232789
-0.230211
0.267789
-0.277211
-0.122211
0.332789
-0.355211
0.165789
0.216789
-0.214211
0.280789
-0.299211
-0.0872105
0.296789
-0.364211
0.164789
0.189789
-0.207211
0.277789
-0.248211
-0.133211
0.329789
-0.339211
-0.0602105
0.247789
-0.274211
0.205789
-0.175211
-0.191211
0.356789
-0.335211
0.100789
0.321789
