0.452428
0.386857
0.247842
0.168842
-0.269158
0.285842
-0.311158
-0.118158
0.363842
-0.389158
0.207842
0.230842
-0.230158
0.298842
-0.265158
-0.173158
0.379842
-0.381158
0.182842
0.247842
-0.274158
0.262842
-0.263158
-0.160158
0.385842
-0.350158
0.146842
0.298842
-0.279158
0.265842
-0.230158
-0.197158
0.388842
-0.364158
0.150842
0.265842
-0.286158
0.273842
-0.262158
-0.183158
0.383842
-0.351158
0.188842
0.254842
-0.278158
0.278842
-0.231158
-0.224158
0.394842
-0.321158
0.109842
0.323842
-0.324158
0.232842
-0.210158
-0.190158
0.394842
-0.353158
0.127842
0.278842
-0.273158
0.255842
-0.218158
-0.168158
0.371842
-0.370158
0.203842
0.191842
-0.230158
0.314842
-0.292158
-0.126158
0.342842
-0.384158
0.213842
0.150842
-0.226158
0.332842
-0.322158
-0.0581579
0.312842
-0.380158
0.216842
0.143842
-0.211158
0.337842
-0.349158
-0.0231579
0.306842
-0.378158
0.250842
0.0768421
-0.196158
0.325842
-0.336158
-0.0631579
0.326842
-0.376158
0.249842
0.0988421
-0.204158
0.331842
-0.339158
-0.0531579
0.309842
-0.376158
0.270842
0.0648421
-0.172158
0.347842
-0.355158
-0.0201579
0.287842
-0.370158
0.266842
0.0608421
-0.220158
0.321842
-0.323158
-0.0751579
0.384842
-0.373158
0.192842
0.218842
-0.257158
0.290842
-0.300158
-0.132158
0.380842
-0.394158
