3.31754
0.367853
-0.258
-0.17
0.394
-0.309
0.089
0.316
-0.294
0.207
-0.195
-0.202
0.38
-0.307
0.048
0.35
-0.311
0.173
-0.137
-0.225
0.374
-0.255
0.051
0.344
-0.319
0.137
-0.089
-0.254
0.375
-0.258
0.03
0.353
-0.314
0.158
-0.109
-0.227
0.378
-0.279
0.06
0.348
-0.322
0.135
-0.162
-0.233
0.38
-0.291
0.043
0.358
-0.345
0.122
-0.053
-0.272
0.363
-0.237
0.029
0.351
-0.339
0.153
-0.08
-0.236
0.388
-0.267
0.032
0.344
-0.314
0.185
-0.197
-0.183
0.379
-0.341
0.079
0.324
-0.291
0.211
-0.155
-0.197
0.375
-0.336
0.106
0.275
-0.273
0.227
-0.177
-0.184
0.371
-0.336
0.129
0.238
-0.279
0.236
-0.236
-0.155
0.368
-0.329
0.107
0.284
-0.289
0.206
-0.216
-0.167
0.373
-0.333
0.124
0.268
-0.278
0.216
-0.255
-0.134
0.357
-0.357
0.154
0.221
-0.252
0.249
-0.255
-0.132
0.372
-0.334
0.113
0.284
-0.361
0.217
-0.153
-0.214
0.363
-0.288
0.091
0.334
-0.324
0.192
