-1.05571
0.372393
-0.231189
0.306811
-0.282189
-0.176189
0.375811
-0.373189
0.160811
0.228811
-0.259189
0.273811
-0.307189
-0.159189
0.384811
-0.341189
0.128811
0.278811
-0.276189
0.245811
-0.248189
-0.203189
0.381811
-0.355189
0.120811
0.317811
-0.283189
0.231811
-0.254189
-0.191189
0.390811
-0.335189
0.131811
0.278811
-0.272189
0.257811
-0.262189
-0.166189
0.367811
-0.346189
0.126811
0.296811
-0.246189
0.266811
-0.267189
-0.164189
0.371811
-0.310189
0.0708105
0.318811
-0.297189
0.200811
-0.139189
-0.226189
0.379811
-0.323189
0.0718105
0.301811
-0.299189
0.213811
-0.232189
-0.191189
0.375811
-0.339189
0.127811
0.256811
-0.240189
0.286811
-0.301189
-0.104189
0.333811
-0.355189
0.178811
0.171811
-0.242189
0.283811
-0.283189
-0.113189
0.324811
-0.363189
0.198811
0.152811
-0.238189
0.291811
-0.292189
-0.0961895
0.300811
-0.363189
0.194811
0.128811
-0.215189
0.314811
-0.292189
-0.112189
0.329811
-0.360189
0.170811
0.191811
-0.231189
0.302811
-0.289189
-0.111189
0.317811
-0.353189
0.187811
0.170811
-0.212189
0.307811
-0.304189
-0.0781895
0.280811
-0.356189
0.195811
0.135811
-0.207189
0.309811
-0.279189
-0.117189
0.330811
-0.345189
-0.0531895
0.207811
-0.273189
0.236811
-0.216189
-0.171189
0.357811
-0.351189
0.122811
0.287811
