3.46835
0.353948
-0.286768
-0.137768
0.363232
-0.326768
0.123232
0.267232
-0.255768
0.242232
-0.245768
-0.165768
0.339232
-0.330768
0.0992316
0.313232
-0.267768
0.213232
-0.208768
-0.176768
0.346232
-0.294768
0.0992316
0.294232
-0.280768
0.178232
-0.153768
-0.218768
0.353232
-0.290768
0.0712316
0.327232
-0.285768
0.187232
-0.156768
-0.202768
0.351232
-0.305768
0.0912316
0.322232
-0.289768
0.170232
-0.202768
-0.199768
0.355232
-0.299768
0.0662316
0.343232
-0.318768
0.139232
-0.0917684
-0.255768
0.343232
-0.248768
0.0432316
0.331232
-0.313768
0.170232
-0.114768
-0.232768
0.349232
-0.275768
0.0472316
0.320232
-0.274768
0.200232
-0.219768
-0.160768
0.339232
-0.335768
0.116232
0.273232
-0.246768
0.247232
-0.227768
-0.148768
0.333232
-0.348768
0.142232
0.203232
-0.227768
0.257232
-0.221768
-0.138768
0.325232
-0.349768
0.179232
0.156232
-0.225768
0.275232
-0.274768
-0.108768
0.317232
-0.336768
0.155232
0.217232
-0.243768
0.242232
-0.271768
-0.112768
0.318232
-0.345768
0.158232
0.190232
-0.228768
0.256232
-0.280768
-0.0967684
0.308232
-0.346768
0.186232
0.154232
-0.222768
0.261232
-0.268768
-0.114768
0.337232
-0.332768
0.140232
0.236232
-0.345768
0.230232
-0.176768
-0.198768
0.337232
-0.298768
0.109232
0.295232
-0.291768
0.213232
