1.65787
0.353843
0.365147
-0.321853
0.0831474
0.338147
-0.301853
0.212147
-0.149853
-0.200853
0.365147
-0.289853
0.114147
0.320147
-0.308853
0.168147
-0.125853
-0.225853
0.362147
-0.280853
0.0801474
0.345147
-0.305853
0.194147
-0.110853
-0.247853
0.354147
-0.247853
0.0771474
0.342147
-0.312853
0.163147
-0.115853
-0.235853
0.354147
-0.275853
0.0801474
0.314147
-0.295853
0.169147
-0.100853
-0.244853
0.353147
-0.273853
0.0761474
0.326147
-0.308853
0.120147
-0.00285263
-0.284853
0.344147
-0.190853
-0.0108526
0.352147
-0.330853
0.144147
-0.00785263
-0.261853
0.344147
-0.199853
0.0601474
0.341147
-0.319853
0.158147
-0.0838526
-0.241853
0.355147
-0.294853
0.101147
0.294147
-0.297853
0.190147
-0.132853
-0.193853
0.361147
-0.292853
0.0851474
0.296147
-0.290853
0.232147
-0.174853
-0.182853
0.354147
-0.311853
0.105147
0.282147
-0.257853
0.263147
-0.187853
-0.157853
0.351147
-0.326853
0.114147
0.295147
-0.285853
0.223147
-0.144853
-0.207853
0.357147
-0.313853
0.110147
0.291147
-0.275853
0.224147
-0.169853
-0.180853
0.351147
-0.325853
0.136147
0.249147
-0.244853
0.255147
-0.197853
-0.163853
0.342147
-0.325853
0.100147
0.291147
-0.285853
0.209147
0.201147
-0.205853
0.357147
-0.240853
0.0471474
0.323147
-0.297853
0.175147
-0.0848526
-0.249853
