-1.35753
0.350312
-0.273568
0.230432
-0.144568
-0.241568
0.360432
-0.308568
0.0834316
0.317432
-0.307568
0.184432
-0.187568
-0.231568
0.352432
-0.243568
0.0614316
0.335432
-0.315568
0.169432
-0.0975684
-0.271568
0.346432
-0.248568
0.0344316
0.343432
-0.333568
0.135432
-0.0925684
-0.269568
0.347432
-0.215568
0.0454316
0.338432
-0.326568
0.161432
-0.0955684
-0.253568
0.347432
-0.222568
0.0314316
0.344432
-0.311568
0.161432
-0.0825684
-0.250568
0.343432
-0.140568
-0.0155684
0.346432
-0.337568
0.109432
0.0414316
-0.296568
0.335432
-0.198568
-0.0105684
0.338432
-0.338568
0.127432
-0.0815684
-0.262568
0.334432
-0.226568
0.0474316
0.332432
-0.291568
0.196432
-0.191568
-0.182568
0.346432
-0.292568
0.102432
0.279432
-0.287568
0.209432
-0.172568
-0.179568
0.343432
-0.328568
0.110432
0.277432
-0.285568
0.219432
-0.198568
-0.169568
0.333432
-0.340568
0.118432
0.252432
-0.261568
0.240432
-0.205568
-0.176568
0.339432
-0.317568
0.104432
0.281432
-0.265568
0.235432
-0.213568
-0.165568
0.340432
-0.326568
0.125432
0.271432
-0.242568
0.247432
-0.248568
-0.127568
0.307432
-0.341568
0.122432
0.240432
-0.244568
0.256432
-0.185568
-0.173568
0.335432
-0.308568
-0.104568
0.285432
-0.303568
0.161432
-0.0815684
-0.240568
0.345432
-0.270568
0.0524316
0.348432
