3.11646
0.36995
-0.132968
-0.252968
0.375032
-0.212968
0.0320316
0.368032
-0.346968
0.168032
-0.0619684
-0.281968
0.373032
-0.234968
0.00103158
0.371032
-0.358968
0.135032
-0.0229684
-0.288968
0.351032
-0.161968
0.00203158
0.370032
-0.358968
0.100032
0.0400316
-0.320968
0.352032
-0.153968
-0.0229684
0.368032
-0.357968
0.110032
0.0190316
-0.296968
0.354032
-0.199968
0.0110316
0.366032
-0.359968
0.0990316
-0.0459684
-0.301968
0.362032
-0.209968
-0.0159684
0.360032
-0.375968
0.0720316
0.0910316
-0.344968
0.315032
-0.100968
-0.0369684
0.372032
-0.372968
0.0990316
0.0640316
-0.319968
0.356032
-0.154968
-0.0279684
0.372032
-0.354968
0.139032
-0.0779684
-0.258968
0.375032
-0.277968
0.0320316
0.367032
-0.347968
0.167032
-0.0349684
-0.270968
0.363032
-0.277968
0.0500316
0.347032
-0.339968
0.185032
-0.0419684
-0.258968
0.363032
-0.277968
0.0650316
0.327032
-0.331968
0.192032
-0.112968
-0.228968
0.363032
-0.272968
0.0480316
0.352032
-0.348968
0.157032
-0.0949684
-0.248968
0.364032
-0.286968
0.0640316
0.344032
-0.331968
0.179032
-0.143968
-0.216968
0.371032
-0.323968
0.101032
0.316032
-0.320968
0.201032
-0.156968
-0.224968
0.368032
-0.270968
0.0510316
0.350032
-0.350968
0.161032
-0.0169684
-0.296968
0.343032
-0.199968
0.0280316
0.376032
-0.378968
0.136032
