-0.60324
0.354225
-0.0980947
0.369905
-0.353095
-0.0270947
0.212905
-0.360095
0.293905
-0.0230947
-0.141095
0.351905
-0.356095
-0.0170947
0.254905
-0.366095
0.268905
0.0399053
-0.161095
0.336905
-0.344095
-0.0700947
0.258905
-0.368095
0.260905
0.112905
-0.191095
0.325905
-0.339095
-0.0650947
0.278905
-0.368095
0.259905
0.0829053
-0.182095
0.335905
-0.344095
-0.0360947
0.227905
-0.365095
0.250905
0.0919053
-0.145095
0.338905
-0.346095
-0.0290947
0.254905
-0.361095
0.203905
0.159905
-0.209095
0.305905
-0.296095
-0.0950947
0.293905
-0.366095
0.215905
0.0999053
-0.196095
0.325905
-0.316095
-0.0590947
0.288905
-0.361095
0.242905
0.0519053
-0.138095
0.347905
-0.346095
0.00590526
0.224905
-0.347095
0.266905
-0.00109474
-0.166095
0.335905
-0.339095
0.00490526
0.194905
-0.332095
0.286905
-0.0460947
-0.151095
0.342905
-0.337095
0.0269053
0.137905
-0.322095
0.293905
-0.0980947
-0.107095
0.356905
-0.341095
0.0159053
0.171905
-0.340095
0.275905
-0.0190947
-0.114095
0.348905
-0.340095
0.0259053
0.143905
-0.326095
0.299905
-0.0540947
-0.0840947
0.348905
-0.340095
0.0679053
0.0749053
-0.316095
0.291905
-0.0900947
-0.0880947
0.352905
-0.334095
0.0169053
0.164905
-0.334095
0.0989053
-0.0180947
-0.166095
0.323905
-0.321095
-0.0390947
0.225905
-0.361095
0.262905
0.0609053
