-0.754056
0.366768
-0.110158
0.358842
-0.377158
-0.0511579
0.258842
-0.389158
0.279842
0.0388421
-0.151158
0.343842
-0.382158
-0.0311579
0.288842
-0.392158
0.253842
0.103842
-0.169158
0.331842
-0.355158
-0.0861579
0.291842
-0.391158
0.238842
0.164842
-0.202158
0.311842
-0.348158
-0.0881579
0.311842
-0.381158
0.250842
0.131842
-0.192158
0.331842
-0.354158
-0.0501579
0.263842
-0.390158
0.238842
0.143842
-0.153158
0.329842
-0.350158
-0.0491579
0.290842
-0.372158
0.190842
0.208842
-0.222158
0.283842
-0.285158
-0.111158
0.316842
-0.382158
0.194842
0.163842
-0.212158
0.293842
-0.338158
-0.0771579
0.298842
-0.380158
0.255842
0.0768421
-0.133158
0.345842
-0.364158
0.0118421
0.230842
-0.370158
0.272842
0.00384211
-0.153158
0.339842
-0.362158
0.0128421
0.191842
-0.352158
0.291842
-0.0291579
-0.133158
0.347842
-0.359158
0.0328421
0.145842
-0.345158
0.296842
-0.0821579
-0.0981579
0.360842
-0.360158
0.0158421
0.184842
-0.358158
0.278842
0.00584211
-0.110158
0.347842
-0.359158
0.0208421
0.167842
-0.342158
0.293842
-0.0181579
-0.0801579
0.352842
-0.356158
0.0658421
0.0878421
-0.334158
0.286842
-0.0611579
-0.0791579
0.358842
-0.347158
0.0198421
0.185842
-0.349158
0.0958421
-0.000157895
-0.158158
0.328842
-0.330158
-0.0361579
0.239842
-0.385158
0.260842
0.0818421
