3.36781
0.367598
-0.266505
-0.160505
0.382495
-0.316505
0.0944947
0.304495
-0.285505
0.209495
-0.208505
-0.197505
0.370495
-0.322505
0.0664947
0.345495
-0.295505
0.189495
-0.175505
-0.203505
0.371495
-0.275505
0.0624947
0.334495
-0.308505
0.150495
-0.116505
-0.242505
0.366495
-0.275505
0.0424947
0.343495
-0.301505
0.163495
-0.132505
-0.218505
0.372495
-0.298505
0.0774947
0.348495
-0.302505
0.156495
-0.187505
-0.210505
0.373495
-0.307505
0.0484947
0.361495
-0.336505
0.127495
-0.0695053
-0.259505
0.351495
-0.240505
0.0314947
0.358495
-0.326505
0.156495
-0.0975053
-0.230505
0.384495
-0.274505
0.0364947
0.337495
-0.305505
0.181495
-0.204505
-0.172505
0.366495
-0.344505
0.100495
0.306495
-0.273505
0.229495
-0.191505
-0.178505
0.365495
-0.339505
0.113495
0.265495
-0.263505
0.238495
-0.197505
-0.173505
0.360495
-0.346505
0.142495
0.219495
-0.266505
0.247495
-0.249505
-0.134505
0.357495
-0.333505
0.130495
0.257495
-0.275505
0.225495
-0.242505
-0.145505
0.355495
-0.341505
0.145495
0.234495
-0.255505
0.239495
-0.277505
-0.117505
0.330495
-0.355505
0.186495
0.175495
-0.235505
0.260495
-0.279505
-0.115505
0.354495
-0.338505
0.141495
0.252495
-0.360505
0.228495
-0.180505
-0.203505
0.357495
-0.296505
0.103495
0.311495
-0.311505
0.206495
