-0.201078
0.347374
0.0343789
0.368379
-0.350621
0.0853789
-0.00262105
-0.287621
0.365379
-0.220621
-0.0106211
0.373379
-0.333621
0.101379
0.0583789
-0.315621
0.346379
-0.162621
-0.0386211
0.364379
-0.343621
0.0533789
0.0573789
-0.311621
0.345379
-0.0996211
-0.0616211
0.368379
-0.347621
0.0473789
0.0993789
-0.326621
0.342379
-0.121621
-0.0686211
0.365379
-0.347621
0.0723789
0.0363789
-0.317621
0.332379
-0.105621
-0.0296211
0.369379
-0.340621
0.0773789
0.0853789
-0.328621
0.304379
-0.0426211
-0.0876211
0.346379
-0.343621
0.0223789
0.123379
-0.318621
0.311379
-0.0996211
-0.0816211
0.359379
-0.324621
0.0693789
0.0813789
-0.304621
0.334379
-0.163621
0.00437895
0.356379
-0.318621
0.131379
0.0143789
-0.287621
0.342379
-0.178621
-0.0436211
0.362379
-0.337621
0.113379
-0.00762105
-0.256621
0.353379
-0.224621
-0.0286211
0.352379
-0.325621
0.126379
-0.0636211
-0.240621
0.353379
-0.248621
0.0173789
0.341379
-0.321621
0.122379
-0.0256211
-0.268621
0.343379
-0.184621
-0.00762105
0.347379
-0.322621
0.125379
-0.0396211
-0.255621
0.352379
-0.208621
0.0223789
0.335379
-0.312621
0.155379
-0.0936211
-0.235621
0.348379
-0.237621
0.0153789
0.341379
-0.334621
0.108379
0.0103789
-0.272621
0.195379
-0.172621
-0.0636211
0.354379
-0.337621
0.0563789
0.0633789
-0.315621
0.333379
-0.120621
