-0.201078
0.35502
0.0442947
0.368295
-0.352705
0.104295
-0.0237053
-0.278705
0.374295
-0.232705
-0.00670526
0.377295
-0.336705
0.110295
0.0512947
-0.313705
0.357295
-0.176705
-0.0307053
0.369295
-0.353705
0.0612947
0.0582947
-0.315705
0.352295
-0.100705
-0.0697053
0.371295
-0.357705
0.0552947
0.103295
-0.326705
0.352295
-0.134705
-0.0477053
0.370295
-0.347705
0.0942947
0.0162947
-0.315705
0.343295
-0.122705
-0.0227053
0.370295
-0.349705
0.0912947
0.0752947
-0.329705
0.307295
-0.0537053
-0.0947053
0.355295
-0.351705
0.0312947
0.118295
-0.321705
0.321295
-0.114705
-0.0727053
0.362295
-0.328705
0.0702947
0.0962947
-0.302705
0.338295
-0.170705
-0.00270526
0.356295
-0.327705
0.139295
-0.0197053
-0.274705
0.364295
-0.230705
-0.0177053
0.352295
-0.335705
0.142295
-0.0487053
-0.241705
0.364295
-0.250705
-0.00970526
0.351295
-0.324705
0.157295
-0.0977053
-0.222705
0.364295
-0.268705
0.0242947
0.344295
-0.328705
0.134295
-0.0437053
-0.256705
0.359295
-0.220705
0.0132947
0.355295
-0.328705
0.142295
-0.0557053
-0.246705
0.362295
-0.230705
0.0362947
0.335295
-0.316705
0.173295
-0.114705
-0.232705
0.359295
-0.250705
0.0322947
0.343295
-0.333705
0.132295
-0.0217053
-0.266705
0.219295
-0.212705
-0.0367053
0.365295
-0.342705
0.0932947
-0.00370526
-0.296705
0.360295
-0.187705
