2.26185
0.352149
0.2336
-0.3584
0.2326
0.1546
-0.1814
0.3126
-0.3264
-0.0464
0.2966
-0.3584
0.2456
0.1496
-0.2184
0.2636
-0.2994
-0.0894
0.3166
-0.3494
0.1946
0.2176
-0.2174
0.2746
-0.2854
-0.1284
0.3426
-0.3504
0.1806
0.2346
-0.2414
0.2456
-0.2854
-0.1084
0.3426
-0.3514
0.1936
0.1856
-0.2094
0.2506
-0.2754
-0.1234
0.3186
-0.3504
0.1816
0.2036
-0.2434
0.2116
-0.2114
-0.1694
0.3606
-0.3264
0.1126
0.2846
-0.2594
0.2446
-0.2354
-0.1374
0.3556
-0.3414
0.1746
0.2296
-0.2464
0.2606
-0.2754
-0.1034
0.3036
-0.3514
0.2406
0.0906
-0.1834
0.2966
-0.3314
-0.0334
0.2856
-0.3534
0.2316
0.0666
-0.1754
0.3226
-0.3314
-0.0384
0.2946
-0.3514
0.2356
0.0606
-0.1534
0.3346
-0.3234
-0.0234
0.2666
-0.3484
0.2366
0.0966
-0.1764
0.3136
-0.3114
-0.0594
0.2746
-0.3474
0.2326
0.0806
-0.1714
0.3146
-0.3304
-0.0444
0.2456
-0.3434
0.2566
0.0156
-0.1324
0.3306
-0.3234
-0.0324
0.2386
-0.3484
0.2306
0.0936
-0.1894
0.2966
-0.0574
-0.0684
0.3216
-0.3384
0.1646
0.1946
-0.2084
0.2766
-0.2974
-0.1094
