3.11646
0.342773
-0.156032
-0.230032
0.363968
-0.221032
0.0379684
0.343968
-0.319032
0.159968
-0.0820316
-0.255032
0.358968
-0.233032
0.00496842
0.348968
-0.325032
0.118968
-0.0240316
-0.263032
0.335968
-0.154032
-0.00603158
0.342968
-0.330032
0.0769684
0.0229684
-0.289032
0.337968
-0.154032
-0.0280316
0.348968
-0.327032
0.100968
0.00596842
-0.271032
0.339968
-0.197032
0.00996842
0.342968
-0.322032
0.0949684
-0.0590316
-0.267032
0.342968
-0.203032
-0.0140316
0.344968
-0.342032
0.0599684
0.0769684
-0.309032
0.305968
-0.108032
-0.0400316
0.347968
-0.342032
0.0829684
0.0489684
-0.295032
0.331968
-0.148032
-0.0410316
0.347968
-0.329032
0.111968
-0.0610316
-0.244032
0.351968
-0.253032
0.0299684
0.344968
-0.306032
0.170968
-0.0860316
-0.226032
0.351968
-0.279032
0.0539684
0.316968
-0.299032
0.170968
-0.0660316
-0.231032
0.346968
-0.274032
0.0699684
0.296968
-0.303032
0.177968
-0.120032
-0.217032
0.347968
-0.247032
0.0429684
0.328968
-0.311032
0.146968
-0.103032
-0.223032
0.346968
-0.274032
0.0609684
0.313968
-0.303032
0.164968
-0.156032
-0.191032
0.346968
-0.301032
0.0999684
0.291968
-0.286032
0.185968
-0.156032
-0.198032
0.351968
-0.261032
0.0529684
0.323968
-0.322032
0.154968
-0.0280316
-0.262032
0.320968
-0.191032
0.0199684
0.348968
-0.339032
0.128968
