-0.60324
0.3441
-0.0554526
0.376547
-0.358453
0.00154737
0.149547
-0.339453
0.312547
-0.0904526
-0.0934526
0.362547
-0.355453
0.0135474
0.202547
-0.360453
0.285547
-0.0164526
-0.122453
0.354547
-0.350453
-0.0354526
0.218547
-0.354453
0.276547
0.0645474
-0.148453
0.342547
-0.347453
-0.0264526
0.235547
-0.355453
0.276547
0.0105474
-0.131453
0.355547
-0.348453
0.00254737
0.181547
-0.356453
0.269547
0.0385474
-0.101453
0.354547
-0.349453
0.00654737
0.209547
-0.353453
0.226547
0.0965474
-0.165453
0.313547
-0.318453
-0.0514526
0.244547
-0.357453
0.237547
0.0425474
-0.153453
0.327547
-0.323453
-0.0254526
0.240547
-0.353453
0.268547
-0.0214526
-0.0864526
0.355547
-0.340453
0.0525474
0.118547
-0.325453
0.309547
-0.116453
-0.0934526
0.355547
-0.337453
0.0565474
0.107547
-0.301453
0.315547
-0.129453
-0.0854526
0.358547
-0.328453
0.0745474
0.0365474
-0.286453
0.317547
-0.169453
-0.0504526
0.364547
-0.333453
0.0625474
0.0755474
-0.305453
0.311547
-0.117453
-0.0484526
0.365547
-0.332453
0.0715474
0.0495474
-0.292453
0.321547
-0.140453
-0.0234526
0.352547
-0.319453
0.114547
-0.0214526
-0.277453
0.320547
-0.171453
-0.0214526
0.358547
-0.330453
0.0745474
0.0755474
-0.300453
0.148547
-0.117453
-0.0924526
0.345547
-0.329453
0.0245474
0.108547
-0.333453
0.299547
-0.0684526
