3.87051
0.341979
-0.351295
-0.0312947
0.298705
-0.365295
0.211705
0.116705
-0.174295
0.286705
-0.331295
-0.0672947
0.264705
-0.356295
0.181705
0.212705
-0.200295
0.260705
-0.294295
-0.0922947
0.306705
-0.347295
0.171705
0.187705
-0.217295
0.230705
-0.273295
-0.117295
0.312705
-0.345295
0.150705
0.238705
-0.212295
0.245705
-0.283295
-0.0902947
0.305705
-0.351295
0.182705
0.207705
-0.212295
0.241705
-0.317295
-0.0892947
0.307705
-0.354295
0.166705
0.250705
-0.255295
0.223705
-0.246295
-0.144295
0.336705
-0.337295
0.149705
0.215705
-0.239295
0.243705
-0.271295
-0.115295
0.303705
-0.345295
0.151705
0.190705
-0.201295
0.266705
-0.320295
-0.0422947
0.241705
-0.342295
0.211705
0.101705
-0.153295
0.295705
-0.320295
-0.0362947
0.253705
-0.342295
0.220705
0.0447053
-0.147295
0.295705
-0.311295
-0.0372947
0.236705
-0.345295
0.244705
-0.00829474
-0.145295
0.295705
-0.327295
-0.00929474
0.232705
-0.341295
0.227705
0.0607053
-0.161295
0.282705
-0.331295
-0.0112947
0.227705
-0.338295
0.236705
0.0357053
-0.143295
0.291705
-0.329295
0.0117053
0.184705
-0.327295
0.249705
-0.0152947
-0.143295
0.297705
-0.324295
-0.00629474
0.257705
-0.338295
0.210705
0.0947053
-0.319295
0.273705
-0.285295
-0.0952947
0.299705
-0.337295
0.184705
0.168705
-0.224295
0.270705
