3.46835
0.383756
-0.319611
-0.132611
0.388389
-0.361611
0.153389
0.272389
-0.286611
0.259389
-0.261611
-0.176611
0.369389
-0.358611
0.114389
0.330389
-0.306611
0.228389
-0.209611
-0.193611
0.373389
-0.314611
0.108389
0.327389
-0.315611
0.194389
-0.178611
-0.226611
0.372389
-0.314611
0.0923895
0.339389
-0.315611
0.205389
-0.181611
-0.202611
0.378389
-0.334611
0.118389
0.334389
-0.316611
0.191389
-0.232611
-0.196611
0.386389
-0.344611
0.0973895
0.355389
-0.350611
0.166389
-0.119611
-0.254611
0.375389
-0.284611
0.0803895
0.340389
-0.343611
0.195389
-0.146611
-0.235611
0.383389
-0.313611
0.0773895
0.327389
-0.306611
0.225389
-0.252611
-0.153611
0.366389
-0.367611
0.146389
0.281389
-0.274611
0.267389
-0.241611
-0.153611
0.363389
-0.376611
0.162389
0.224389
-0.252611
0.277389
-0.243611
-0.144611
0.356389
-0.375611
0.183389
0.182389
-0.258611
0.279389
-0.284611
-0.121611
0.354389
-0.363611
0.165389
0.234389
-0.274611
0.250389
-0.276611
-0.129611
0.349389
-0.370611
0.180389
0.215389
-0.263611
0.262389
-0.310611
-0.102611
0.332389
-0.379611
0.213389
0.165389
-0.240611
0.281389
-0.294611
-0.112611
0.357389
-0.363611
0.161389
0.255389
-0.381611
0.248389
-0.191611
-0.205611
0.360389
-0.320611
0.124389
0.306389
-0.325611
0.231389
