1.65787
0.35211
0.372147
-0.294853
0.0601474
0.352147
-0.316853
0.191147
-0.117853
-0.218853
0.366147
-0.257853
0.0881474
0.343147
-0.326853
0.134147
-0.0608526
-0.255853
0.354147
-0.230853
0.0321474
0.359147
-0.331853
0.141147
-0.0248526
-0.286853
0.345147
-0.187853
0.0271474
0.360147
-0.334853
0.113147
-0.0418526
-0.266853
0.350147
-0.225853
0.0411474
0.341147
-0.314853
0.130147
-0.0458526
-0.272853
0.354147
-0.240853
0.0561474
0.338147
-0.324853
0.0921474
0.0381474
-0.292853
0.330147
-0.152853
-0.0268526
0.353147
-0.336853
0.120147
0.0171474
-0.269853
0.340147
-0.177853
0.0451474
0.353147
-0.326853
0.139147
-0.0678526
-0.248853
0.356147
-0.274853
0.103147
0.303147
-0.301853
0.183147
-0.135853
-0.197853
0.358147
-0.285853
0.0861474
0.304147
-0.293853
0.219147
-0.158853
-0.195853
0.352147
-0.292853
0.0941474
0.299147
-0.270853
0.247147
-0.176853
-0.168853
0.351147
-0.318853
0.114147
0.300147
-0.285853
0.216147
-0.140853
-0.212853
0.358147
-0.304853
0.101147
0.303147
-0.285853
0.215147
-0.170853
-0.194853
0.353147
-0.315853
0.120147
0.265147
-0.259853
0.238147
-0.167853
-0.181853
0.350147
-0.309853
0.0791474
0.315147
-0.298853
0.188147
0.231147
-0.218853
0.351147
-0.210853
0.0221474
0.339147
-0.312853
0.153147
-0.0478526
-0.274853
