1.63237
0.344936
0.367021
-0.275979
0.0250211
0.354021
-0.321979
0.157021
-0.0739789
-0.228979
0.364021
-0.234979
0.0600211
0.345021
-0.327979
0.114021
-0.0339789
-0.254979
0.352021
-0.219979
0.0210211
0.350021
-0.329979
0.130021
-0.00297895
-0.282979
0.345021
-0.173979
0.0160211
0.354021
-0.334979
0.102021
-0.0159789
-0.268979
0.343021
-0.206979
0.0210211
0.343021
-0.314979
0.114021
-0.0109789
-0.271979
0.353021
-0.213979
0.0150211
0.342021
-0.330979
0.0630211
0.107021
-0.304979
0.319021
-0.0989789
-0.0689789
0.346021
-0.337979
0.0940211
0.0850211
-0.289979
0.323021
-0.142979
0.00602105
0.342021
-0.328979
0.111021
0.00102105
-0.264979
0.349021
-0.236979
0.0570211
0.322021
-0.311979
0.150021
-0.0739789
-0.229979
0.351021
-0.254979
0.0450211
0.318021
-0.309979
0.184021
-0.104979
-0.220979
0.348021
-0.262979
0.0640211
0.313021
-0.285979
0.217021
-0.109979
-0.190979
0.358021
-0.287979
0.0680211
0.320021
-0.304979
0.180021
-0.0739789
-0.230979
0.349021
-0.280979
0.0700211
0.314021
-0.296979
0.190021
-0.104979
-0.215979
0.357021
-0.288979
0.0860211
0.293021
-0.280979
0.205021
-0.116979
-0.208979
0.350021
-0.277979
0.0420211
0.322021
-0.309979
0.154021
0.270021
-0.235979
0.337021
-0.173979
-0.0169789
0.334021
-0.314979
0.113021
0.0260211
-0.290979
