3.87051
0.350611
-0.356074
-0.0410737
0.303926
-0.375074
0.214926
0.106926
-0.180074
0.307926
-0.334074
-0.0690737
0.258926
-0.368074
0.187926
0.199926
-0.202074
0.277926
-0.318074
-0.0840737
0.298926
-0.360074
0.186926
0.167926
-0.205074
0.253926
-0.290074
-0.118074
0.306926
-0.357074
0.162926
0.231926
-0.210074
0.264926
-0.297074
-0.0940737
0.301926
-0.362074
0.196926
0.202926
-0.210074
0.252926
-0.316074
-0.0990737
0.308926
-0.359074
0.168926
0.269926
-0.248074
0.231926
-0.259074
-0.150074
0.346926
-0.346074
0.155926
0.222926
-0.242074
0.256926
-0.279074
-0.119074
0.303926
-0.357074
0.159926
0.184926
-0.196074
0.286926
-0.328074
-0.0500737
0.235926
-0.349074
0.223926
0.107926
-0.152074
0.318926
-0.326074
-0.0320737
0.241926
-0.343074
0.238926
0.0149263
-0.143074
0.320926
-0.318074
-0.0370737
0.226926
-0.348074
0.260926
-0.0300737
-0.141074
0.322926
-0.341074
-0.00707368
0.217926
-0.347074
0.245926
0.0249263
-0.155074
0.305926
-0.338074
-0.0120737
0.216926
-0.348074
0.249926
-0.00107368
-0.136074
0.317926
-0.347074
0.00492632
0.169926
-0.333074
0.276926
-0.0440737
-0.120074
0.320926
-0.338074
0.00392632
0.235926
-0.345074
0.241926
0.0499263
-0.309074
0.301926
-0.308074
-0.0940737
0.292926
-0.346074
0.204926
0.159926
-0.216074
0.291926
