-0.502698
0.368229
-0.0348316
0.381168
-0.398832
0.0321684
0.153168
-0.362832
0.336168
-0.101832
-0.0788316
0.371168
-0.392832
0.0501684
0.193168
-0.377832
0.319168
-0.0388316
-0.100832
0.364168
-0.386832
-0.00483158
0.203168
-0.383832
0.305168
0.0441684
-0.132832
0.354168
-0.387832
-0.00183158
0.231168
-0.386832
0.306168
0.0111684
-0.128832
0.361168
-0.382832
0.0221684
0.192168
-0.379832
0.293168
0.0501684
-0.105832
0.355168
-0.381832
0.0191684
0.235168
-0.384832
0.253168
0.107168
-0.172832
0.325168
-0.348832
-0.0398316
0.260168
-0.380832
0.263168
0.0501684
-0.162832
0.332168
-0.373832
-0.00483158
0.245168
-0.370832
0.292168
-0.0148316
-0.0798316
0.359168
-0.378832
0.0711684
0.143168
-0.349832
0.323168
-0.118832
-0.0848316
0.357168
-0.376832
0.0811684
0.109168
-0.324832
0.333168
-0.127832
-0.0898316
0.361168
-0.370832
0.0821684
0.0561684
-0.305832
0.335168
-0.169832
-0.0478316
0.364168
-0.367832
0.0711684
0.108168
-0.333832
0.320168
-0.0898316
-0.0648316
0.361168
-0.372832
0.0841684
0.0791684
-0.314832
0.336168
-0.126832
-0.0198316
0.356168
-0.365832
0.123168
-0.00583158
-0.295832
0.330168
-0.161832
-0.0258316
0.361168
-0.364832
0.0781684
0.0971684
-0.327832
0.165168
-0.105832
-0.0988316
0.353168
-0.366832
0.0301684
0.146168
-0.365832
0.320168
-0.0268316
