3.11646
0.350353
-0.132084
-0.238084
0.358916
-0.211084
0.0169158
0.351916
-0.319084
0.154916
-0.0680842
-0.262084
0.356916
-0.234084
-0.0120842
0.356916
-0.327084
0.119916
-0.00808421
-0.279084
0.336916
-0.153084
-0.0200842
0.351916
-0.335084
0.0869158
0.0239158
-0.294084
0.340916
-0.173084
-0.0230842
0.352916
-0.324084
0.116916
-0.0120842
-0.265084
0.343916
-0.218084
0.0149158
0.350916
-0.316084
0.107916
-0.0830842
-0.259084
0.348916
-0.238084
-8.42105e-05
0.348916
-0.339084
0.0819158
0.0449158
-0.301084
0.312916
-0.151084
-0.0200842
0.356916
-0.335084
0.107916
0.0159158
-0.283084
0.342916
-0.185084
-0.0330842
0.355916
-0.324084
0.136916
-0.0890842
-0.231084
0.355916
-0.288084
0.0519158
0.332916
-0.293084
0.201916
-0.109084
-0.212084
0.351916
-0.308084
0.0679158
0.302916
-0.291084
0.204916
-0.109084
-0.211084
0.349916
-0.315084
0.0959158
0.271916
-0.282084
0.215916
-0.160084
-0.185084
0.351916
-0.293084
0.0689158
0.309916
-0.293084
0.181916
-0.153084
-0.196084
0.346916
-0.304084
0.0849158
0.294916
-0.289084
0.197916
-0.198084
-0.164084
0.341916
-0.331084
0.123916
0.259916
-0.269084
0.220916
-0.185084
-0.176084
0.348916
-0.291084
0.0679158
0.311916
-0.340084
0.174916
-0.0540842
-0.260084
0.327916
-0.222084
0.0279158
0.345916
-0.334084
0.153916
