-0.60324
0.348073
-0.0845895
0.372411
-0.358589
-0.0135895
0.190411
-0.348589
0.294411
-0.0505895
-0.129589
0.351411
-0.361589
-0.00658947
0.241411
-0.357589
0.271411
0.0304105
-0.145589
0.342411
-0.346589
-0.0535895
0.248411
-0.358589
0.250411
0.103411
-0.173589
0.323411
-0.347589
-0.0575895
0.278411
-0.362589
0.255411
0.0674105
-0.164589
0.334411
-0.350589
-0.0215895
0.225411
-0.363589
0.246411
0.0874105
-0.135589
0.338411
-0.339589
-0.0295895
0.268411
-0.354589
0.201411
0.148411
-0.189589
0.297411
-0.300589
-0.0795895
0.288411
-0.358589
0.209411
0.101411
-0.192589
0.309411
-0.325589
-0.0485895
0.284411
-0.358589
0.245411
0.0334105
-0.128589
0.346411
-0.344589
0.0174105
0.192411
-0.342589
0.281411
-0.0525895
-0.128589
0.346411
-0.338589
0.0304105
0.161411
-0.319589
0.298411
-0.0735895
-0.128589
0.346411
-0.340589
0.0364105
0.107411
-0.307589
0.297411
-0.123589
-0.0915895
0.361411
-0.340589
0.0224105
0.152411
-0.328589
0.283411
-0.0465895
-0.101589
0.356411
-0.347589
0.0364105
0.124411
-0.311589
0.295411
-0.0715895
-0.0815895
0.351411
-0.335589
0.0694105
0.0644105
-0.304589
0.293411
-0.0955895
-0.0875895
0.356411
-0.336589
0.0154105
0.173411
-0.325589
0.0844105
-0.0195895
-0.159589
0.317411
-0.314589
-0.0355895
0.221411
-0.361589
0.255411
0.0484105
