2.26185
0.352165
0.224968
-0.363032
0.245968
0.133968
-0.161032
0.333968
-0.351032
-0.0170316
0.260968
-0.366032
0.272968
0.0999684
-0.185032
0.290968
-0.339032
-0.0540316
0.281968
-0.364032
0.225968
0.182968
-0.183032
0.304968
-0.321032
-0.0980316
0.313968
-0.365032
0.217968
0.180968
-0.207032
0.273968
-0.321032
-0.0820316
0.304968
-0.361032
0.225968
0.144968
-0.179032
0.277968
-0.312032
-0.0970316
0.271968
-0.358032
0.218968
0.155968
-0.216032
0.242968
-0.257032
-0.144032
0.341968
-0.351032
0.141968
0.244968
-0.235032
0.265968
-0.260032
-0.114032
0.335968
-0.353032
0.202968
0.213968
-0.225032
0.272968
-0.307032
-0.0870316
0.281968
-0.365032
0.250968
0.0919684
-0.179032
0.301968
-0.334032
-0.0270316
0.275968
-0.354032
0.249968
0.0509684
-0.150032
0.333968
-0.347032
-0.0150316
0.266968
-0.357032
0.253968
0.0299684
-0.121032
0.339968
-0.339032
0.00396842
0.227968
-0.346032
0.259968
0.0629684
-0.152032
0.322968
-0.331032
-0.0410316
0.244968
-0.353032
0.253968
0.0419684
-0.138032
0.318968
-0.338032
-0.0230316
0.200968
-0.339032
0.277968
-0.0220316
-0.0990316
0.335968
-0.338032
-0.00803158
0.202968
-0.344032
0.246968
0.0649684
-0.152032
0.306968
-0.0950316
-0.0370316
0.291968
-0.348032
0.193968
0.149968
-0.171032
0.298968
-0.325032
-0.0750316
