3.51862
0.384791
-0.3148
-0.1298
0.3832
-0.3678
0.1492
0.2692
-0.2718
0.2702
-0.2638
-0.1738
0.3582
-0.3688
0.1162
0.3242
-0.2928
0.2362
-0.2288
-0.1828
0.3692
-0.3268
0.1102
0.3082
-0.3058
0.2052
-0.1668
-0.2288
0.3722
-0.3208
0.0922
0.3402
-0.3018
0.2152
-0.1868
-0.2058
0.3782
-0.3448
0.1142
0.3272
-0.2998
0.2112
-0.2438
-0.1888
0.3732
-0.3548
0.0992
0.3512
-0.3378
0.1812
-0.1358
-0.2518
0.3742
-0.3008
0.0852
0.3332
-0.3298
0.2112
-0.1738
-0.2158
0.3812
-0.3278
0.0892
0.3122
-0.2928
0.2472
-0.2678
-0.1398
0.3512
-0.3848
0.1492
0.2612
-0.2658
0.2762
-0.2478
-0.1458
0.3532
-0.3818
0.1712
0.1872
-0.2348
0.2962
-0.2578
-0.1288
0.3412
-0.3858
0.2092
0.1332
-0.2338
0.3092
-0.3088
-0.0878
0.3312
-0.3768
0.1792
0.2072
-0.2488
0.2742
-0.2908
-0.1098
0.3332
-0.3818
0.1952
0.1742
-0.2408
0.2892
-0.3228
-0.0728
0.3042
-0.3848
0.2362
0.1152
-0.2178
0.3072
-0.3178
-0.0738
0.3322
-0.3778
0.1872
0.2012
-0.3758
0.2792
-0.2538
-0.1688
0.3542
-0.3468
0.1612
0.2672
-0.2998
0.2712
