2.31213
0.35301
0.231337
-0.365663
0.238337
0.143337
-0.169663
0.325337
-0.338663
-0.0286632
0.276337
-0.366663
0.251337
0.117337
-0.198663
0.276337
-0.312663
-0.0676632
0.302337
-0.365663
0.209337
0.200337
-0.199663
0.291337
-0.305663
-0.0996632
0.321337
-0.366663
0.204337
0.182337
-0.204663
0.266337
-0.312663
-0.0796632
0.317337
-0.368663
0.215337
0.141337
-0.173663
0.281337
-0.304663
-0.0886632
0.283337
-0.362663
0.206337
0.151337
-0.212663
0.243337
-0.254663
-0.136663
0.344337
-0.353663
0.142337
0.240337
-0.229663
0.270337
-0.266663
-0.107663
0.329337
-0.358663
0.200337
0.201337
-0.218663
0.286337
-0.308663
-0.0736632
0.284337
-0.358663
0.255337
0.0573368
-0.172663
0.311337
-0.334663
-0.0176632
0.278337
-0.362663
0.243337
0.0313368
-0.151663
0.339337
-0.339663
-0.00466316
0.269337
-0.352663
0.253337
0.0253368
-0.126663
0.347337
-0.335663
0.00933684
0.214337
-0.345663
0.260337
0.0383368
-0.147663
0.328337
-0.332663
-0.0216632
0.226337
-0.349663
0.261337
0.0103368
-0.128663
0.333337
-0.339663
-0.00666316
0.178337
-0.335663
0.282337
-0.0546632
-0.0896632
0.347337
-0.333663
0.0113368
0.182337
-0.339663
0.253337
0.0363368
-0.148663
0.317337
-0.109663
-0.0306632
0.288337
-0.353663
0.198337
0.124337
-0.162663
0.307337
-0.324663
-0.0616632
