1.63237
0.342689
0.362
-0.282
0.031
0.353
-0.314
0.165
-0.079
-0.235
0.359
-0.238
0.06
0.35
-0.324
0.105
-0.019
-0.262
0.345
-0.218
0.017
0.355
-0.325
0.134
-0.005
-0.288
0.335
-0.156
0.016
0.358
-0.331
0.097
-0.004
-0.278
0.336
-0.2
0.011
0.346
-0.31
0.103
0.005
-0.283
0.346
-0.206
0.006
0.346
-0.327
0.057
0.113
-0.311
0.31
-0.096
-0.068
0.35
-0.328
0.082
0.091
-0.293
0.311
-0.13
-0.006
0.341
-0.32
0.102
0.016
-0.276
0.341
-0.233
0.055
0.329
-0.305
0.145
-0.072
-0.225
0.347
-0.249
0.043
0.325
-0.306
0.192
-0.101
-0.219
0.342
-0.262
0.057
0.316
-0.281
0.208
-0.101
-0.203
0.349
-0.284
0.058
0.324
-0.301
0.168
-0.06
-0.237
0.346
-0.267
0.056
0.323
-0.3
0.181
-0.093
-0.22
0.349
-0.289
0.09
0.296
-0.273
0.203
-0.109
-0.209
0.346
-0.28
0.037
0.324
-0.301
0.161
0.266
-0.241
0.336
-0.174
-0.015
0.339
-0.308
0.12
0.028
-0.288
