3.26727
0.347094
-0.236768
-0.163768
0.363232
-0.288768
0.0702316
0.318232
-0.279768
0.192232
-0.161768
-0.207768
0.356232
-0.296768
0.0402316
0.343232
-0.294768
0.162232
-0.144768
-0.202768
0.346232
-0.247768
0.0492316
0.326232
-0.297768
0.143232
-0.0977684
-0.239768
0.348232
-0.258768
0.0322316
0.336232
-0.293768
0.160232
-0.112768
-0.212768
0.352232
-0.285768
0.0612316
0.330232
-0.289768
0.144232
-0.157768
-0.211768
0.350232
-0.292768
0.0392316
0.342232
-0.317768
0.120232
-0.0477684
-0.258768
0.335232
-0.225768
0.0312316
0.338232
-0.312768
0.154232
-0.0847684
-0.235768
0.347232
-0.258768
0.0282316
0.333232
-0.289768
0.180232
-0.184768
-0.167768
0.345232
-0.331768
0.105232
0.278232
-0.244768
0.238232
-0.205768
-0.142768
0.343232
-0.337768
0.120232
0.231232
-0.240768
0.238232
-0.210768
-0.142768
0.333232
-0.342768
0.148232
0.174232
-0.234768
0.255232
-0.242768
-0.117768
0.327232
-0.330768
0.127232
0.233232
-0.247768
0.224232
-0.235768
-0.123768
0.329232
-0.335768
0.137232
0.222232
-0.236768
0.236232
-0.267768
-0.0947684
0.312232
-0.345768
0.168232
0.161232
-0.222768
0.256232
-0.269768
-0.0987684
0.333232
-0.331768
0.138232
0.230232
-0.340768
0.233232
-0.184768
-0.179768
0.330232
-0.300768
0.106232
0.285232
-0.278768
0.219232
