-0.452428
0.367083
-0.00622105
0.387779
-0.393221
0.0567789
0.108779
-0.353221
0.348779
-0.135221
-0.0552211
0.377779
-0.381221
0.0587789
0.167779
-0.377221
0.329779
-0.0682211
-0.0852211
0.372779
-0.386221
0.00377895
0.176779
-0.373221
0.311779
0.0157789
-0.116221
0.363779
-0.385221
0.00777895
0.202779
-0.384221
0.319779
-0.0302211
-0.0962211
0.370779
-0.379221
0.0497789
0.125779
-0.375221
0.313779
-0.0122211
-0.0562211
0.377779
-0.383221
0.0457789
0.173779
-0.378221
0.279779
0.0547789
-0.127221
0.342779
-0.363221
-0.00822105
0.197779
-0.372221
0.293779
-0.0142211
-0.120221
0.352779
-0.370221
0.0257789
0.201779
-0.360221
0.310779
-0.0652211
-0.0462211
0.370779
-0.359221
0.102779
0.0697789
-0.330221
0.340779
-0.176221
-0.0492211
0.365779
-0.368221
0.106779
0.0527789
-0.312221
0.338779
-0.175221
-0.0452211
0.370779
-0.360221
0.128779
-0.0152211
-0.279221
0.347779
-0.216221
-0.00622105
0.365779
-0.357221
0.109779
0.0317789
-0.311221
0.339779
-0.158221
-0.0162211
0.371779
-0.361221
0.116779
0.00977895
-0.299221
0.348779
-0.176221
0.0147789
0.357779
-0.343221
0.154779
-0.0632211
-0.275221
0.342779
-0.207221
0.00877895
0.359779
-0.361221
0.0987789
0.0537789
-0.314221
0.186779
-0.137221
-0.0752211
0.362779
-0.360221
0.0397789
0.122779
-0.362221
0.324779
-0.0662211
