1.65787
0.184831
0.119052
-0.167647
0.0409371
0.125487
-0.168502
0.114813
-0.096243
-0.175767
0.167813
-0.143393
0.00727389
0.198264
-0.0839478
0.130061
-0.0893259
-0.176021
0.202922
-0.108279
0.0173465
0.202591
-0.0922121
0.113072
-0.0635539
-0.179752
0.154352
-0.138424
0.0139475
0.169114
-0.0792174
0.162388
-0.102087
-0.145037
0.200937
-0.131015
0.0225692
0.16885
-0.0868806
0.147756
-0.0610617
-0.189435
0.192777
-0.115554
-0.0162131
0.187772
-0.0829271
0.12044
-0.0874088
-0.164695
0.193036
-0.120657
0.0259267
0.148627
-0.105943
0.152663
-0.105424
-0.144721
0.176409
-0.140497
0.0653723
0.101523
-0.0951968
0.190818
-0.103647
-0.117244
0.124917
-0.168544
0.0730458
0.0760261
-0.0960777
0.200207
-0.10031
-0.079757
0.147419
-0.166523
0.0425381
0.150067
-0.133513
0.0891341
-0.000704348
-0.215658
0.172352
-0.0176212
-0.0615962
0.238124
-0.0994139
0.0247558
-0.0507562
-0.19699
0.017756
-0.175813
0.118574
0.0401869
-0.0792696
0.234383
-0.0992273
-0.0456379
0.0837046
-0.188388
0.11432
0.00497452
-0.12229
0.217922
-0.101901
-0.104011
0.0995024
-0.179414
0.104595
0.0500522
-0.112643
0.198248
-0.1083
-0.104674
0.0825853
-0.186507
0.093994
0.0675391
-0.11213
0.185891
-0.107688
-0.127855
0.122844
-0.165533
0.0836676
0.0664873
-0.0822643
0.21629
-0.0989424
-0.056555
