3.66943
0.172928
-0.103766
-0.0227359
0.144166
-0.157522
0.0456785
0.0408556
-0.0786577
0.193399
-0.124377
-0.0858758
0.129814
-0.173999
0.0723572
0.0716639
-0.0895125
0.183653
-0.109134
-0.0956995
0.133321
-0.168927
0.0577562
0.0937726
-0.0952534
0.16658
-0.12245
-0.0908032
0.125109
-0.170357
0.0883053
0.0409334
-0.078865
0.203451
-0.115398
-0.105383
0.113384
-0.162429
0.0853986
0.062094
-0.115145
0.160622
-0.117196
-0.11229
0.151767
-0.152139
0.0647458
0.0991198
-0.0779892
0.177979
-0.116787
-0.10072
0.105119
-0.168807
0.0734505
0.0397883
-0.0698442
0.207798
-0.112398
-0.0698861
0.0533009
-0.177295
0.117756
-0.0120302
-0.0683833
0.227311
-0.103103
-0.0416323
0.0534875
-0.169429
0.132787
-0.024569
-0.0409896
0.224938
-0.109564
-0.0283369
0.106964
-0.170383
0.0675956
0.116617
-0.123575
0.0959584
-0.0681235
-0.169767
0.170601
-0.125092
-0.00759608
0.170208
-0.0698646
0.154741
-0.129388
-0.059368
0.0431507
-0.198663
0.125621
-0.0228644
-0.0555906
0.243067
-0.114009
-0.0457152
0.0641196
-0.176652
0.11744
-0.013367
-0.102544
0.218756
-0.115968
-0.0696219
0.0457102
-0.196274
0.099409
0.0459127
-0.071865
0.21244
-0.114683
-0.060969
0.0696377
-0.200424
0.0853675
0.0617779
-0.0886266
0.194326
-0.125662
-0.0746323
0.0887982
-0.181668
0.106642
0.00256044
-0.0490361
0.234699
