4.17217
0.170325
-0.0814371
0.0681317
0.0354901
-0.167324
0.126997
-0.0463749
-0.0600493
0.222764
-0.0910329
-0.00010138
0.0337594
-0.180064
0.132106
-0.0313127
-0.0722721
0.213028
-0.104644
-0.0250703
0.0362671
-0.179308
0.122116
-0.0144579
-0.0823912
0.217842
-0.0829707
-9.10143e-05
0.0294433
-0.171474
0.141474
-0.0505148
-0.0518784
0.215593
-0.112706
-0.0257439
0.0163708
-0.170842
0.140168
-0.0319656
-0.0961581
0.20721
-0.107582
-0.0353967
0.0670494
-0.160468
0.127432
-0.00281539
-0.0697176
0.208619
-0.103634
-0.0277231
0.0077283
-0.172557
0.140515
-0.0488827
-0.0482048
0.214614
-0.103105
0.0114789
-0.0437327
-0.173759
0.162334
-0.0849914
-0.0339148
0.207914
-0.090691
0.0444996
-0.0366083
-0.162179
0.161774
-0.0913489
0.0025411
0.178697
-0.105992
0.0571732
0.0032466
-0.183121
0.133945
0.00674416
-0.117365
0.173044
-0.105023
-0.125194
0.132635
-0.145986
0.0584529
0.0707647
-0.0686241
0.205256
-0.0789292
0.0370488
-0.0597999
-0.199179
0.164567
-0.0995199
-0.0141636
0.212122
-0.097406
0.0537742
-0.0368621
-0.172168
0.171997
-0.086266
-0.0674432
0.231215
-0.0927064
0.0181317
-0.0463441
-0.190381
0.15924
-0.0491469
-0.0505624
0.230531
-0.0897168
0.0214685
-0.014826
-0.194785
0.14781
-0.0339034
-0.0716607
0.224334
-0.0986028
0.00345817
-0.00596072
-0.183396
0.153147
-0.0680329
-0.0202101
0.217251
