4.32302
0.173766
-0.0809635
0.0982324
-0.00437284
-0.167943
0.154486
-0.0683726
-0.0449229
0.225093
-0.0847302
0.0326003
-0.00174601
-0.187969
0.148921
-0.0540255
-0.0591145
0.216326
-0.10429
0.00392674
0.00208813
-0.186539
0.138932
-0.0424763
-0.0739176
0.222782
-0.0753001
0.0259682
-0.00975638
-0.173746
0.156678
-0.0729322
-0.0360472
0.20829
-0.107466
0.00864178
-0.0151554
-0.173409
0.154688
-0.062668
-0.0820523
0.216507
-0.101228
-0.00504216
0.0252383
-0.170078
0.146911
-0.0417613
-0.0580212
0.210979
-0.102984
0.00527389
-0.0277564
-0.17384
0.156393
-0.0739529
-0.0337208
0.210627
-0.0968442
0.0408853
-0.0736371
-0.17099
0.1666
-0.104512
-0.0130422
0.197632
-0.0818287
0.0756107
-0.0718287
-0.153809
0.166766
-0.11388
0.0121288
0.153078
-0.111466
0.0809164
-0.0174039
-0.176617
0.153118
-0.0139789
-0.109166
0.189227
-0.10786
-0.107892
0.109352
-0.156756
0.0804914
0.0381867
-0.067192
0.215818
-0.0785021
0.0371599
-0.0577096
-0.195741
0.167341
-0.0984088
-0.01041
0.212917
-0.100958
0.0505381
-0.0493728
-0.170498
0.178792
-0.0877974
-0.0574151
0.234062
-0.0913001
0.0258853
-0.0594558
-0.191068
0.167362
-0.053984
-0.045871
0.228378
-0.0873415
0.0312324
-0.0335698
-0.196513
0.159595
-0.0373934
-0.0682958
0.224823
-0.0965332
0.0115485
-0.0157564
-0.180409
0.158963
-0.0745539
-0.0148556
0.218088
