2.81484
0.184155
-0.10769
-0.146246
0.217459
-0.101664
-0.0989763
0.196682
-0.0851411
0.0449355
-0.0819029
-0.188613
0.187075
-0.0800737
-0.0441111
0.226216
-0.0976903
0.0348629
-0.0305196
-0.171292
0.18236
-0.0674726
-0.0476603
0.227133
-0.0966489
0.0126298
-0.0877216
-0.17895
0.185137
-0.0900633
-0.0153184
0.21221
-0.0813485
0.0722515
-0.0456076
-0.181774
0.177075
-0.0907369
-0.0325619
0.218045
-0.1071
0.00434481
-0.0237891
-0.170789
0.169676
-0.0658716
-0.0376706
0.234817
-0.0893224
0.0239458
-0.0389082
-0.171639
0.174075
-0.091084
-0.0454893
0.206003
-0.0786231
0.0679251
-0.0638718
-0.161012
0.170008
-0.115115
0.000495016
0.17392
-0.0820688
0.105272
-0.0994987
-0.159396
0.181816
-0.115789
0.0190649
0.161465
-0.0533901
0.148692
-0.0890375
-0.150784
0.189184
-0.0998509
-0.0584168
0.224469
-0.113576
-0.0637639
0.0944593
-0.162996
0.1015
0.00383284
-0.0731367
0.22292
-0.104022
-0.0154117
-0.142229
-0.154774
0.168267
-0.136809
0.015982
0.143252
-0.0674731
0.145345
-0.102312
-0.159173
0.177562
-0.129115
-0.0148314
0.1619
-0.105333
0.0812412
-0.100602
-0.174271
0.170733
-0.124758
-0.0307381
0.212506
-0.0766853
0.0752619
-0.105286
-0.177935
0.182651
-0.113379
-0.038992
0.220381
-0.0964779
0.0372515
-0.0872397
-0.175043
0.18421
-0.110001
-0.0214221
0.19963
-0.0532708
0.115967
