-0.452428
0.196968
0.00339485
0.207691
-0.148718
0.060027
0.103878
-0.14405
0.176618
-0.0771996
-0.035035
0.252965
-0.107661
0.0232343
-0.0267389
-0.207262
0.170597
-0.0785468
-0.0635531
0.251084
-0.103915
0.00729647
-0.0135887
-0.212739
0.153892
-0.0471116
-0.0168484
0.247659
-0.110355
0.0325192
-0.0551844
-0.196247
0.184742
-0.109055
-0.0671076
0.248525
-0.101661
0.037856
-0.0468684
-0.212775
0.171322
-0.0444173
-0.0619468
0.244654
-0.114179
0.00621355
-0.0317907
-0.215221
0.165892
-0.0808732
-0.0619106
0.247126
-0.0953344
0.0494985
-0.0315419
-0.18948
0.180416
-0.113391
-0.037947
0.22754
-0.0817179
0.101825
-0.0939407
-0.180491
0.188431
-0.138728
0.0027109
0.209354
-0.093661
0.12412
-0.10707
-0.171708
0.160069
-0.160915
0.00799586
0.195478
-0.12563
0.0745296
0.000406242
-0.213496
0.145312
0.0492975
-0.0949724
0.21282
-0.12835
-0.0682216
0.0887426
-0.196449
0.130612
-0.0444381
0.0382085
0.206965
-0.07806
0.12755
-0.119702
-0.167149
0.177721
-0.168443
0.00423936
0.204458
-0.0973864
0.132089
-0.0748474
-0.173144
0.210348
-0.123319
-0.0164808
0.232727
-0.0741584
0.105897
-0.0578112
-0.199434
0.185815
-0.119034
-0.0180921
0.232359
-0.0917179
0.0745814
-0.0470393
-0.205563
0.177058
-0.0905157
-0.0361076
0.23509
-0.0925625
0.0652135
-0.0722724
-0.188833
0.176949
-0.129759
