4.47395
0.189962
-0.0960662
0.138042
-0.0370245
-0.173056
0.196674
-0.0871072
-0.0386473
0.228182
-0.0739416
0.0717671
-0.0433666
-0.197787
0.177508
-0.0821487
-0.0555125
0.216089
-0.10546
0.0357153
-0.0485014
-0.197745
0.172845
-0.078527
-0.074041
0.241788
-0.0657135
0.0624096
-0.051693
-0.187554
0.168327
-0.109465
-0.020181
0.190576
-0.112802
0.0550832
-0.0610194
-0.180973
0.181337
-0.0934855
-0.0685022
0.235912
-0.0929985
0.0390314
-0.0275843
-0.186652
0.171529
-0.0855062
-0.0472276
0.217814
-0.0975219
0.0536946
-0.0656412
-0.180688
0.185011
-0.104413
-0.0108961
0.190648
-0.104548
0.0936324
-0.0992266
-0.163165
0.172741
-0.132864
0.0191919
0.155778
-0.0897087
0.134746
-0.0970814
-0.147974
0.154653
-0.145682
0.0510364
0.0913586
-0.124491
0.145073
-0.0708276
-0.181621
0.200062
-0.0718637
-0.104181
0.243192
-0.104371
-0.0666266
0.0436537
-0.187719
0.135238
-0.0324908
-0.0627093
0.251296
-0.0373975
0.124907
-0.111967
-0.183922
0.171353
-0.146107
0.0456064
0.146426
-0.116444
0.139285
-0.103294
-0.156689
0.212332
-0.127646
-0.0160412
0.207607
-0.0848743
0.106
-0.106144
-0.179492
0.202829
-0.110698
-0.00664222
0.207954
-0.0759262
0.120663
-0.0878276
-0.185357
0.199083
-0.105371
-0.0391085
0.221612
-0.0793302
0.100285
-0.0885737
-0.178357
0.181544
-0.12675
0.0307722
0.161851
