2.66403
0.191019
-0.081961
-0.184055
0.209095
-0.0722872
-0.145879
0.212857
-0.0996758
-0.0126874
-0.0307695
-0.208583
0.16711
-0.0315567
-0.0695939
0.245442
-0.102287
-0.0127289
0.0422044
-0.166241
0.170805
-0.0192821
-0.0774592
0.235717
-0.104961
-0.0472263
-0.0439458
-0.200604
0.166499
-0.050821
-0.0471795
0.246681
-0.0937795
0.0218825
0.0158833
-0.189764
0.163815
-0.0485049
-0.060423
0.241261
-0.111339
-0.0472366
0.0333235
-0.17878
0.149784
-0.028334
-0.0602364
0.245147
-0.0983287
-0.0140139
0.0163081
-0.181018
0.165478
-0.0604323
-0.0727909
0.229608
-0.0852096
0.0332504
-0.0192254
-0.17779
0.176328
-0.0893183
-0.0332055
0.219411
-0.086163
0.0668825
-0.0790543
-0.189962
0.190116
-0.0979297
-0.0133818
0.213303
-0.0611061
0.118219
-0.058562
-0.181646
0.190831
-0.0634634
-0.092024
0.237748
-0.105961
-0.115874
0.152163
-0.146407
0.0768046
0.0744067
-0.0847698
0.214271
-0.110152
-0.0648998
-0.147826
-0.178159
0.188618
-0.119909
-0.00355797
0.183266
-0.0716917
0.135535
-0.0846604
-0.181568
0.193281
-0.116899
-0.0340553
0.197945
-0.101961
0.0671985
-0.0896553
-0.191045
0.185841
-0.112572
-0.0416563
0.236339
-0.0774169
0.0718617
-0.0926138
-0.18876
0.192841
-0.101593
-0.052532
0.237878
-0.0992303
0.0265561
-0.0663342
-0.188428
0.188696
-0.0995514
-0.0286667
0.222484
-0.0583289
0.107566
