-1.20658
0.179784
-0.0760896
0.223278
-0.123368
-0.0892246
0.223947
-0.121545
0.0670602
0.0991077
-0.0664106
0.186672
-0.112146
-0.122271
0.138408
-0.155213
0.0501431
0.090688
-0.106866
0.150211
-0.119565
-0.129893
0.148957
-0.153773
0.0232364
0.1356
-0.0400996
0.183335
-0.114483
-0.10968
0.104688
-0.172441
0.0776923
0.0487762
-0.118903
0.162936
-0.117871
-0.105691
0.122289
-0.165022
0.0355732
0.137652
-0.0842187
0.154148
-0.107576
-0.126178
0.127397
-0.163224
0.0504384
0.0860663
-0.0992862
0.165547
-0.123799
-0.102111
0.139594
-0.158949
0.0823244
0.0441752
-0.0974055
0.192977
-0.11641
-0.063634
0.0626256
-0.181918
0.116019
0.000232322
-0.0706388
0.223247
-0.115063
-0.0410848
0.0316309
-0.195514
0.130008
-0.0510888
-0.0992659
0.224573
-0.113063
-0.0855096
0.177185
-0.148436
-0.0049242
0.221252
-0.106296
0.0501069
-0.0802392
-0.170136
0.180863
-0.125368
0.00626747
0.156056
0.0148278
0.232734
-0.109949
-0.0497376
0.0322423
-0.19283
0.146925
-0.0313945
-0.0915508
0.239511
-0.117928
-0.035862
0.104004
-0.173436
0.111345
0.0327089
-0.0753486
0.216775
-0.115358
-0.0576858
0.114745
-0.181208
0.0952725
0.0349835
-0.0673486
0.225439
-0.109674
-0.0749085
0.116589
-0.176809
0.0780187
0.0690094
-0.0683433
0.211335
-0.111685
-0.0725925
0.0794701
-0.183742
0.118905
-0.00964329
