3.31754
0.194066
-0.125314
-0.100694
0.218161
-0.149858
-0.0297508
0.145441
-0.0986514
0.138545
-0.122268
-0.167849
0.196001
-0.15105
0.0162646
0.181322
-0.106201
0.134135
-0.102024
-0.175989
0.187571
-0.140102
0.0136947
0.193861
-0.111045
0.110156
-0.126698
-0.156217
0.185799
-0.15548
0.0471299
0.132473
-0.0927707
0.175943
-0.103869
-0.165797
0.173767
-0.154532
0.0398656
0.168214
-0.129926
0.102208
-0.1072
-0.173937
0.191203
-0.139734
0.0219693
0.192607
-0.0955063
0.135503
-0.0987185
-0.163357
0.164441
-0.157237
0.0335703
0.139644
-0.0810453
0.177301
-0.114817
-0.131393
0.12699
-0.181252
0.0760677
0.0805921
-0.0899522
0.203078
-0.125682
-0.112284
0.134167
-0.175998
0.0923837
0.0694108
-0.0556
0.231602
-0.115019
-0.103937
0.180296
-0.160402
0.00412479
0.212001
-0.130418
0.0223632
0.00472155
-0.206304
0.160866
-0.0795319
-0.0509372
0.245897
-0.0976874
0.084674
-0.158921
-0.10902
0.103711
-0.203786
0.100259
0.0416596
-0.0697969
0.238591
-0.125589
-0.0954191
0.113763
-0.186185
0.0877827
0.0531051
-0.119035
0.203301
-0.127283
-0.116968
0.102649
-0.194807
0.0741195
0.114048
-0.082377
0.202332
-0.12863
-0.10901
0.123934
-0.195998
0.0630988
0.126271
-0.109118
0.171555
-0.13006
-0.123559
0.139053
-0.181884
0.0859951
0.0717268
-0.0628746
0.229876
