-1.35753
0.180259
-0.0853718
0.20384
-0.105304
-0.12245
0.224089
-0.118589
0.0353011
0.144789
-0.0764182
0.155654
-0.100817
-0.15218
0.158141
-0.143827
0.0207001
0.145675
-0.0962523
0.133581
-0.0972468
-0.161066
0.155384
-0.13849
-0.00215475
0.182291
-0.0520968
0.147327
-0.105174
-0.143569
0.133675
-0.15334
0.0512493
0.0994678
-0.126237
0.127949
-0.105584
-0.139885
0.150928
-0.14492
0.00018204
0.190924
-0.0898377
0.113508
-0.0850448
-0.15331
0.1577
-0.139133
0.0140784
0.145286
-0.105843
0.12255
-0.109889
-0.141579
0.161877
-0.142848
0.0482389
0.109406
-0.104268
0.155602
-0.117703
-0.10789
0.122416
-0.161231
0.0751975
0.0667892
-0.0854495
0.186799
-0.116977
-0.0876883
0.0917473
-0.179133
0.100757
0.00861315
-0.112527
0.19383
-0.105682
-0.131714
0.188856
-0.124459
-0.0448749
0.238302
-0.111164
0.00727533
-0.0392212
-0.182491
0.167415
-0.100304
-0.0179682
0.196706
0.0213902
0.217768
-0.116801
-0.0768334
0.0663432
-0.188351
0.131327
-0.00510697
-0.0984808
0.223892
-0.116169
-0.0502842
0.121587
-0.170775
0.0987985
0.0689343
-0.0735738
0.209472
-0.113547
-0.0764448
0.134296
-0.171558
0.0854202
0.0665664
-0.0705842
0.212146
-0.110221
-0.0910147
0.137488
-0.166496
0.0618711
0.0985508
-0.0788639
0.189358
-0.114589
-0.0973204
0.110581
-0.169335
0.107705
0.0226028
