-1.05571
0.185661
0.0245674
0.157216
-0.145359
0.0882928
0.0547186
-0.142997
0.178661
-0.0877525
-0.0153444
0.228754
-0.09982
0.0481322
-0.0573279
-0.190147
0.181314
-0.09768
-0.0548936
0.22219
-0.096421
0.0391633
-0.0388202
-0.19594
0.167915
-0.0728458
-0.011904
0.221754
-0.0988615
0.0630804
-0.0837527
-0.179132
0.184184
-0.114017
-0.0370698
0.229335
-0.0921464
0.0697229
-0.0694471
-0.197282
0.181345
-0.0655298
-0.0493288
0.225749
-0.101654
0.0394172
-0.0619912
-0.204432
0.172262
-0.092395
-0.0455568
0.221905
-0.08882
0.0770389
-0.0577942
-0.173007
0.17951
-0.117354
-0.0214999
0.190666
-0.0775922
0.121091
-0.0963899
-0.162137
0.177811
-0.133763
0.0218938
0.18506
-0.0877684
0.131407
-0.104949
-0.157261
0.13048
-0.154737
0.0249249
0.16848
-0.117411
0.0894586
-0.0173176
-0.202878
0.155578
0.0219312
-0.0943647
0.209443
-0.11269
-0.0483341
0.0528271
-0.184007
0.147277
-0.0585401
0.017697
0.205361
-0.0781932
0.106132
-0.107431
-0.160515
0.16922
-0.143794
0.0042824
0.1992
-0.091245
0.118692
-0.0671879
-0.163246
0.199909
-0.107996
-0.00919422
0.213625
-0.0757942
0.100143
-0.056732
-0.183976
0.177448
-0.106058
-0.00848955
0.214604
-0.0860584
0.0771737
-0.0522243
-0.189841
0.180997
-0.0811101
-0.0275672
0.219682
-0.0865662
0.0664794
-0.0761414
-0.180059
0.168225
-0.118763
