1.35753
0.187297
0.1669
-0.14669
-0.0246908
0.198149
-0.14699
0.0487444
-0.0560265
-0.189022
0.170257
-0.110534
-0.0348617
0.241123
-0.0829176
0.0613092
-0.048783
-0.18496
0.180195
-0.0925444
-0.0317788
0.241429
-0.0865497
0.0509932
-0.00905254
-0.193239
0.158734
-0.102208
-0.0271881
0.229553
-0.0667777
0.0916668
-0.0877674
-0.170416
0.198739
-0.096534
-0.0221881
0.221289
-0.0804513
0.0786668
-0.0092442
-0.194638
0.165724
-0.0862491
-0.0456544
0.224714
-0.0799798
0.0543922
-0.0445499
-0.180245
0.178206
-0.10085
-0.0189032
0.210719
-0.0891767
0.0882678
-0.0973684
-0.169172
0.187517
-0.121187
0.0154802
0.171911
-0.0770422
0.135687
-0.106783
-0.148126
0.167543
-0.1417
0.0283972
0.142507
-0.0756692
0.153086
-0.118995
-0.116416
0.180455
-0.137446
0.000604564
0.198631
-0.115229
0.0420657
0.05188
-0.207975
0.112926
0.0262895
-0.0539546
0.229786
-0.105187
-0.0215767
0.00909238
-0.19056
0.139009
-0.130135
0.00811229
0.205051
-0.0727934
0.128289
-0.118394
-0.15982
0.187724
-0.134555
0.00415375
0.164553
-0.113876
0.105237
-0.0687466
-0.185913
0.172708
-0.117544
-0.00239544
0.205579
-0.0992493
0.0700139
-0.0802596
-0.185219
0.170045
-0.122534
-0.0110483
0.222108
-0.0984306
0.0560139
-0.0378867
-0.184519
0.169532
-0.111503
-0.0189654
0.218045
-0.0778607
0.08933
-0.112317
-0.16397
