0.402157
0.176218
0.104439
0.0164249
-0.13112
0.180937
-0.0663314
-0.106306
0.152315
-0.153057
0.0468072
0.123881
-0.0840261
0.151947
-0.110922
-0.1404
0.167771
-0.145575
0.0225637
0.140621
-0.0731971
0.143631
-0.110311
-0.141032
0.182341
-0.138155
0.0461025
0.112953
-0.0874355
0.16059
-0.112523
-0.11126
0.131543
-0.16157
0.0438694
0.127482
-0.0693836
0.168284
-0.115482
-0.123566
0.18817
-0.136217
0.0222684
0.14458
-0.0817773
0.142548
-0.110606
-0.1384
0.159823
-0.143984
0.0348798
0.124114
-0.0647412
0.172631
-0.107176
-0.109913
0.118942
-0.162663
0.063144
0.0682538
-0.0520056
0.207818
-0.107419
-0.063203
0.0778804
-0.17313
0.106766
0.0340156
-0.0709694
0.210522
-0.10444
-0.0515708
0.0126318
-0.180311
0.121248
0.0220777
-0.10157
0.188776
-0.0952277
-0.14597
0.198533
-0.0948909
-0.040519
0.221574
-0.075233
0.0681907
-0.0685336
-0.169052
0.177559
-0.129663
0.0855273
0.0167824
-0.0561871
0.234585
-0.107
-0.0380424
0.0164194
-0.198259
0.129419
0.0115908
-0.0751871
0.228186
-0.111642
-0.0556538
0.116114
-0.175534
0.0993253
0.0549223
-0.0462751
0.223901
-0.110031
-0.100384
0.105466
-0.167471
0.0946932
0.0475855
-0.0705186
0.208807
-0.111388
-0.109996
0.151481
-0.15414
0.0677346
0.0782641
-0.0648916
0.197745
-0.112409
-0.0857832
0.0555021
-0.180518
