2.06074
0.183231
0.042449
-0.192499
0.106687
0.048812
-0.175079
0.161453
-0.112447
-0.126717
0.113454
-0.172395
0.0669405
0.121599
-0.0855561
0.182713
-0.107162
-0.129318
0.168122
-0.133146
0.0786244
0.126294
-0.0888617
0.172733
-0.0946229
-0.146101
0.094972
-0.170426
0.0779094
0.103102
-0.0721416
0.206122
-0.109068
-0.106494
0.160371
-0.153872
0.074899
0.0885011
-0.0838567
0.195143
-0.0942136
-0.153764
0.162578
-0.143348
0.0423602
0.12375
-0.0735146
0.180101
-0.105214
-0.119002
0.144309
-0.15525
0.0805519
0.0683094
-0.101276
0.194764
-0.108783
-0.0888935
0.112081
-0.163929
0.119479
0.0214598
-0.0719191
0.230392
-0.101783
-0.0520489
0.0433765
-0.192457
0.130541
-0.00471113
-0.0681575
0.238822
-0.0908457
-0.0032148
0.0506771
-0.189919
0.11835
0.060812
-0.124613
0.167122
-0.0684831
-0.198593
0.188619
-0.0815504
-0.0074583
0.204143
-0.087877
0.108241
-0.100514
-0.155966
0.0083037
-0.193924
0.139386
0.00801428
-0.0658
0.24479
-0.098426
-0.0145723
0.0463196
-0.205183
0.137469
-0.0245349
-0.115106
0.231257
-0.108343
-0.0809868
0.060107
-0.194556
0.126764
0.0201956
-0.105784
0.219868
-0.111027
-0.0819868
0.0491588
-0.202597
0.117459
0.0413561
-0.102271
0.2125
-0.114364
-0.110852
0.0880706
-0.180297
0.111122
0.0426515
-0.0747221
0.231604
-0.100058
-0.0354894
