3.31754
0.193543
-0.123219
-0.0939667
0.207686
-0.159162
-0.0247078
0.134966
-0.0940281
0.149334
-0.126784
-0.163174
0.189189
-0.154364
0.0223387
0.172827
-0.100893
0.143924
-0.10953
-0.173324
0.181085
-0.146396
0.00946313
0.192925
-0.107634
0.110598
-0.12695
-0.16707
0.182484
-0.152059
0.0452455
0.147127
-0.0875826
0.168712
-0.105815
-0.170345
0.173484
-0.15509
0.0386133
0.176257
-0.124137
0.0999865
-0.0971885
-0.175086
0.189246
-0.139302
0.0220538
0.195018
-0.0934114
0.132945
-0.0999812
-0.168241
0.159515
-0.154183
0.0366755
0.135759
-0.0803287
0.181722
-0.116364
-0.131993
0.116474
-0.18523
0.0778257
0.0773709
-0.0816035
0.206562
-0.123618
-0.106537
0.118039
-0.176385
0.100499
0.0562621
-0.0529767
0.232432
-0.115629
-0.092231
0.163557
-0.169442
0.0267792
0.194018
-0.136194
0.040427
-0.0173027
-0.204785
0.164727
-0.093406
-0.037345
0.237515
-0.0894527
0.105126
-0.152774
-0.121863
0.120609
-0.200862
0.0919863
0.0619461
-0.0715259
0.236919
-0.126126
-0.115252
0.139241
-0.182841
0.0688568
0.0819512
-0.115028
0.192007
-0.12723
-0.136759
0.127443
-0.193779
0.0545097
0.150526
-0.0806344
0.186681
-0.128587
-0.133107
0.145707
-0.184033
0.0485511
0.159759
-0.108059
0.15624
-0.125375
-0.140656
0.159868
-0.174256
0.0647946
0.111806
-0.0564377
0.220204
