-1.48373
0.182557
-0.083483
0.149029
-0.0550993
-0.159084
0.191723
-0.0986639
-0.0136237
0.213978
-0.0779594
0.0836302
-0.0550735
-0.191426
0.162874
-0.0937468
-0.0311314
0.210822
-0.0971304
0.0552623
-0.0508922
-0.191659
0.159506
-0.0884411
-0.0536391
0.229195
-0.0673739
0.072283
-0.0518092
-0.181426
0.164252
-0.100063
-0.0179086
0.199009
-0.113866
0.0439359
-0.0569233
-0.174763
0.165946
-0.0937676
-0.0556599
0.227206
-0.0975655
0.0355784
-0.0171617
-0.180737
0.15877
-0.0817779
-0.0360277
0.211076
-0.102395
0.048568
-0.0655035
-0.177172
0.168293
-0.106032
-0.00966514
0.192133
-0.0957263
0.0882312
-0.102436
-0.152364
0.162055
-0.132809
0.0300446
0.154019
-0.0796229
0.13204
-0.10427
-0.134551
0.146988
-0.15126
0.0489099
0.0958227
-0.115312
0.133029
-0.0710993
-0.173095
0.184692
-0.0668505
-0.0863178
0.229527
-0.117275
-0.0681314
0.0451593
-0.182224
0.122521
-0.0274568
-0.0521519
0.236915
-0.0217625
0.141853
-0.121369
-0.159297
0.151211
-0.157483
0.0571119
0.114833
-0.109913
0.150599
-0.11241
-0.133033
0.190843
-0.14499
0.00901351
0.178465
-0.0793844
0.126283
-0.11785
-0.154561
0.186351
-0.130674
0.0144021
0.173159
-0.0721306
0.139293
-0.103198
-0.173711
0.178532
-0.127654
-0.0157688
0.196796
-0.0761357
0.114568
-0.102965
-0.165038
0.157351
-0.14442
0.0442155
0.123667
