3.46835
0.177278
-0.118938
-0.0712246
0.180056
-0.149731
0.00644373
0.0983874
-0.080027
0.157345
-0.124451
-0.126872
0.174283
-0.15385
0.0318478
0.136123
-0.08683
0.147926
-0.108871
-0.134706
0.170843
-0.14685
0.0242571
0.158263
-0.0876124
0.121946
-0.134881
-0.138484
0.169884
-0.145881
0.0521328
0.130615
-0.073343
0.164335
-0.10783
-0.151634
0.155465
-0.145249
0.0435317
0.138165
-0.115358
0.10062
-0.107804
-0.15811
0.180206
-0.1304
0.0252779
0.17318
-0.0752237
0.133589
-0.109607
-0.146613
0.151833
-0.144954
0.0316147
0.114185
-0.0717213
0.169672
-0.116757
-0.119219
0.105688
-0.164358
0.0861017
0.0535431
-0.0710583
0.199858
-0.116695
-0.0927219
0.0976204
-0.165861
0.100438
0.0330561
-0.0480428
0.220698
-0.111368
-0.0847323
0.14575
-0.158213
0.0237183
0.177097
-0.121586
0.03305
-0.0282859
-0.183483
0.164666
-0.0920731
-0.035867
0.223667
-0.0775189
0.094423
-0.155156
-0.0815821
0.0579832
-0.197752
0.109672
0.00231529
-0.0562916
0.235371
-0.121244
-0.0729085
0.0805738
-0.1777
0.0974799
0.0134551
-0.103887
0.204744
-0.127223
-0.0968256
0.0631645
-0.195659
0.0807856
0.0777141
-0.070851
0.197765
-0.126938
-0.0938152
0.0897033
-0.192472
0.0691017
0.0922529
-0.090939
0.173661
-0.132317
-0.103437
0.11218
-0.177338
0.0863555
0.0449628
-0.0522449
0.222931
