3.16673
0.175878
-0.114632
-0.115358
0.209999
-0.127559
-0.0590888
0.162409
-0.0810931
0.0971132
-0.107637
-0.167545
0.182626
-0.118559
-0.00698008
0.182689
-0.097378
0.0907039
-0.0814349
-0.158389
0.181932
-0.113243
-0.0145707
0.190238
-0.0929687
0.0770925
-0.108393
-0.152912
0.180067
-0.120285
0.0208955
0.157694
-0.0777823
0.13246
-0.0815955
-0.157482
0.166067
-0.125
0.0195691
0.163653
-0.114207
0.0731236
-0.0828961
-0.15999
0.175922
-0.114264
0.00897845
0.186772
-0.0834713
0.103756
-0.086036
-0.149493
0.163792
-0.129684
0.00794735
0.14301
-0.0735388
0.138165
-0.0988286
-0.124793
0.127595
-0.151994
0.0537504
0.0839896
-0.0794768
0.169279
-0.112652
-0.105389
0.128823
-0.150445
0.0747089
0.0678705
-0.0554614
0.195761
-0.103305
-0.102032
0.169616
-0.141176
-0.00662256
0.189311
-0.119539
0.0072687
0.00887562
-0.177964
0.142813
-0.0724297
-0.05041
0.22429
-0.084523
0.0653049
-0.138238
-0.135571
0.142849
-0.156849
0.0546467
0.0883575
-0.0698551
0.184605
-0.115886
-0.125685
0.151248
-0.149544
0.0348022
0.0997823
-0.109798
0.133797
-0.121715
-0.140223
0.142818
-0.155839
0.0181701
0.164673
-0.0720984
0.133808
-0.120062
-0.142529
0.157051
-0.149746
0.00721158
0.172886
-0.0938807
0.105398
-0.11586
-0.146752
0.16659
-0.144326
0.03074
0.124995
-0.0601969
0.169901
