0.301617
0.181871
0.102475
0.0430923
-0.140763
0.1759
-0.0476018
-0.121991
0.166501
-0.144783
0.0412415
0.153149
-0.0913016
0.136625
-0.108519
-0.153188
0.180366
-0.137679
0.0150291
0.158921
-0.0845243
0.131299
-0.105234
-0.161105
0.192884
-0.130576
0.0392208
0.149833
-0.0870166
0.150931
-0.117384
-0.136059
0.147729
-0.152623
0.0389669
0.153108
-0.0766902
0.155962
-0.115384
-0.150639
0.196356
-0.126648
0.0124177
0.162859
-0.0871254
0.13291
-0.115477
-0.160209
0.17205
-0.143037
0.0246301
0.152372
-0.0726798
0.162941
-0.1097
-0.131385
0.133822
-0.159705
0.0605265
0.0915948
-0.0636593
0.204433
-0.114871
-0.0980018
0.101973
-0.174374
0.100412
0.0610198
-0.0806128
0.209464
-0.108892
-0.0793904
0.0357759
-0.181587
0.113915
0.0467452
-0.11653
0.178065
-0.0887934
-0.165053
0.204444
-0.0793945
-0.0585924
0.237434
-0.083866
0.0472364
-0.0565605
-0.182074
0.184133
-0.123778
0.0862777
0.0441027
-0.0664833
0.228874
-0.113472
-0.0618827
0.0429106
-0.193555
0.120801
0.0382167
-0.0867993
0.227433
-0.109778
-0.0801158
0.139594
-0.17084
0.0903813
0.079885
-0.0605506
0.214843
-0.109881
-0.119857
0.126325
-0.166462
0.0850757
0.0785171
-0.081763
0.19577
-0.108617
-0.132416
0.169646
-0.145835
0.0578425
0.100543
-0.0775142
0.186382
-0.11328
-0.103592
0.0763716
-0.176529
