0.904879
0.186293
0.184948
-0.0930666
-0.103653
0.232031
-0.128352
-0.0375393
0.0462903
-0.189476
0.142942
-0.0211548
-0.0821763
0.239528
-0.106341
-0.0397517
0.0747359
-0.179269
0.1283
0.00362754
-0.0733162
0.231518
-0.112015
-0.0500574
0.109487
-0.180621
0.126808
-0.0241548
-0.0865028
0.235855
-0.106688
-0.0294668
0.0346893
-0.183601
0.142372
0.0079747
-0.0703162
0.233855
-0.106035
-0.0334357
0.117886
-0.178621
0.110238
0.0155031
-0.0904353
0.224689
-0.104341
-0.0569849
0.0749275
-0.174554
0.1283
-0.004331
-0.066083
0.23857
-0.106699
-0.0264771
0.0128241
-0.189419
0.152036
-0.0430408
-0.0448759
0.242891
-0.0952324
0.0224296
-0.0206991
-0.182539
0.178497
-0.0668438
-0.0527257
0.234321
-0.0853775
0.0397974
-0.0697042
-0.174005
0.194694
-0.070507
-0.0872334
0.234725
-0.115751
-0.0735859
0.179264
-0.161409
0.02516
0.162829
-0.0684349
0.161124
-0.11417
-0.119296
0.139088
-0.167828
0.131947
-0.0916779
-0.0280678
0.247886
-0.0831029
0.068357
-0.093046
-0.183907
0.203715
-0.0940147
-0.0380263
0.219958
-0.110808
0.053642
-0.0101964
-0.195171
0.175098
-0.0658334
-0.0261973
0.243813
-0.0993361
0.0138389
-0.0240981
-0.190813
0.170466
-0.0764863
-0.0507983
0.247964
-0.103201
-0.00249788
0.0335184
-0.181368
0.160341
-0.0605588
-0.0530003
0.247554
-0.088906
0.0294296
-0.0727249
-0.186943
