2.3624
0.194622
-0.0387082
-0.199942
0.177545
-0.0415732
-0.159574
0.215213
-0.118148
-0.0553982
0.0283174
-0.217672
0.128897
0.0233282
-0.0711439
0.243809
-0.121117
-0.0633878
0.086965
-0.189667
0.12655
0.0448774
-0.0719677
0.23642
-0.117148
-0.0902116
0.0297008
-0.201273
0.133591
0.00145261
-0.0507606
0.254669
-0.107894
-0.0141858
0.0740221
-0.201537
0.131234
-0.00451629
-0.0670559
0.248597
-0.118169
-0.0918645
0.0936851
-0.183522
0.108602
0.0251935
-0.0607864
0.242524
-0.116506
-0.0586935
0.0896282
-0.186667
0.126234
-0.0115059
-0.0743927
0.248229
-0.0999151
-0.00750187
0.0365766
-0.188247
0.158685
-0.0634592
-0.05131
0.250633
-0.095796
0.0247935
-0.032874
-0.20447
0.175462
-0.0780187
-0.0371805
0.250809
-0.0763193
0.0700888
-0.0117289
-0.204102
0.159861
-0.0210966
-0.10731
0.227125
-0.106936
-0.162388
0.188913
-0.13505
0.0361561
0.144748
-0.0821539
0.180078
-0.126221
-0.110782
-0.0447344
-0.20476
0.172286
-0.0593762
-0.0400561
0.253716
-0.0862053
0.0550577
-0.0230657
-0.209797
0.174767
-0.0886197
-0.080709
0.247529
-0.114661
-0.0125122
-0.0078793
-0.214781
0.162296
-0.0564488
-0.083113
0.255343
-0.110547
-0.018849
-0.0178586
-0.218822
0.15898
-0.0302779
-0.0822322
0.25126
-0.121801
-0.0517765
0.0257061
-0.201133
0.150602
-0.0375939
-0.0554187
0.25912
-0.0903555
0.0244359
