1.63237
0.188761
0.151065
-0.159001
0.00968143
0.168091
-0.156447
0.0828731
-0.0924314
-0.186235
0.180288
-0.13425
-0.0215724
0.231226
-0.0792501
0.0937851
-0.0755868
-0.183417
0.196806
-0.108556
-0.0171423
0.237501
-0.0811775
0.0768266
-0.0402139
-0.19038
0.16508
-0.12726
-0.0109196
0.212055
-0.0645092
0.127153
-0.109918
-0.160883
0.203127
-0.125597
-0.00295068
0.197853
-0.0775818
0.11651
-0.0512915
-0.192556
0.187376
-0.113861
-0.0311113
0.212542
-0.0723744
0.096868
-0.0746179
-0.175437
0.186246
-0.121597
0.00436537
0.184967
-0.0876543
0.124785
-0.111571
-0.155261
0.187262
-0.137354
0.0398109
0.131211
-0.0802659
0.168573
-0.120027
-0.135184
0.144718
-0.160685
0.0534534
0.0981331
-0.0739344
0.187676
-0.116996
-0.089422
0.156019
-0.166747
0.0289146
0.1699
-0.116717
0.0785727
0.00750624
-0.215525
0.148769
-0.0117889
-0.0501783
0.241816
-0.103027
0.0104794
-0.0289446
-0.191447
0.116194
-0.152773
0.0553601
0.146273
-0.0719291
0.183868
-0.122913
-0.112044
0.172791
-0.162898
0.0487383
0.101449
-0.117349
0.164112
-0.103405
-0.159945
0.169671
-0.14511
0.044127
0.154454
-0.103976
0.127847
-0.111255
-0.160557
0.161018
-0.15511
0.0288213
0.184869
-0.0987165
0.109837
-0.0805039
-0.173867
0.180666
-0.134271
0.016241
0.181775
-0.0761362
0.140837
-0.12511
-0.140805
