2.41267
0.192147
-0.0182601
-0.200649
0.164863
-0.0196744
-0.166965
0.204827
-0.122084
-0.0729553
0.054439
-0.20741
0.120267
0.0488695
-0.0791673
0.229423
-0.125736
-0.086577
0.117351
-0.178353
0.11591
0.073398
-0.0776439
0.218392
-0.117819
-0.10838
0.0511488
-0.193685
0.119646
0.0405535
-0.063302
0.241179
-0.118757
-0.055691
0.114916
-0.190089
0.11091
0.0259525
-0.0670585
0.236895
-0.119135
-0.112706
0.12905
-0.170514
0.0903295
0.0619472
-0.0630532
0.224475
-0.121146
-0.0772299
0.113413
-0.175089
0.114635
0.0179836
-0.0866803
0.232791
-0.113135
-0.0490071
0.0754805
-0.184441
0.142288
-0.0292857
-0.0586079
0.249817
-0.105933
-0.00977397
-0.00285607
-0.202094
0.15977
-0.0548038
-0.0515199
0.254288
-0.0824359
0.039511
0.0173201
-0.197105
0.150516
0.0164033
-0.113924
0.205413
-0.0963427
-0.180463
0.198045
-0.11427
0.0213555
0.178133
-0.0817679
0.154091
-0.122975
-0.132204
-0.0720894
-0.200841
0.178055
-0.066954
-0.0384112
0.253475
-0.0848557
0.0561224
-0.017716
-0.210701
0.177107
-0.0895343
-0.081349
0.251563
-0.11326
-0.0118051
-0.00185607
-0.209053
0.166677
-0.0547209
-0.0840587
0.255713
-0.109166
-0.0194579
-0.00820323
-0.21339
0.160024
-0.0262443
-0.0828203
0.248967
-0.124084
-0.058375
0.0323407
-0.196701
0.153298
-0.0252546
-0.0536286
0.25748
-0.0859955
0.025511
