-0.904879
0.177152
-0.0612482
0.234824
-0.120817
-0.0510722
0.19069
-0.125294
0.103011
0.0369236
-0.0676935
0.216104
-0.105796
-0.0904659
0.0888764
-0.168361
0.0923785
0.0441464
-0.10275
0.185275
-0.110185
-0.100077
0.0997417
-0.169563
0.0657774
0.085426
-0.0343618
0.214451
-0.106807
-0.0692431
0.0267004
-0.184849
0.126695
-0.0199986
-0.103015
0.212104
-0.107143
-0.0592949
0.0436901
-0.189398
0.0914614
0.0636644
-0.0747193
0.204306
-0.10546
-0.0758752
0.0637884
-0.18619
0.098337
0.0156801
-0.0910614
0.208705
-0.106796
-0.0496835
0.0593533
-0.173398
0.132
-0.0279156
-0.0838646
0.227218
-0.0925321
-0.00613435
-0.0136465
-0.186051
0.163104
-0.0566565
-0.0536368
0.235887
-0.0966358
0.0131299
-0.0400402
-0.197268
0.158513
-0.0878896
-0.0661187
0.235234
-0.104605
-0.0330203
0.0995657
-0.175781
0.0522593
0.160224
-0.0990299
0.110814
-0.109843
-0.141694
0.1567
-0.143708
0.0527152
0.0744468
-0.00955873
0.24585
-0.0897652
-0.0210929
-0.0173927
-0.191999
0.170011
-0.0645321
-0.0802689
0.248332
-0.0997756
-0.00621728
0.0507264
-0.177279
0.141705
-0.00599856
-0.0684553
0.235218
-0.0944803
-0.0310411
0.0677522
-0.185325
0.120959
-0.0037447
-0.0624345
0.236565
-0.0977963
-0.0512949
0.0762289
-0.182201
0.104
0.0395868
-0.0640303
0.224083
-0.0984492
-0.0532949
0.033773
-0.185512
0.139622
-0.0351488
