2.26185
0.179892
0.00101356
-0.186888
0.140215
-0.00502241
-0.168173
0.190033
-0.105318
-0.0871425
0.0677542
-0.186406
0.0990178
0.0605215
-0.0840385
0.213282
-0.11096
-0.0938161
0.126086
-0.150452
0.103039
0.0724697
-0.0822923
0.204629
-0.099074
-0.107293
0.0569459
-0.179427
0.105365
0.0350138
-0.0666759
0.233091
-0.0970015
-0.0512773
0.112775
-0.167945
0.105018
0.0307081
-0.0842873
0.218712
-0.0983797
-0.120567
0.122837
-0.154655
0.0767536
0.0620292
-0.0730074
0.207355
-0.102074
-0.0864171
0.111832
-0.156535
0.105039
0.0194231
-0.0929919
0.219681
-0.0950429
-0.0499198
0.071319
-0.166276
0.141671
-0.0307736
-0.0729299
0.236339
-0.091473
-0.0137074
-0.00536469
-0.189551
0.155785
-0.0529757
-0.0621684
0.243811
-0.0636492
0.0412408
0.0155058
-0.188551
0.138215
0.00823145
-0.123961
0.190987
-0.0819135
-0.171448
0.192977
-0.102789
0.00380034
0.169563
-0.0818257
0.135749
-0.109271
-0.135433
-0.00464478
-0.186748
0.155893
-0.0110793
-0.0665413
0.247288
-0.0874108
-0.00443279
0.0315213
-0.198587
0.150282
-0.0353435
-0.112132
0.237396
-0.0992864
-0.0662358
0.0427077
-0.190992
0.138914
0.000428401
-0.108515
0.225334
-0.107276
-0.0745726
0.0287388
-0.19738
0.131282
0.0212625
-0.103349
0.218977
-0.10995
-0.0938161
0.0690495
-0.179416
0.124925
0.0112936
-0.0811993
0.23908
-0.085359
-0.0160545
