3.31754
0.183206
-0.112052
-0.0736747
0.195134
-0.148751
-0.00835354
0.109761
-0.0969537
0.154678
-0.122197
-0.144618
0.171688
-0.15528
0.0379676
0.146652
-0.10384
0.148615
-0.10429
-0.160726
0.164196
-0.146617
0.0310505
0.164813
-0.102663
0.129299
-0.124627
-0.14027
0.171372
-0.151311
0.0602215
0.11431
-0.0882543
0.182729
-0.0991968
-0.148809
0.153025
-0.15372
0.0526204
0.14143
-0.120503
0.119678
-0.102813
-0.15797
0.176766
-0.13987
0.0399987
0.162233
-0.0917775
0.148646
-0.101321
-0.148757
0.143382
-0.155772
0.0476619
0.103248
-0.082643
0.187097
-0.110798
-0.112426
0.0910148
-0.175596
0.0975479
0.044207
-0.0872442
0.209926
-0.11242
-0.0899078
0.0961806
-0.168026
0.117201
0.0293936
-0.0512702
0.235165
-0.107104
-0.0769389
0.142688
-0.167705
0.033807
0.17473
-0.130425
0.0511076
-0.025622
-0.195628
0.166776
-0.0931657
-0.0357161
0.226522
-0.0829586
0.108154
-0.135606
-0.0325659
0.000144644
-0.217425
0.151139
-0.0506476
-0.0490165
0.249813
-0.112492
-0.0205659
0.0201032
-0.196078
0.143284
-0.0408135
-0.103928
0.239367
-0.10801
-0.0478094
0.00731558
-0.211669
0.129569
0.0184973
-0.0762495
0.23403
-0.107041
-0.0451359
0.0497715
-0.209684
0.112506
0.0399946
-0.101255
0.210854
-0.121663
-0.0681151
0.0625745
-0.194928
0.123149
-0.0020519
-0.0465708
0.2433
