4.47395
0.193313
-0.0958119
0.133161
-0.033905
-0.171885
0.196814
-0.0862934
-0.0431392
0.235586
-0.0823402
0.0562234
-0.03533
-0.201522
0.178239
-0.0733349
-0.0553205
0.22583
-0.108542
0.0231923
-0.0434441
-0.205817
0.172892
-0.0634075
-0.07745
0.240866
-0.0685215
0.0592027
-0.0435943
-0.192647
0.17271
-0.0996302
-0.0203258
0.20098
-0.113558
0.0435706
-0.058615
-0.189066
0.182721
-0.0833349
-0.0739422
0.243286
-0.0957443
0.0258452
-0.0222006
-0.188418
0.176596
-0.0667235
-0.0492894
0.222198
-0.105594
0.0358348
-0.0662471
-0.18216
0.190099
-0.0949256
-0.0100408
0.198737
-0.103335
0.0871197
-0.097791
-0.168626
0.181451
-0.125325
0.0196793
0.16753
-0.0871487
0.130223
-0.099278
-0.14916
0.162089
-0.141827
0.0455445
0.110364
-0.127491
0.131845
-0.0614439
-0.18204
0.196508
-0.0601121
-0.106927
0.237964
-0.11219
-0.0851081
0.0572809
-0.179781
0.131052
-0.0181071
-0.06874
0.251332
-0.0637235
0.0883425
-0.106351
-0.210175
0.178856
-0.134159
0.0178917
0.185488
-0.120858
0.0987311
-0.090076
-0.182206
0.208529
-0.114444
-0.0420512
0.230742
-0.0976977
0.0651094
-0.0962418
-0.202051
0.201384
-0.0868841
-0.0345589
0.234017
-0.0913506
0.0707726
-0.0769776
-0.212527
0.19228
-0.079252
-0.0653412
0.239053
-0.0984697
0.044099
-0.0671642
-0.199118
0.184353
-0.103537
-0.0054709
0.202125
