0.904879
0.191009
0.18492
-0.0977161
-0.0947535
0.242055
-0.136623
-0.0366397
0.0416822
-0.197841
0.147536
-0.0148147
-0.0798466
0.244164
-0.116602
-0.0418521
0.0730967
-0.184286
0.138873
0.0146516
-0.0587015
0.239889
-0.123286
-0.052821
0.105521
-0.189302
0.128075
-0.025794
-0.0809088
0.243858
-0.11098
-0.0192511
0.0178688
-0.190763
0.153671
0.00139769
-0.062458
0.244226
-0.113317
-0.0311993
0.108309
-0.188354
0.114842
0.0115583
-0.082546
0.228744
-0.120286
-0.0584428
0.0616977
-0.185307
0.135231
-0.00726552
-0.0542145
0.243982
-0.118338
-0.0196086
-0.00069073
-0.197214
0.161987
-0.0509442
-0.0410074
0.248925
-0.0972291
0.0326763
-0.0318978
-0.192302
0.178143
-0.0678509
-0.0444582
0.232386
-0.0950582
0.0400649
-0.0842812
-0.17879
0.198023
-0.0774726
-0.0743753
0.245454
-0.123043
-0.0723391
0.172993
-0.167794
0.0383965
0.15762
-0.0685456
0.173759
-0.119747
-0.11707
0.13449
-0.175867
0.132236
-0.0857058
-0.016106
0.260879
-0.0800686
0.0772877
-0.0893381
-0.182935
0.205371
-0.0960115
-0.0257899
0.230993
-0.110457
0.0615727
-0.0147838
-0.194924
0.182417
-0.0711151
-0.019308
0.248195
-0.107649
0.0200649
-0.0227062
-0.189862
0.176775
-0.081768
-0.0286552
0.252796
-0.106597
0.0140753
0.0226875
-0.188162
0.167314
-0.0635141
-0.0371422
0.250671
-0.0912913
0.0453395
-0.0779237
-0.184738
