2.66403
0.190882
-0.0870884
-0.187612
0.207252
-0.0817722
-0.142151
0.216382
-0.0932334
-0.00121387
-0.0405084
-0.211529
0.166625
-0.0453578
-0.0712033
0.245957
-0.098508
-0.00359212
0.0304656
-0.173177
0.168636
-0.0291039
-0.0763846
0.241211
-0.095508
-0.0350791
-0.0443996
-0.198172
0.167677
-0.0586427
-0.0520635
0.244165
-0.0880106
0.0267239
0.0107351
-0.198617
0.158941
-0.0599795
-0.061022
0.245092
-0.101897
-0.0400584
0.0295122
-0.182653
0.145941
-0.0345132
-0.0584675
0.247978
-0.0912126
-0.00519314
0.0098646
-0.186249
0.160646
-0.0679484
-0.0700324
0.234439
-0.0794096
0.0403975
-0.0319746
-0.180747
0.17618
-0.0984769
-0.0258253
0.215336
-0.0844356
0.0803457
-0.0784978
-0.186866
0.185662
-0.110109
-0.0109807
0.209522
-0.0606844
0.127682
-0.0613423
-0.180887
0.191672
-0.0719484
-0.0926023
0.240905
-0.0998344
-0.109716
0.144045
-0.151311
0.0789414
0.0642896
-0.087032
0.216765
-0.105689
-0.0594159
-0.110182
-0.18569
0.185579
-0.103435
-0.0175818
0.205807
-0.0689693
0.117335
-0.0683527
-0.18755
0.189315
-0.116384
-0.0548149
0.211864
-0.0996376
0.0483664
-0.0647466
-0.196618
0.178853
-0.101119
-0.0619962
0.241595
-0.0814407
0.0486928
-0.0770108
-0.199037
0.181537
-0.0941504
-0.06725
0.243849
-0.0959795
0.0124079
-0.0490368
-0.189757
0.180781
-0.0894665
-0.0443537
0.228434
-0.0610366
0.0907136
