1.05571
0.182422
0.175056
-0.105197
-0.0801929
0.230843
-0.130176
-0.0223019
0.0188077
-0.192783
0.144651
-0.0345183
-0.0690529
0.242931
-0.102135
-0.0215143
0.0409682
-0.182301
0.134682
-0.018337
-0.0599389
0.234963
-0.105839
-0.0341153
0.0843101
-0.184234
0.130822
-0.0325183
-0.0644001
0.236994
-0.0935752
0.00942352
-0.0175342
-0.185177
0.162133
-0.033508
-0.0531358
0.23775
-0.100249
-0.00652465
0.0854863
-0.182327
0.121263
-0.0133889
-0.0738145
0.230185
-0.101829
-0.0317785
0.0498335
-0.176881
0.136988
-0.0206324
-0.0493586
0.235393
-0.104891
-0.00556611
-0.0156275
-0.186115
0.160439
-0.0590364
-0.0304572
0.233388
-0.0884872
0.0424028
-0.0455393
-0.182172
0.1779
-0.0765856
-0.036908
0.216502
-0.0879691
0.0520971
-0.094249
-0.168312
0.190149
-0.0839431
-0.0598147
0.236232
-0.116912
-0.0546956
0.156118
-0.167347
0.0440814
0.145305
-0.0643736
0.168823
-0.111249
-0.104405
0.126533
-0.167042
0.120035
-0.103145
-0.0135557
0.232035
-0.0753889
0.0890142
-0.10098
-0.175447
0.189517
-0.111156
-0.0251982
0.202118
-0.114052
0.0599623
-0.0288139
-0.190405
0.165206
-0.0812799
-0.0196749
0.224932
-0.106213
0.0211178
-0.0416948
-0.190363
0.161206
-0.0912488
-0.0366541
0.233787
-0.106425
0.00978104
0.0109735
-0.183622
0.148765
-0.0793214
-0.0388769
0.231398
-0.0914872
0.040066
-0.0879952
-0.182167
