1.65787
0.186184
0.115373
-0.167927
0.0310253
0.133746
-0.166699
0.105533
-0.093932
-0.179658
0.166808
-0.13902
0.00336209
0.203238
-0.0835125
0.118803
-0.0930046
-0.180943
0.195958
-0.105947
0.0167611
0.204933
-0.0838493
0.110181
-0.063559
-0.18499
0.154673
-0.133378
0.0106989
0.187689
-0.0800048
0.139129
-0.0972066
-0.166109
0.201756
-0.1156
0.00576108
0.180668
-0.0830151
0.131823
-0.0534865
-0.197907
0.189383
-0.103538
-0.0286948
0.209233
-0.0789995
0.0998336
-0.0758751
-0.175114
0.190601
-0.112927
0.0117403
0.17872
-0.101953
0.12473
-0.0979113
-0.163772
0.186513
-0.128989
0.0468387
0.131933
-0.0885438
0.176497
-0.105652
-0.137746
0.135735
-0.157056
0.0611548
0.0902334
-0.0846009
0.198601
-0.099621
-0.0850056
0.143435
-0.161844
0.0363206
0.157337
-0.123761
0.0835694
0.00458589
-0.218528
0.155756
-0.0156885
-0.0588344
0.240476
-0.0920511
0.0175487
-0.0501292
-0.198228
0.0797767
-0.162668
0.0892842
0.0971143
-0.0840103
0.217212
-0.104802
-0.0904149
0.135487
-0.169538
0.0870304
0.0592595
-0.128052
0.198435
-0.096222
-0.145705
0.140979
-0.157647
0.0776936
0.111275
-0.114026
0.163507
-0.107714
-0.149
0.127347
-0.167352
0.0643983
0.139373
-0.105471
0.152497
-0.0958283
-0.161814
0.162668
-0.144777
0.0527869
0.136964
-0.0812381
0.18915
-0.10558
-0.111586
