-1.48373
0.18475
-0.0870622
0.147419
-0.0590049
-0.159705
0.197113
-0.101538
-0.0162443
0.210735
-0.0789065
0.0893463
-0.0596008
-0.182456
0.171336
-0.103274
-0.0264982
0.201357
-0.102476
0.0676209
-0.0550412
-0.181384
0.165999
-0.100316
-0.0493427
0.226362
-0.069352
0.0799992
-0.0603055
-0.17614
0.168725
-0.109285
-0.00563292
0.184953
-0.117948
0.0589888
-0.0670412
-0.168845
0.175745
-0.103621
-0.0553427
0.225005
-0.0981965
0.038652
-0.0339843
-0.177156
0.165243
-0.0896628
-0.0340266
0.205559
-0.103383
0.0543049
-0.0707045
-0.172845
0.176388
-0.103274
-0.00328577
0.185953
-0.0963884
0.0903256
-0.107005
-0.146026
0.167834
-0.134051
0.0271183
0.151756
-0.0795595
0.129797
-0.105544
-0.128508
0.146113
-0.149228
0.0582996
0.0830207
-0.117026
0.139787
-0.0773002
-0.167778
0.190144
-0.0743986
-0.0889591
0.225632
-0.118233
-0.057436
0.041663
-0.175917
0.131963
-0.0379634
-0.0511819
0.235388
-0.0276992
0.139579
-0.125611
-0.16456
0.152253
-0.157388
0.0618177
0.114285
-0.108871
0.154673
-0.115632
-0.132664
0.194253
-0.144569
0.0173722
0.179601
-0.0809947
0.132326
-0.118062
-0.157498
0.191056
-0.133212
0.0124447
0.179539
-0.0716786
0.138683
-0.106766
-0.171679
0.186595
-0.126538
-0.0153791
0.202186
-0.081663
0.109274
-0.104228
-0.163311
0.169046
-0.140285
0.0422892
0.140974
