-1.48373
0.183711
-0.0964953
0.14426
-0.061438
-0.158516
0.19967
-0.100982
-0.015035
0.207976
-0.0866764
0.0828821
-0.0514537
-0.186143
0.171483
-0.0937384
-0.0295427
0.206494
-0.104847
0.0575038
-0.0538837
-0.187102
0.168473
-0.0897695
-0.0470815
0.228224
-0.0740909
0.0722085
-0.0475262
-0.178459
0.170188
-0.103381
-0.0163407
0.192701
-0.117625
0.0462189
-0.0645781
-0.173216
0.172913
-0.0984224
-0.0557551
0.22553
-0.105925
0.0348199
-0.0258061
-0.176547
0.166758
-0.0861063
-0.0298173
0.209116
-0.101827
0.0598303
-0.0694537
-0.169656
0.179618
-0.102718
-0.000750022
0.187846
-0.102801
0.0894935
-0.108428
-0.152796
0.162369
-0.135516
0.0336333
0.151028
-0.0856766
0.132302
-0.109935
-0.128677
0.150333
-0.149987
0.0604882
0.085914
-0.120449
0.138312
-0.0837126
-0.169936
0.193354
-0.0798006
-0.0864752
0.232525
-0.123624
-0.0592681
0.0312817
-0.18176
0.134499
-0.0460183
-0.0447395
0.237017
-0.0132567
0.155841
-0.126992
-0.142833
0.144038
-0.163966
0.0749959
0.0887223
-0.110889
0.17025
-0.118666
-0.115263
0.188996
-0.14879
0.0298872
0.15967
-0.0806455
0.144913
-0.120453
-0.141076
0.185452
-0.141738
0.0279079
0.164292
-0.0769512
0.149892
-0.108811
-0.1609
0.186255
-0.127707
-0.000221568
0.185929
-0.0783138
0.13083
-0.110536
-0.152258
0.162105
-0.146495
0.0584364
0.10881
