4.47395
0.178471
-0.0796903
0.120754
-0.0299492
-0.163711
0.174723
-0.0797262
-0.0362506
0.223413
-0.0723636
0.0557959
-0.0326281
-0.186432
0.157884
-0.0810527
-0.0495252
0.210382
-0.0936382
0.0360912
-0.0307214
-0.186043
0.15421
-0.0681356
-0.0696443
0.227081
-0.0648817
0.0494591
-0.0286799
-0.178095
0.153946
-0.0950319
-0.0310382
0.197967
-0.106763
0.0291223
-0.0400582
-0.17382
0.159967
-0.081747
-0.0747169
0.224439
-0.0937573
0.0137648
-0.00530693
-0.175836
0.153495
-0.0614827
-0.0483801
0.217278
-0.0899025
0.0344177
-0.0403431
-0.173514
0.16363
-0.0910112
-0.0190901
0.197724
-0.0898974
0.0750394
-0.0908455
-0.163748
0.164299
-0.120358
-0.000665277
0.173403
-0.0756073
0.104153
-0.0874362
-0.150504
0.158444
-0.127757
0.0268528
0.131175
-0.104898
0.107796
-0.0496021
-0.179406
0.169019
-0.0492289
-0.105313
0.210812
-0.109928
-0.0891988
0.0712368
-0.170229
0.102645
-0.000969937
-0.0644006
0.229801
-0.0441667
0.0946404
-0.102649
-0.184136
0.173837
-0.12754
0.019117
0.173947
-0.10025
0.103019
-0.0827315
-0.155473
0.196868
-0.115498
-0.0319088
0.223599
-0.079089
0.0720394
-0.0898663
-0.180644
0.18505
-0.0926018
-0.024774
0.216936
-0.073488
0.0833762
-0.074887
-0.190836
0.178956
-0.0836329
-0.0519035
0.229625
-0.0789025
0.0633244
-0.0613689
-0.180743
0.170008
-0.108244
0.00564041
0.185055
