3.87051
0.168519
-0.093398
0.0232071
0.0906896
-0.159414
0.0880412
-0.00737746
-0.0751708
0.208907
-0.103517
-0.0469224
0.0869071
-0.17446
0.101414
0.0260008
-0.0859634
0.19714
-0.109496
-0.0642074
0.0901091
-0.168409
0.0911396
0.0444878
-0.095725
0.186026
-0.102864
-0.0508913
0.0818967
-0.172491
0.113046
-0.000781529
-0.0702952
0.207337
-0.110538
-0.0671763
0.0794666
-0.163502
0.107129
0.0203687
-0.107564
0.179751
-0.109559
-0.0754509
0.112555
-0.15359
0.0990981
0.0432236
-0.0778598
0.19514
-0.106854
-0.0605338
0.0546429
-0.169688
0.111834
-0.0104655
-0.0583988
0.214746
-0.104569
-0.0230261
-0.00576629
-0.178259
0.142917
-0.055113
-0.053171
0.214995
-0.0967348
0.00627964
0.00766379
-0.161658
0.151989
-0.0597451
-0.0227047
0.204643
-0.108553
0.00994285
0.0541093
-0.173906
0.101642
0.0630266
-0.127067
0.127668
-0.0845846
-0.152736
0.153907
-0.131325
0.0332536
0.123384
-0.0737041
0.176176
-0.0888953
0.0291138
-0.0528179
-0.195062
0.163958
-0.0958124
-0.0256789
0.211083
-0.106585
0.0361656
-0.0382169
-0.170083
0.170399
-0.0885378
-0.0717047
0.22528
-0.0930094
0.0195335
-0.0476055
-0.191989
0.159958
-0.0480819
-0.052487
0.227259
-0.0903358
0.0188807
-0.0157817
-0.196709
0.146528
-0.0295327
-0.0768704
0.218368
-0.101211
0.000523132
5.24107e-05
-0.183279
0.150528
-0.0673151
-0.0284301
0.215254
