1.25688
0.186883
0.175555
-0.136869
-0.0358392
0.205446
-0.145455
0.0332177
-0.0454134
-0.189782
0.169953
-0.0958069
-0.0466008
0.243736
-0.0910142
0.0387515
-0.0282424
-0.182647
0.175228
-0.0781747
-0.0401914
0.236104
-0.0947189
0.0367618
0.00855025
-0.191305
0.15843
-0.0974286
-0.0433158
0.231177
-0.0828432
0.0673939
-0.0708589
-0.177093
0.193057
-0.0821436
-0.0299479
0.227912
-0.0908536
0.0537618
0.00300106
-0.19703
0.161083
-0.0755219
-0.0521085
0.229368
-0.0894132
0.0381297
-0.031916
-0.179015
0.173606
-0.0894804
-0.0243469
0.220679
-0.0972422
0.0666893
-0.0844392
-0.168585
0.189865
-0.113071
0.00566853
0.188167
-0.0777605
0.120109
-0.102444
-0.15558
0.171197
-0.134227
0.0189017
0.153467
-0.0787554
0.137845
-0.122615
-0.121279
0.182835
-0.140289
-0.00563716
0.210643
-0.117009
0.0288344
0.0691563
-0.200408
0.113663
0.0446488
-0.0553776
0.222513
-0.111071
-0.0321242
0.0333376
-0.1783
0.139757
-0.12405
0.0258291
0.201291
-0.0714548
0.139057
-0.117574
-0.144155
0.196912
-0.135776
0.0151866
0.163089
-0.107864
0.120005
-0.0732111
-0.171626
0.187549
-0.114418
0.0149535
0.20283
-0.0992371
0.0854147
-0.0807241
-0.174227
0.177223
-0.122765
-0.00398432
0.218286
-0.0963977
0.0687618
-0.0463304
-0.180875
0.179995
-0.106387
-0.0105542
0.220192
-0.0781024
0.0993836
-0.114791
-0.159948
