-3.58047e-15
0.197659
0.0640252
0.113902
-0.156393
0.135989
0.00171042
-0.141135
0.189668
-0.133481
0.00432585
0.21657
-0.10031
0.0957767
-0.089419
-0.18913
0.198207
-0.131714
-0.0268865
0.228617
-0.087502
0.0901342
-0.0881341
-0.199047
0.193471
-0.115124
0.00971447
0.205295
-0.104046
0.113367
-0.102222
-0.177358
0.190424
-0.141481
-0.0195912
0.227015
-0.0842274
0.113725
-0.106875
-0.185347
0.210606
-0.107807
-0.0277103
0.220565
-0.107745
0.0843466
-0.100041
-0.196834
0.190227
-0.132429
-0.0136016
0.208813
-0.0847197
0.131378
-0.0892014
-0.169011
0.178191
-0.151543
0.0142118
0.167933
-0.0728908
0.173808
-0.118543
-0.137824
0.163342
-0.167782
0.0576885
0.142389
-0.0898339
0.178502
-0.123175
-0.131897
0.110021
-0.183818
0.0630978
0.127788
-0.127414
0.133828
-0.0577455
-0.205218
0.188714
-0.0209268
-0.0824095
0.244663
-0.112471
-0.00883471
0.0174511
-0.204254
0.169994
-0.101408
0.0777403
0.121575
-0.0717977
0.210911
-0.135315
-0.109177
0.110943
-0.203839
0.0875433
0.117415
-0.0894817
0.214145
-0.118999
-0.123011
0.193689
-0.173269
0.0592273
0.15241
-0.0685697
0.195227
-0.110849
-0.161342
0.174419
-0.167595
0.0582584
0.145757
-0.0878443
0.176196
-0.109605
-0.170575
0.200518
-0.145787
0.0324346
0.166425
-0.0845851
0.165471
-0.123227
-0.142814
0.123518
-0.183663
