-0.251348
0.192324
0.0289404
0.156123
-0.148903
0.0877799
0.0442575
-0.144582
0.18879
-0.095825
-0.0192667
0.234231
-0.0993018
0.0469457
-0.0638097
-0.195017
0.188749
-0.091825
-0.047764
0.240962
-0.0875246
0.0386608
-0.0602295
-0.202251
0.178381
-0.0776022
-0.0167951
0.2292
-0.100639
0.0565571
-0.0819703
-0.190888
0.190863
-0.109447
-0.0511941
0.240329
-0.0868821
0.058241
-0.0806439
-0.196847
0.191474
-0.0643173
-0.0458831
0.239868
-0.101411
0.0282514
-0.0725144
-0.210629
0.181013
-0.0994571
-0.0508055
0.232013
-0.0829547
0.07521
-0.0732449
-0.183909
0.181956
-0.123467
-0.0200854
0.20048
-0.0697579
0.131557
-0.108442
-0.163437
0.179676
-0.138265
0.0289819
0.180641
-0.0873539
0.14022
-0.118675
-0.156909
0.132029
-0.162566
0.0286762
0.162387
-0.119323
0.0926193
-0.0274315
-0.206126
0.165034
0.0218173
-0.0949087
0.217899
-0.115131
-0.0498884
0.0566407
-0.187478
0.150376
-0.0586748
0.0609354
0.165408
-0.0632762
0.168661
-0.127203
-0.136463
0.144184
-0.168882
0.0491943
0.155604
-0.0856441
0.171547
-0.104581
-0.148593
0.203044
-0.142804
0.0232565
0.178651
-0.0644886
0.152345
-0.100105
-0.175334
0.183542
-0.140499
0.0269301
0.172366
-0.0794679
0.136671
-0.0958717
-0.178577
0.202049
-0.11711
0.0058006
0.184423
-0.0809238
0.123956
-0.11382
-0.158468
0.153189
-0.150431
