0.904879
0.197903
0.176678
-0.0526577
-0.133135
0.243414
-0.112041
-0.0742288
0.0972016
-0.199088
0.125144
0.0479846
-0.0951248
0.23531
-0.119989
-0.0918713
0.115668
-0.190269
0.104553
0.0697254
-0.0826118
0.224341
-0.125367
-0.104146
0.150062
-0.185642
0.115703
0.0383732
-0.0975238
0.237984
-0.111357
-0.0566589
0.0598701
-0.200777
0.132942
0.0542592
-0.0784823
0.240383
-0.122652
-0.078291
0.157564
-0.180052
0.0928901
0.0723161
-0.100467
0.21688
-0.121031
-0.102799
0.114248
-0.183269
0.1089
0.0528291
-0.075788
0.239719
-0.121
-0.0653429
0.0502173
-0.205808
0.140227
-0.00735729
-0.0534618
0.258745
-0.110471
-0.00552946
0.00817604
-0.210653
0.173289
-0.0300981
-0.0623323
0.248523
-0.106932
0.0131234
-0.0480933
-0.208161
0.18616
-0.0443935
-0.105534
0.247569
-0.118399
-0.113379
0.202025
-0.151362
0.00863111
0.208958
-0.0841502
0.147325
-0.104036
-0.161565
0.170694
-0.168269
0.117926
-0.00499976
-0.0620835
0.264978
-0.115694
-0.0129077
-0.0167099
-0.220788
0.168994
-0.0195282
-0.07284
0.25502
-0.125051
-0.0278662
0.0876474
-0.205
0.139828
0.015223
-0.0569488
0.258305
-0.12302
-0.0733014
0.0667354
-0.204653
0.137501
0.00492767
-0.074928
0.253559
-0.120684
-0.0772703
0.114119
-0.189342
0.119849
0.018425
-0.0727829
0.246201
-0.120378
-0.0464154
0.00193763
-0.212223
