2.51322
0.186551
-0.0312628
-0.19447
0.166576
-0.0247185
-0.16802
0.198161
-0.105926
-0.0638854
0.0351618
-0.199967
0.128653
0.0319187
-0.0813254
0.229104
-0.108558
-0.0645797
0.0968508
-0.159035
0.135695
0.0369083
-0.0852736
0.220767
-0.103957
-0.0854138
0.0273535
-0.192641
0.130021
0.0206337
-0.0674809
0.238208
-0.0989463
-0.0369787
0.0884053
-0.17776
0.126674
0.00735915
-0.0732167
0.235229
-0.103946
-0.0937092
0.0969285
-0.164542
0.109389
0.0311207
-0.067999
0.225861
-0.103977
-0.0582118
0.0700063
-0.17119
0.137368
-0.00984288
-0.088626
0.229218
-0.0976717
-0.0226833
0.033452
-0.176247
0.16241
-0.051848
-0.055849
0.237959
-0.0902055
0.0169177
-0.0286514
-0.196418
0.172177
-0.067765
-0.0473516
0.239084
-0.0700345
0.0648555
-0.011128
-0.193439
0.165239
-0.0131175
-0.113543
0.213462
-0.0947236
-0.159927
0.187218
-0.119112
0.033301
0.137379
-0.0931022
0.163762
-0.114692
-0.113289
-0.101517
-0.194869
0.18385
-0.0793142
-0.0332118
0.224333
-0.0778636
0.0828037
-0.053786
-0.199139
0.187943
-0.0969152
-0.070476
0.226094
-0.104594
0.0118969
-0.0469053
-0.201196
0.176187
-0.0820085
-0.077647
0.246866
-0.089449
0.0115705
-0.0505581
-0.206196
0.175166
-0.0571329
-0.0797764
0.244099
-0.103672
-0.0227144
-0.0185945
-0.194569
0.170767
-0.058449
-0.0575744
0.242623
-0.0732677
0.0505291
