-1.05571
0.191696
-0.0328361
0.238802
-0.143949
-0.00183098
0.161864
-0.136757
0.145184
-0.0202598
-0.048784
0.248304
-0.121099
-0.0459086
0.0311853
-0.198612
0.135511
-0.0246173
-0.0786389
0.236801
-0.114109
-0.0438775
0.0374806
-0.207182
0.116184
0.0110924
-0.030556
0.248283
-0.114457
-0.0203283
-0.0144001
-0.201711
0.158594
-0.0673167
-0.0869706
0.243558
-0.11213
-0.0160019
0.00253774
-0.209882
0.131941
0.016766
-0.063359
0.236739
-0.1227
-0.0413076
0.0189729
-0.212001
0.138785
-0.0341873
-0.0764161
0.243832
-0.108783
-0.0020641
0.0178953
-0.191576
0.164879
-0.0715706
-0.062494
0.244112
-0.0926743
0.0458841
-0.0610838
-0.200292
0.181444
-0.100783
-0.0258983
0.245833
-0.0988297
0.0648322
-0.0821822
-0.19853
0.171957
-0.131762
-0.0356859
0.233905
-0.121146
0.0143038
0.0640558
-0.206835
0.0926353
0.123989
-0.0959027
0.16305
-0.133182
-0.120209
0.144024
-0.176882
0.0879979
0.0262944
0.0345839
0.247392
-0.087493
0.0665473
-0.0884982
-0.191939
0.189936
-0.132322
-0.031432
0.248558
-0.0912184
0.0871172
-0.032633
-0.186608
0.19278
-0.0831509
-0.0367324
0.25332
-0.0824515
0.0562727
-0.018944
-0.204286
0.172298
-0.0825188
-0.0320692
0.249035
-0.0947675
0.0363038
-0.0028145
-0.205426
0.155615
-0.0491043
-0.045696
0.244796
-0.0989799
0.0249463
-0.0409958
-0.195421
0.174402
-0.102457
