2.11102
0.184262
0.0365351
-0.192356
0.114628
0.0325199
-0.174967
0.168415
-0.120464
-0.113269
0.106224
-0.187853
0.0787467
0.102411
-0.0752317
0.201063
-0.121117
-0.112616
0.14868
-0.162656
0.0834203
0.114369
-0.0831073
0.186369
-0.111231
-0.132735
0.0964053
-0.178211
0.0933996
0.0726494
-0.0579313
0.226871
-0.117739
-0.0678541
0.137758
-0.176516
0.093726
0.0650276
-0.0759002
0.213167
-0.111159
-0.135092
0.141504
-0.165257
0.0651353
0.0893799
-0.0713043
0.200788
-0.116506
-0.103279
0.140436
-0.164402
0.0940628
0.0517634
-0.0892681
0.213778
-0.11378
-0.0611805
0.0973329
-0.179501
0.127032
-0.00309656
-0.0649212
0.235457
-0.111853
-0.0276417
0.017986
-0.19848
0.14583
-0.0322468
-0.0502425
0.248296
-0.087998
0.0269386
0.0378772
-0.197827
0.131913
0.0326339
-0.118983
0.187452
-0.0844073
-0.185564
0.194695
-0.102231
0.00559143
0.187659
-0.085848
0.129182
-0.11906
-0.139325
0.0293484
-0.194615
0.133643
0.0115563
-0.0575429
0.244426
-0.107148
-0.0160303
0.0562087
-0.199221
0.13641
-0.0219722
-0.100564
0.231944
-0.119739
-0.0771494
0.0670583
-0.196268
0.124011
0.0230951
-0.0938951
0.221198
-0.119423
-0.0771391
0.0607526
-0.199962
0.117042
0.0429396
-0.0973614
0.211462
-0.120433
-0.107647
0.0989805
-0.18263
0.106685
0.0488671
-0.0664547
0.230902
-0.105464
-0.0332738
