-1.05571
0.198177
-0.11785
-0.132888
0.231682
-0.138441
-0.0720175
0.187796
-0.0972807
0.0980705
-0.110307
-0.195623
0.206185
-0.1234
-0.0165824
0.223351
-0.10384
0.0903554
-0.0781563
-0.189395
0.196153
-0.115146
-0.0218051
0.234542
-0.108685
0.0637233
-0.114125
-0.178655
0.200319
-0.133778
0.0158839
0.187144
-0.0906643
0.140744
-0.0828972
-0.184908
0.187646
-0.137156
0.00627252
0.204641
-0.122985
0.0687752
-0.0763222
-0.18466
0.19349
-0.120799
-0.00691915
0.224066
-0.0972289
0.0990394
-0.0784517
-0.175489
0.18135
-0.139861
-0.00267565
0.17804
-0.0823689
0.145449
-0.100467
-0.150893
0.157806
-0.162762
0.0477284
0.121398
-0.0896437
0.178216
-0.123229
-0.137867
0.165656
-0.162151
0.0663294
0.117216
-0.0635454
0.204666
-0.104913
-0.135111
0.194143
-0.145332
-0.0251834
0.236206
-0.127908
-0.0153543
0.0484857
-0.198333
0.144003
-0.0491821
-0.0690277
0.254796
-0.103892
0.0456093
-0.16954
-0.137287
0.140832
-0.19155
0.0725107
0.0738849
-0.0778667
0.22034
-0.128379
-0.129033
0.151527
-0.176918
0.0520445
0.0982164
-0.121675
0.169775
-0.12985
-0.158152
0.143309
-0.183814
0.0343813
0.16975
-0.0922187
0.158754
-0.133545
-0.15451
0.170532
-0.175659
0.0068217
0.184144
-0.114224
0.119345
-0.131058
-0.168333
0.179325
-0.165892
0.036003
0.141926
-0.0649287
0.195563
