4.47395
0.17668
-0.0776362
0.10457
-0.00797299
-0.1703
0.156824
-0.0719935
-0.0439531
0.226125
-0.076434
0.0436219
-0.0122943
-0.188398
0.150311
-0.0662992
-0.0522277
0.216767
-0.096035
0.0182851
-0.017398
-0.19003
0.143985
-0.060035
-0.0710618
0.230845
-0.0676464
0.0392955
-0.0166311
-0.174491
0.155404
-0.0848899
-0.0351189
0.209342
-0.106475
0.0143059
-0.023398
-0.174808
0.154067
-0.0719624
-0.0774608
0.222886
-0.0988795
-0.000378084
0.0213014
-0.17575
0.144249
-0.04375
-0.0566939
0.219959
-0.0969417
0.0116012
-0.0250508
-0.177808
0.155047
-0.0762577
-0.0317407
0.210995
-0.092864
0.0518758
-0.070574
-0.170326
0.163969
-0.109501
-0.0193574
0.197275
-0.0768279
0.0809587
-0.0674807
-0.15444
0.164441
-0.114543
0.01214
0.159721
-0.104771
0.0826116
-0.0200456
-0.181932
0.149782
-0.019947
-0.110523
0.192565
-0.111144
-0.116207
0.105006
-0.161398
0.0745026
0.0388301
-0.0684864
0.217798
-0.0535945
0.0807929
-0.0979055
-0.18987
0.170938
-0.129346
0.00798452
0.180669
-0.10132
0.0905286
-0.0836309
-0.163238
0.186347
-0.11803
-0.0380413
0.218741
-0.080263
0.0695494
-0.0893874
-0.180134
0.181897
-0.0944494
-0.0299169
0.216731
-0.0739677
0.0822022
-0.0753874
-0.186694
0.176834
-0.0874805
-0.0530775
0.223156
-0.082434
0.0601711
-0.0632165
-0.181243
0.166855
-0.112082
-0.00183926
0.185503
