1.25688
0.192235
0.178893
-0.136324
-0.0423769
0.216489
-0.150858
0.0269546
-0.0343396
-0.20349
0.17126
-0.0889559
-0.0527602
0.250116
-0.0974378
0.0381309
-0.013148
-0.191703
0.185188
-0.0533653
-0.0376151
0.249789
-0.101754
0.0208563
0.0188986
-0.202666
0.155431
-0.0935984
-0.0524649
0.239525
-0.0869197
0.0651205
-0.0527955
-0.191423
0.190027
-0.0726606
-0.0387291
0.238566
-0.0945726
0.0468355
0.0276654
-0.204993
0.156411
-0.0614171
-0.0611746
0.241654
-0.0947642
0.0235506
-0.0116092
-0.194946
0.170535
-0.0733445
-0.0271177
0.231691
-0.104288
0.059079
-0.0654069
-0.188863
0.191753
-0.103189
-0.00314373
0.204473
-0.0864173
0.112131
-0.0857177
-0.171573
0.180095
-0.128293
0.00241583
0.179354
-0.0859925
0.125519
-0.108889
-0.141599
0.19668
-0.128997
-0.0297344
0.226846
-0.122298
0.00891847
0.0970642
-0.208972
0.0953587
0.0709349
-0.0659618
0.221452
-0.116484
-0.0572836
0.0558673
-0.196485
0.127348
-0.131505
0.0199132
0.207385
-0.0749199
0.142784
-0.114733
-0.149998
0.194017
-0.137303
0.016965
0.164235
-0.123319
0.116701
-0.0684016
-0.185734
0.182255
-0.119241
0.0117215
0.203955
-0.110039
0.081478
-0.077925
-0.184693
0.175276
-0.125588
-0.00720592
0.223054
-0.102526
0.068162
-0.0352256
-0.189625
0.178364
-0.10721
-0.0131023
0.224297
-0.0852307
0.0997733
-0.104339
-0.168045
