-1.20658
0.18066
-0.0780263
0.219704
-0.111544
-0.0969177
0.226025
-0.124606
0.0472945
0.116746
-0.0620415
0.177507
-0.106689
-0.133627
0.145108
-0.155243
0.0356831
0.110357
-0.104824
0.138046
-0.114456
-0.142239
0.151005
-0.149854
0.00849142
0.161544
-0.0433004
0.167782
-0.105383
-0.126311
0.124927
-0.167694
0.0539162
0.0853006
-0.117031
0.144056
-0.115424
-0.129659
0.134202
-0.162642
0.0134603
0.170207
-0.0813884
0.136953
-0.0971706
-0.140135
0.143005
-0.155202
0.0316831
0.116306
-0.0898445
0.157699
-0.116668
-0.11512
0.146611
-0.160958
0.0678437
0.0665079
-0.0950157
0.184455
-0.117901
-0.0810214
0.0756111
-0.182886
0.105833
0.0166376
-0.0772697
0.21701
-0.11287
-0.0564722
0.0479429
-0.191819
0.122833
-0.0359996
-0.0989486
0.221714
-0.11187
-0.105213
0.174233
-0.150181
-0.0250059
0.228932
-0.101336
0.0376676
-0.0698547
-0.18143
0.170953
-0.12286
-0.0097728
0.180979
0.0484404
0.242336
-0.10544
-0.0399023
0.0135906
-0.197793
0.154792
-0.045098
-0.0871767
0.245103
-0.11244
-0.0243531
0.0876786
-0.178052
0.118875
0.0209951
-0.0639952
0.23402
-0.105492
-0.0448504
0.0997563
-0.187476
0.104445
0.0285961
-0.0572905
0.23503
-0.108808
-0.0664307
0.107559
-0.183689
0.0825172
0.0599483
-0.0649277
0.217232
-0.111155
-0.0641147
0.0644713
-0.186357
0.127108
-0.0173779
