-1.05571
0.197486
0.16436
-0.0283947
-0.136826
0.233086
-0.103348
-0.0896549
0.111055
-0.193177
0.109594
0.0678693
-0.098815
0.219677
-0.119959
-0.107676
0.135511
-0.183991
0.0913085
0.102569
-0.078587
0.210381
-0.125664
-0.118961
0.163946
-0.179415
0.104806
0.0616051
-0.103193
0.222329
-0.121265
-0.0944321
0.109097
-0.190555
0.0933811
0.102211
-0.0792398
0.217666
-0.126928
-0.101759
0.174713
-0.171783
0.0713707
0.10774
-0.101359
0.195889
-0.12599
-0.129246
0.132366
-0.179623
0.093635
0.0790403
-0.071815
0.235402
-0.123224
-0.0884943
0.0773248
-0.20211
0.121951
0.0241492
-0.0577323
0.255998
-0.115623
-0.0313856
0.0329675
-0.204986
0.15736
-0.0121823
-0.0703593
0.250112
-0.10941
-0.0127223
-0.0335868
-0.210198
0.173526
-0.0234569
-0.108582
0.242231
-0.115643
-0.134836
0.205584
-0.136239
-0.00780528
0.225465
-0.0841876
0.124091
-0.100763
-0.173328
0.175946
-0.162768
0.127283
-0.0320268
-0.0463335
0.27891
-0.10999
0.010775
-0.0373587
-0.222934
0.18477
-0.0366175
-0.0589967
0.259941
-0.127348
-0.0101939
0.0692939
-0.211094
0.14992
0.00540836
-0.0466858
0.265153
-0.120296
-0.0599244
0.0549726
-0.204706
0.146277
-0.00788697
-0.067665
0.26006
-0.119612
-0.0662301
0.107651
-0.192996
0.129899
0.0139368
-0.0697841
0.248998
-0.116654
-0.0327016
-0.00849876
-0.213592
