-1.20658
0.17861
-0.0844892
0.228713
-0.10783
-0.088277
0.220138
-0.118038
0.0636502
0.0926356
-0.0798308
0.185127
-0.0989753
-0.127619
0.129905
-0.153043
0.0510389
0.0872366
-0.113318
0.150044
-0.112048
-0.134282
0.140811
-0.151613
0.0224793
0.135781
-0.0548048
0.178443
-0.103975
-0.121344
0.11007
-0.164504
0.0699456
0.0621797
-0.116903
0.165075
-0.10469
-0.114028
0.109785
-0.166188
0.0381114
0.138863
-0.0843436
0.155676
-0.101058
-0.128251
0.118609
-0.164064
0.0526502
0.0862781
-0.0997479
0.172381
-0.109944
-0.0951941
0.122236
-0.157893
0.0938834
0.0371332
-0.100929
0.200821
-0.101892
-0.0537278
0.0459515
-0.183188
0.129883
-0.00711539
-0.0764995
0.228428
-0.099566
-0.0368004
0.0195474
-0.196059
0.134231
-0.0578355
-0.103432
0.228754
-0.0998924
-0.0842252
0.162101
-0.151981
-0.00635484
0.216791
-0.0961672
0.0596866
-0.0846491
-0.168323
0.17978
-0.122208
0.0104897
0.14533
-0.018551
0.226422
-0.105706
-0.0737382
0.0508271
-0.188074
0.144391
-0.013592
-0.104152
0.23922
-0.105043
-0.0568211
0.11562
-0.168732
0.10121
0.060387
-0.0805408
0.217148
-0.102136
-0.0746656
0.127055
-0.167893
0.0931683
0.0603663
-0.0745615
0.221832
-0.100462
-0.0928987
0.128236
-0.166483
0.0699248
0.093361
-0.0735563
0.206412
-0.104809
-0.0978884
0.0943813
-0.172038
0.118422
0.017097
