2.11102
0.186779
0.0499218
-0.197078
0.110361
0.0466008
-0.179037
0.164159
-0.125953
-0.125115
0.128844
-0.18485
0.0618898
0.131642
-0.0814512
0.188745
-0.120648
-0.129716
0.170901
-0.158959
0.063237
0.140927
-0.0807154
0.176776
-0.104477
-0.144141
0.118973
-0.172197
0.0719106
0.0998494
-0.0664669
0.210553
-0.126575
-0.0876695
0.167284
-0.17144
0.0718691
0.089922
-0.0834669
0.200849
-0.104057
-0.148162
0.17003
-0.154549
0.0496256
0.118611
-0.0768606
0.186817
-0.11572
-0.121032
0.166626
-0.161
0.0738587
0.0783313
-0.0931819
0.203144
-0.120606
-0.0853016
0.135113
-0.1697
0.10948
0.0181864
-0.0755189
0.237066
-0.110943
-0.0494364
0.0600927
-0.19827
0.123879
-0.0116167
-0.071462
0.241538
-0.106015
-0.00560224
0.0783104
-0.194638
0.106341
0.0678132
-0.124814
0.162838
-0.0647876
-0.198161
0.197621
-0.0896994
-0.0161203
0.212481
-0.0884043
0.110253
-0.108041
-0.159628
0.0229681
-0.188114
0.132144
0.0106787
-0.0593894
0.243885
-0.107668
-0.0145711
0.055699
-0.202741
0.137522
-0.0307669
-0.109125
0.234709
-0.118901
-0.0733742
0.0831496
-0.194695
0.11648
0.0212071
-0.104363
0.214952
-0.122606
-0.0833224
0.0754449
-0.196042
0.109848
0.0529894
-0.101767
0.2019
-0.123974
-0.11183
0.11501
-0.180363
0.0991437
0.0499687
-0.0755758
0.224657
-0.1113
-0.0454468
