3.7197
0.173299
-0.0972361
-0.00346006
0.116048
-0.166791
0.0612912
0.0239916
-0.075558
0.200105
-0.120775
-0.083232
0.114193
-0.176817
0.0783273
0.0633595
-0.0806771
0.194664
-0.110469
-0.0901283
0.119079
-0.169438
0.0727056
0.083204
-0.0834802
0.17797
-0.119827
-0.0818745
0.113193
-0.166542
0.0936641
0.0425461
-0.0626409
0.208504
-0.116122
-0.0938123
0.0971828
-0.164962
0.100348
0.0482093
-0.109698
0.168328
-0.119889
-0.103729
0.133566
-0.157335
0.085317
0.079318
-0.0673092
0.19339
-0.114816
-0.0871594
0.0872761
-0.168045
0.0900942
0.0255668
-0.0577653
0.214892
-0.111143
-0.0543149
0.0178877
-0.180983
0.134105
-0.0289253
-0.0549883
0.227457
-0.102573
-0.0237139
0.0223904
-0.173086
0.142156
-0.0418424
-0.0308899
0.226706
-0.10436
-0.0190196
0.082753
-0.177925
0.078545
0.100722
-0.119791
0.10498
-0.0830704
-0.167278
0.166001
-0.125542
0.00201657
0.154639
-0.0690602
0.159426
-0.119153
-0.017543
-0.013309
-0.210895
0.146011
-0.0689407
-0.0444133
0.242981
-0.109552
-0.0081751
0.00529199
-0.179262
0.150504
-0.0573915
-0.086408
0.236291
-0.107417
-0.0264704
-0.0120655
-0.204211
0.134431
-0.0106818
-0.0545168
0.23568
-0.100153
-0.0118072
0.0049241
-0.207433
0.131042
-0.0033761
-0.0843094
0.218177
-0.113091
-0.030144
0.0194215
-0.195003
0.138685
-0.043117
-0.0345739
0.23996
