1.65787
0.186724
0.122817
-0.172607
0.0402726
0.12818
-0.168789
0.107537
-0.102897
-0.167473
0.169579
-0.151679
-4.34317e-05
0.1976
-0.0799284
0.125143
-0.0926639
-0.166043
0.192749
-0.12528
0.0113348
0.2046
-0.0822133
0.116817
-0.067177
-0.179416
0.158708
-0.143343
0.0106094
0.179092
-0.0714828
0.149837
-0.111783
-0.141048
0.199019
-0.141964
0.0149047
0.163216
-0.0835658
0.143848
-0.0670526
-0.178815
0.187594
-0.125892
-0.00859262
0.186885
-0.0726641
0.126542
-0.0910318
-0.154411
0.187853
-0.134312
0.0239047
0.149667
-0.0959648
0.145143
-0.118426
-0.137447
0.175195
-0.150467
0.0607078
0.100217
-0.0802499
0.186656
-0.117638
-0.106665
0.123734
-0.175545
0.0717285
0.0641182
-0.0782345
0.205729
-0.111607
-0.0612194
0.136351
-0.168659
0.0578944
0.134926
-0.122037
0.109563
-0.0118765
-0.212437
0.16219
-0.0409282
-0.0461001
0.234687
-0.0932028
0.0484385
-0.0628662
-0.180872
0.111506
-0.166866
0.0752466
0.115942
-0.0682603
0.204299
-0.122177
-0.0878516
0.144154
-0.178799
0.074656
0.0615172
-0.121058
0.186848
-0.109607
-0.138142
0.152656
-0.162255
0.0666767
0.119828
-0.10897
0.156521
-0.116731
-0.136458
0.138066
-0.174306
0.0530446
0.1466
-0.0997627
0.146848
-0.100529
-0.157199
0.172314
-0.14971
0.0427596
0.151496
-0.0781306
0.171185
-0.12428
-0.116328
