-0.150808
0.191821
0.0295748
0.155021
-0.145668
0.0890463
0.0411872
-0.143031
0.18873
-0.0936
-0.0180002
0.232487
-0.0977401
0.049865
-0.0618905
-0.196751
0.185331
-0.0906
-0.048824
0.245503
-0.0888903
0.0329065
-0.0537092
-0.204259
0.177585
-0.0726933
-0.018508
0.228425
-0.100383
0.0528235
-0.0867246
-0.191989
0.187466
-0.110222
-0.047622
0.236953
-0.0863411
0.0648132
-0.0830096
-0.196306
0.195393
-0.0653773
-0.0512903
0.241409
-0.0991441
0.0308235
-0.072248
-0.207404
0.181953
-0.0929161
-0.0468551
0.233922
-0.0803722
0.0758028
-0.0749888
-0.182347
0.184875
-0.120222
-0.0184925
0.199073
-0.0655433
0.137813
-0.110154
-0.160896
0.176974
-0.138388
0.0398597
0.167368
-0.0869165
0.15414
-0.114377
-0.152021
0.111756
-0.165813
0.0478908
0.141861
-0.119958
0.113865
-0.0449785
-0.203751
0.175015
-0.00311831
-0.0918807
0.229881
-0.106895
-0.0323474
0.024503
-0.193176
0.165326
-0.0769368
0.0222122
0.193627
-0.0680045
0.134549
-0.120818
-0.157969
0.166414
-0.152092
0.0252172
0.188835
-0.0870356
0.147067
-0.0832063
-0.164047
0.209694
-0.116854
7.74031e-05
0.213809
-0.0688179
0.118865
-0.0797712
-0.189114
0.189202
-0.118538
0.00670952
0.208555
-0.0765122
0.107896
-0.074538
-0.192684
0.196761
-0.0952321
-0.0117256
0.216632
-0.0826417
0.0925075
-0.0978023
-0.174933
0.163818
-0.137051
