0.452428
0.174499
0.124169
-0.0050058
-0.130965
0.186055
-0.0832233
-0.0937942
0.142232
-0.15484
0.063822
0.103787
-0.0841979
0.157392
-0.117529
-0.121509
0.159688
-0.15199
0.0415267
0.11559
-0.0764103
0.152729
-0.119213
-0.127478
0.175227
-0.146539
0.0580759
0.0965017
-0.080944
0.171045
-0.122425
-0.0914109
0.10989
-0.16313
0.0725474
0.0975017
-0.0686694
0.18175
-0.120068
-0.104012
0.175118
-0.147317
0.0435371
0.106642
-0.0797989
0.163351
-0.121456
-0.117255
0.138527
-0.15285
0.0641692
0.0802375
-0.0581824
0.199138
-0.116026
-0.0807995
0.0860972
-0.17397
0.0924749
0.0296625
-0.05468
0.215988
-0.109068
-0.0412814
0.0512269
-0.176374
0.126822
-0.00233222
-0.0639702
0.219734
-0.102456
-0.0266286
-0.00439991
-0.176851
0.143641
0.000330992
-0.0974469
0.199568
-0.105793
-0.129773
0.201724
-0.108845
-0.0243125
0.214481
-0.0736794
0.0855527
-0.0863115
-0.155939
0.177791
-0.138016
0.0951639
0.00562632
-0.0473278
0.24205
-0.101006
-0.0180587
0.00166229
-0.190115
0.146853
-0.0111975
-0.0667371
0.235356
-0.113627
-0.0357219
0.095745
-0.1764
0.118708
0.0291859
-0.0458251
0.233682
-0.111311
-0.0735042
0.0844962
-0.174674
0.116698
0.0189009
-0.0601619
0.224325
-0.113006
-0.0771467
0.13089
-0.15871
0.0964023
0.0413257
-0.0619131
0.215568
-0.1077
-0.0532296
0.0189731
-0.185203
