-1.05571
0.179227
-0.0663556
0.234375
-0.122396
-0.0683454
0.21281
-0.126044
0.0846647
0.0696865
-0.0673812
0.20337
-0.108458
-0.110687
0.116261
-0.168386
0.0677062
0.0725621
-0.103448
0.167898
-0.115204
-0.114993
0.128494
-0.168272
0.0401259
0.120127
-0.0419666
0.193012
-0.114469
-0.0971174
0.0782456
-0.184992
0.0916336
0.0219871
-0.109231
0.189981
-0.113805
-0.0908117
0.105152
-0.175521
0.051157
0.1268
-0.0777489
0.171825
-0.108184
-0.110656
0.113924
-0.175692
0.0590326
0.0698678
-0.0981428
0.179214
-0.116795
-0.08619
0.117468
-0.170142
0.0946025
0.0253342
-0.0926404
0.205359
-0.109437
-0.0433869
0.0441733
-0.189448
0.125002
-0.0183133
-0.069169
0.229292
-0.108785
-0.0267963
0.020422
-0.195003
0.139012
-0.0596966
-0.0917442
0.229629
-0.114754
-0.0775786
0.152691
-0.163935
0.00632285
0.207728
-0.101163
0.0694369
-0.0937641
-0.165666
0.174655
-0.135774
0.0227995
0.129982
0.0251422
0.244872
-0.102028
-0.0201745
-0.00903385
-0.201894
0.163297
-0.0618676
-0.0818893
0.24766
-0.110365
-0.00230926
0.062422
-0.186163
0.133002
-0.000365142
-0.0660654
0.236883
-0.100417
-0.0284284
0.0790903
-0.194863
0.114235
0.0045623
-0.0580446
0.240893
-0.104712
-0.051019
0.0915359
-0.190707
0.0932865
0.0455466
-0.0646196
0.223401
-0.110028
-0.0540397
0.0527328
-0.189681
0.133571
-0.0321475
