2.51322
0.188241
-0.0700693
-0.187526
0.189142
-0.059753
-0.150329
0.21179
-0.0969343
-0.0332101
-0.0143079
-0.202696
0.150178
-0.0127168
-0.0723394
0.242375
-0.100882
-0.032262
0.0646454
-0.163629
0.15681
0.00789456
-0.0768471
0.23166
-0.10224
-0.0657489
-0.0155359
-0.197614
0.149831
-0.0130432
-0.0667073
0.244743
-0.0998928
-0.0309252
0.0669718
-0.185168
0.135411
-0.015064
-0.059412
0.243142
-0.102587
-0.0740339
0.074925
-0.170012
0.117505
0.00966651
-0.0634585
0.238334
-0.0969032
-0.0408526
0.0420133
-0.175702
0.148494
-0.0372556
-0.0801581
0.234785
-0.0873644
-0.00160911
0.00445899
-0.175127
0.168608
-0.0667219
-0.0389613
0.230925
-0.0856339
0.042308
-0.0569502
-0.190002
0.18008
-0.0813229
-0.0287904
0.22708
-0.0674941
0.0872665
-0.0404475
-0.188013
0.177774
-0.0418878
-0.103412
0.223681
-0.100302
-0.139324
0.165256
-0.128582
0.057313
0.105449
-0.087054
0.189919
-0.112199
-0.0890339
-0.135722
-0.190852
0.184479
-0.107862
-0.0147335
0.208391
-0.0707325
0.112572
-0.073463
-0.190997
0.188531
-0.113504
-0.049262
0.212785
-0.102074
0.0469193
-0.0721522
-0.199432
0.180743
-0.100219
-0.0611065
0.245474
-0.0861623
0.0342769
-0.0778672
-0.202422
0.182049
-0.0862711
-0.0673085
0.247697
-0.0996908
0.00396081
-0.0475254
-0.196795
0.176956
-0.0835975
-0.0394433
0.232324
-0.0647686
0.0862561
