0.854603
0.181181
0.17496
-0.0955673
-0.0917653
0.229706
-0.124179
-0.0295996
0.0402715
-0.188956
0.135271
-0.0209819
-0.0782366
0.230836
-0.103179
-0.031812
0.0667274
-0.177107
0.125291
-0.00247418
-0.0661226
0.225867
-0.108526
-0.0444338
0.100795
-0.180775
0.119136
-0.0253083
-0.0693092
0.234235
-0.0942408
-0.00155814
0.00391931
-0.186319
0.146742
-0.0156866
-0.0632677
0.231592
-0.100567
-0.0185063
0.107266
-0.17849
0.110219
-0.00317886
-0.0803661
0.220774
-0.10121
-0.036097
0.053085
-0.174537
0.135965
-0.0163498
-0.0529931
0.234991
-0.103567
-0.00359961
-0.0119874
-0.18877
0.155079
-0.0574274
-0.0327756
0.233997
-0.0865
0.0427165
-0.0356142
-0.181786
0.170877
-0.0763134
-0.0395632
0.2191
-0.0809923
0.0577475
-0.0839665
-0.165946
0.189779
-0.0842927
-0.0668067
0.235494
-0.109619
-0.0510244
0.156432
-0.16936
0.0384055
0.144251
-0.06306
0.173779
-0.111567
-0.108428
0.121183
-0.171738
0.119991
-0.0706606
-0.0365425
0.245302
-0.0837746
0.0463486
-0.0770287
-0.18876
0.181939
-0.0799352
-0.0488896
0.223691
-0.106132
0.0303278
0.0104427
-0.19235
0.153027
-0.0584067
-0.0384285
0.237608
-0.104028
-0.00817989
-0.00840711
-0.186718
0.154069
-0.0633963
-0.0497342
0.238862
-0.106303
-0.0161799
0.0446083
-0.182303
0.137302
-0.0518264
-0.0545994
0.232136
-0.0927124
0.0227268
-0.055951
-0.185869
