0.955155
0.198568
0.189261
-0.100324
-0.087475
0.249774
-0.133598
-0.0283197
0.0139039
-0.215645
0.157488
-0.0289713
-0.0816406
0.258504
-0.10523
-0.0318378
0.0482976
-0.201733
0.149478
0.000505325
-0.0681276
0.253178
-0.111893
-0.0481227
0.0796913
-0.201433
0.145017
-0.0306241
-0.0813246
0.256525
-0.104588
-0.0149103
0.00995573
-0.203423
0.165235
0.000873211
-0.0664851
0.250546
-0.109272
-0.0225528
0.0934685
-0.201749
0.132406
0.00310634
-0.0909618
0.242696
-0.108557
-0.0444595
0.0385929
-0.194469
0.156183
-0.0230231
-0.0553868
0.256691
-0.109313
0.00134352
-0.0224172
-0.207386
0.178297
-0.0630904
-0.0298636
0.242473
-0.097676
0.0602813
-0.0568989
-0.194231
0.192219
-0.0880178
-0.028703
0.223334
-0.0952201
0.0773124
-0.093303
-0.177309
0.203458
-0.0960386
-0.0599051
0.25096
-0.12208
-0.0480813
0.149971
-0.184293
0.066276
0.131987
-0.0784536
0.200385
-0.110608
-0.104465
0.10709
-0.189712
0.143556
-0.106505
-0.00302437
0.245847
-0.0875672
0.112178
-0.106982
-0.191801
0.207774
-0.115241
-0.0109933
0.203676
-0.125671
0.0888201
-0.0430906
-0.207495
0.193442
-0.0892821
-0.00818493
0.24109
-0.114738
0.0399964
-0.0606762
-0.209117
0.18081
-0.102629
-0.0294699
0.25422
-0.109593
0.0296699
-0.00336541
-0.205987
0.179266
-0.0803132
-0.0353144
0.251126
-0.0929817
0.0689134
-0.0972926
-0.195573
