0.552969
0.177981
0.145139
-0.0407974
-0.126052
0.212056
-0.0971185
-0.0814201
0.113492
-0.16915
0.0923205
0.0591506
-0.0853783
0.194352
-0.117751
-0.0967984
0.136316
-0.159658
0.0704034
0.0788915
-0.0788445
0.182678
-0.11615
-0.110684
0.165036
-0.154062
0.0789215
0.0654148
-0.0816632
0.199321
-0.112403
-0.0735653
0.088404
-0.169072
0.0927817
0.0730158
-0.0776114
0.196331
-0.113087
-0.0898088
0.167528
-0.153797
0.0567402
0.0894303
-0.0836994
0.178932
-0.114139
-0.104379
0.137559
-0.152974
0.0707609
0.0709225
-0.0619897
0.204393
-0.111087
-0.0745445
0.0800984
-0.170124
0.10673
0.0137569
-0.0565701
0.225274
-0.106445
-0.0370368
0.0356063
-0.180559
0.135414
-0.0129632
-0.0707775
0.22
-0.0995382
-0.0230264
-0.0090931
-0.177627
0.146243
-0.0113311
-0.106233
0.205782
-0.102486
-0.123876
0.203694
-0.115222
-0.0270783
0.208777
-0.0751187
0.0931238
-0.0800254
-0.154327
0.173414
-0.140108
0.114662
-0.0606108
-0.0406947
0.245984
-0.0846419
0.0430927
-0.0673364
-0.18627
0.18101
-0.0712222
-0.0467466
0.231057
-0.107305
0.0234087
0.0227671
-0.188502
0.151098
-0.0460512
-0.0375807
0.239974
-0.105559
-0.013099
0.0171919
-0.18443
0.150087
-0.0473777
-0.0554978
0.238513
-0.10915
-0.0300679
0.0741244
-0.174647
0.126699
-0.0295642
-0.0592905
0.231093
-0.0982014
0.00118595
-0.0334453
-0.182886
