-1.05571
0.187709
-0.0699363
-0.178486
0.196949
-0.0682522
-0.149973
0.21127
-0.0952004
-0.0201498
-0.015776
-0.197678
0.159301
-0.0268378
-0.0753516
0.238539
-0.102159
-0.0218648
0.0462498
-0.16404
0.16529
-0.0198378
-0.0743205
0.238529
-0.0978428
-0.0423933
-0.0328485
-0.191761
0.167995
-0.0327756
-0.0628128
0.245633
-0.0942107
0.000420155
0.0400893
-0.185714
0.151586
-0.0437652
-0.0608853
0.237389
-0.107231
-0.0497093
0.0523275
-0.171506
0.135638
-0.0110451
-0.0652168
0.234213
-0.0992004
-0.0221601
0.0216903
-0.177817
0.155658
-0.0540605
-0.080191
0.225337
-0.0896926
0.0207466
-0.0072215
-0.172211
0.172467
-0.0875371
-0.0353622
0.217203
-0.0866876
0.0623787
-0.0670089
-0.178434
0.187969
-0.094506
-0.0208233
0.207063
-0.0619674
0.113715
-0.0531487
-0.173486
0.192
-0.0616719
-0.0978335
0.22855
-0.1052
-0.117694
0.15526
-0.140921
0.0713319
0.0685246
-0.0909471
0.203431
-0.116045
-0.0660979
-0.119833
-0.18874
0.186907
-0.10675
-0.0179477
0.203493
-0.0749674
0.110664
-0.0763508
-0.190253
0.197601
-0.111351
-0.0554762
0.212845
-0.102615
0.0453476
-0.0631022
-0.198595
0.181477
-0.0987703
-0.0643207
0.243892
-0.0867237
0.0360315
-0.0741022
-0.197657
0.179192
-0.0885268
-0.0705227
0.238819
-0.105283
0.00238906
-0.04975
-0.193724
0.183721
-0.0851174
-0.0460046
0.228078
-0.065014
0.0913372
