-1.50923
0.185186
-0.0904683
0.181899
-0.0915921
-0.144028
0.226676
-0.109323
0.00695584
0.1842
-0.069525
0.12151
-0.0895559
-0.173381
0.177288
-0.123478
-0.00995087
0.172791
-0.106686
0.085417
-0.0959964
-0.172033
0.182593
-0.118131
-0.0351322
0.211713
-0.0555405
0.112469
-0.0919031
-0.165096
0.163759
-0.137214
0.0162097
0.140848
-0.116333
0.100448
-0.101903
-0.155862
0.168832
-0.132582
-0.0301736
0.212754
-0.0857322
0.0870388
-0.0720897
-0.164899
0.174604
-0.121825
-0.0129198
0.179392
-0.0943488
0.101396
-0.101209
-0.150567
0.185127
-0.130488
0.021189
0.137236
-0.102121
0.136396
-0.119929
-0.132236
0.143277
-0.157147
0.0547071
0.0976924
-0.0813336
0.174583
-0.116509
-0.104738
0.120956
-0.169375
0.0905723
0.0326201
-0.117453
0.184573
-0.0988771
-0.145417
0.203485
-0.113825
-0.0705777
0.244246
-0.116152
-0.0284793
-0.00843195
-0.185282
0.162412
-0.0761931
-0.0468212
0.22277
0.00832476
0.194111
-0.127281
-0.113199
0.108376
-0.18109
0.103469
0.0370502
-0.105873
0.207889
-0.123618
-0.0912927
0.167231
-0.16181
0.0623081
0.111692
-0.0759553
0.182878
-0.126395
-0.114464
0.16935
-0.160033
0.0539713
0.113641
-0.0682921
0.192868
-0.115395
-0.126013
0.173542
-0.157286
0.0277485
0.142299
-0.0739397
0.168785
-0.117468
-0.126982
0.135055
-0.167525
0.0818676
0.0528221
