1.20658
0.18673
0.180864
-0.136374
-0.0424266
0.216439
-0.148918
0.0272521
-0.0380422
-0.195276
0.17361
-0.0837207
-0.0514317
0.248392
-0.0951715
0.0308065
-0.0102806
-0.188711
0.167558
-0.0681404
-0.0433487
0.245076
-0.0968554
0.0221848
0.0151856
-0.196105
0.154117
-0.0910367
-0.0385457
0.233263
-0.0777778
0.0774594
-0.076353
-0.176089
0.19849
-0.0863528
-0.0295768
0.228683
-0.0927674
0.0535008
0.015025
-0.194535
0.161801
-0.076415
-0.0513798
0.231455
-0.0850109
0.0418895
-0.0265138
-0.180887
0.177304
-0.0840471
-0.0232504
0.223745
-0.0958089
0.0697547
-0.0790266
-0.173447
0.190889
-0.108975
0.00642828
0.189906
-0.0823065
0.119817
-0.0953788
-0.156779
0.176884
-0.133089
0.0139878
0.158165
-0.0842599
0.130563
-0.120897
-0.129131
0.191133
-0.13314
-0.0208048
0.215911
-0.119809
0.0139206
0.083087
-0.20084
0.100402
0.053621
-0.060167
0.2172
-0.113638
-0.0436701
0.0466051
-0.183048
0.137076
-0.121943
0.00634535
0.212496
-0.0761821
0.115807
-0.118275
-0.157281
0.196864
-0.130985
-0.00661318
0.180906
-0.113856
0.092734
-0.0513737
-0.182913
0.177807
-0.103363
-0.00512091
0.218636
-0.100923
0.0538687
-0.0642443
-0.183872
0.172143
-0.110026
-0.0233955
0.227797
-0.104104
0.0352055
-0.0155967
-0.182447
0.163977
-0.0987103
-0.0269758
0.227071
-0.0865032
0.0691537
-0.101944
-0.171286
