1.35753
0.184494
0.163818
-0.150305
-0.0132854
0.184751
-0.156637
0.0591394
-0.068761
-0.184404
0.17645
-0.119046
-0.034477
0.230663
-0.0908593
0.0683778
-0.0502636
-0.183891
0.182
-0.100056
-0.0230988
0.230368
-0.0928697
0.0620721
-0.0194709
-0.193907
0.158243
-0.115719
-0.0264978
0.218777
-0.0820252
0.0960307
-0.0829423
-0.168969
0.19986
-0.104372
-0.0191506
0.21085
-0.0910563
0.0860514
-0.0127041
-0.188285
0.172886
-0.0907608
-0.0472386
0.221855
-0.0858593
0.0634297
-0.0536315
-0.17328
0.186062
-0.102719
-0.0134978
0.207902
-0.0983931
0.0876732
-0.0909319
-0.166694
0.191279
-0.123362
0.0139063
0.167389
-0.0802793
0.137787
-0.106978
-0.144373
0.167031
-0.1426
0.0291809
0.139311
-0.0749167
0.152891
-0.11259
-0.104306
0.182627
-0.140662
4.10491e-05
0.197425
-0.123414
0.042124
0.05899
-0.199528
0.11773
0.0224411
-0.0578549
0.224917
-0.110077
-0.0138553
0.0109382
-0.180186
0.0937872
-0.156284
0.070901
0.132705
-0.0655333
0.19387
-0.121984
-0.0958707
0.157254
-0.167471
0.0666264
0.0842388
-0.111647
0.180756
-0.100108
-0.141456
0.162114
-0.152284
0.0589839
0.135917
-0.099611
0.147471
-0.112243
-0.141119
0.153492
-0.157989
0.047699
0.157057
-0.097414
0.13843
-0.0927039
-0.153554
0.171549
-0.146149
0.0393829
0.158332
-0.0678648
0.170145
-0.119424
-0.106083
