2.26185
0.181529
0.00937012
-0.189335
0.132307
0.00202845
-0.17462
0.186084
-0.110163
-0.0956927
0.0744579
-0.188536
0.0944366
0.0689195
-0.0831896
0.213701
-0.110163
-0.0970191
0.1348
-0.152909
0.103426
0.0855516
-0.0870653
0.197701
-0.101624
-0.116475
0.0623024
-0.178904
0.105447
0.0404532
-0.0688478
0.233173
-0.10151
-0.0525321
0.111246
-0.173485
0.109742
0.0272305
-0.0802468
0.22552
-0.0992356
-0.111516
0.119054
-0.157593
0.0878252
0.0476345
-0.0753659
0.216815
-0.102909
-0.0800295
0.100406
-0.163505
0.11511
0.00203882
-0.0973608
0.223499
-0.0952563
-0.041185
0.0575772
-0.169951
0.149457
-0.0345984
-0.0712055
0.238484
-0.0893703
-0.00561506
-0.0114951
-0.188848
0.164235
-0.05779
-0.0578014
0.239017
-0.0692409
0.0496388
0.00706971
-0.186879
0.149338
-0.0045311
-0.119993
0.198825
-0.0894118
-0.163439
0.194846
-0.110666
0.0131569
0.151536
-0.0858785
0.152178
-0.11536
-0.128781
-0.0283037
-0.18521
0.167416
-0.0318315
-0.0583092
0.24424
-0.0764533
0.0293124
-0.000666061
-0.195174
0.166519
-0.0607382
-0.0949827
0.238748
-0.0982874
-0.0332264
0.0145307
-0.1932
0.154437
-0.0309144
-0.0970604
0.238939
-0.0935724
-0.0358793
0.00721463
-0.195568
0.153447
-0.0103652
-0.0942417
0.230255
-0.107204
-0.0661435
0.0471471
-0.180236
0.144405
-0.00608028
-0.0759567
0.243307
-0.0832874
-0.00562542
