2.51322
0.193964
-0.0264297
-0.201363
0.168937
-0.0292325
-0.163016
0.207932
-0.124367
-0.0646274
0.0429535
-0.211134
0.125657
0.0383321
-0.0715856
0.238865
-0.129315
-0.0673321
0.0963472
-0.185518
0.128963
0.0377
-0.0755856
0.231549
-0.125051
-0.0894927
0.0261762
-0.20188
0.139341
0.00589696
-0.055622
0.251072
-0.118082
-0.0244461
0.084026
-0.198357
0.131637
-0.00274552
-0.0686116
0.246357
-0.122725
-0.0944512
0.10273
-0.182689
0.107341
0.0302699
-0.0583317
0.241295
-0.121061
-0.0579642
0.0910726
-0.183917
0.131657
-0.00673515
-0.0809069
0.239642
-0.112124
-0.0184254
0.0462437
-0.18772
0.158403
-0.0586988
-0.0475392
0.253067
-0.104973
0.0185124
-0.0254919
-0.204311
0.171549
-0.0802583
-0.0397466
0.253875
-0.0801703
0.0704709
-0.0145902
-0.202383
0.173253
-0.0172636
-0.110876
0.225212
-0.109165
-0.154679
0.198031
-0.137901
0.0408543
0.136612
-0.0834764
0.185186
-0.131409
-0.101451
-0.0435439
-0.202715
0.182036
-0.0569008
-0.0386429
0.25416
-0.0864449
0.0538284
-0.0110411
-0.204627
0.18016
-0.0801858
-0.085876
0.251544
-0.117155
-0.019099
0.00114533
-0.209295
0.165709
-0.0506884
-0.0823215
0.258083
-0.10744
-0.0187415
-0.00284431
-0.214295
0.157393
-0.0242118
-0.0850728
0.247663
-0.123367
-0.0583218
0.03471
-0.199616
0.153647
-0.024191
-0.0585547
0.258155
-0.0879112
0.0215539
