3.7197
0.161966
-0.0944665
-0.00250389
0.119554
-0.154591
0.0602577
0.0231705
-0.0723376
0.192714
-0.106363
-0.0669494
0.117118
-0.165658
0.0736618
0.057528
-0.0847728
0.178273
-0.109036
-0.0848665
0.115657
-0.159964
0.0673768
0.0690772
-0.0922805
0.168538
-0.106731
-0.0652758
0.104191
-0.159793
0.0999571
0.0218701
-0.0675553
0.198817
-0.106384
-0.0768872
0.0898437
-0.156876
0.09504
0.0407043
-0.110814
0.159589
-0.108793
-0.0911203
0.124206
-0.153228
0.0779882
0.0665073
-0.0770888
0.176978
-0.109394
-0.0749079
0.0872116
-0.15757
0.0890815
0.0240721
-0.0618403
0.203134
-0.103036
-0.0450427
0.0300667
-0.170731
0.126734
-0.0277878
-0.0590321
0.210046
-0.096824
-0.0137785
0.0309268
-0.162866
0.135133
-0.0403785
-0.0326073
0.208978
-0.103264
-0.0124313
0.0806677
-0.170767
0.0712059
0.0922274
-0.124897
0.0992008
-0.0702801
-0.160975
0.1556
-0.115119
0.00534063
0.154491
-0.0744616
0.145004
-0.121342
-0.0395143
0.0192221
-0.200047
0.126242
-0.0426323
-0.0505659
0.228761
-0.108026
-0.0245143
0.0421807
-0.171721
0.124734
-0.0264718
-0.0951616
0.212408
-0.113902
-0.0557785
0.0360148
-0.188912
0.103682
0.0311447
-0.0684724
0.205735
-0.10929
-0.0457785
0.0526469
-0.190135
0.0956618
0.0350929
-0.0893169
0.192947
-0.11427
-0.0560945
0.0631961
-0.178747
0.110947
-0.0125547
-0.0466332
0.220688
