2.21158
0.185691
0.0237505
-0.193483
0.133299
0.0210513
-0.171105
0.180485
-0.12371
-0.101017
0.0921129
-0.194959
0.0874284
0.0865745
-0.0843066
0.202092
-0.126057
-0.10467
0.138843
-0.166394
0.0927651
0.104176
-0.0775501
0.197439
-0.111498
-0.122115
0.0806103
-0.180674
0.102449
0.0544761
-0.0583948
0.229962
-0.120047
-0.0572243
0.120963
-0.185949
0.100071
0.0432119
-0.0763948
0.217931
-0.115119
-0.12481
0.13433
-0.167322
0.0814491
0.070616
-0.0704828
0.211869
-0.115783
-0.0853538
0.123367
-0.173203
0.105734
0.0246731
-0.082856
0.225921
-0.111425
-0.0409082
0.0799369
-0.180679
0.138102
-0.0272387
-0.059794
0.238284
-0.107233
-0.00632794
0.00156923
-0.199975
0.157553
-0.0510728
-0.0447474
0.24746
-0.0827361
0.0492627
0.013502
-0.199384
0.148309
0.00520683
-0.117214
0.202543
-0.0932852
-0.171037
0.193227
-0.122192
0.0171176
0.1686
-0.0863737
0.150874
-0.12157
-0.128431
0.0586828
-0.188451
0.127998
0.025155
-0.062369
0.243361
-0.111057
-0.0266647
0.075082
-0.199016
0.125408
-0.00872061
-0.110359
0.224206
-0.120363
-0.089732
0.0902062
-0.188716
0.117019
0.0366938
-0.100711
0.207848
-0.125741
-0.0920584
0.0719524
-0.196809
0.108734
0.0601704
-0.105136
0.195102
-0.121456
-0.120198
0.121118
-0.171099
0.0964076
0.0657404
-0.075545
0.220828
-0.114057
-0.0528771
