4.02133
0.168703
-0.0906148
0.0341147
0.0664263
-0.16703
0.0989281
-0.0170398
-0.0617865
0.214928
-0.098682
-0.0323827
0.0669909
-0.182392
0.105659
0.00733848
-0.0756103
0.205151
-0.106304
-0.0563205
0.0661722
-0.172371
0.103047
0.0245405
-0.0867294
0.197027
-0.0989877
-0.0353827
0.0666438
-0.17277
0.118995
-0.000221071
-0.061113
0.210286
-0.112314
-0.0652997
0.0525194
-0.172118
0.115026
0.00471673
-0.101843
0.189711
-0.110641
-0.0749111
0.099198
-0.159776
0.103311
0.0434783
-0.0610662
0.20313
-0.106304
-0.0563205
0.0442862
-0.172211
0.114078
-0.00658896
-0.0515119
0.217664
-0.103345
-0.0234552
-0.0138379
-0.178424
0.142508
-0.0578894
-0.0463256
0.216607
-0.0935422
0.00687119
-0.0126825
-0.165232
0.154918
-0.0681432
-0.0145847
0.199327
-0.105433
0.0241665
0.034846
-0.179838
0.110539
0.0457218
-0.117714
0.139985
-0.104237
-0.148362
0.136011
-0.13992
0.0437933
0.100131
-0.0667292
0.189167
-0.0773764
0.0460007
-0.0637755
-0.192646
0.171897
-0.0942416
-0.0052221
0.213125
-0.101781
0.0550318
-0.0451745
-0.171626
0.178296
-0.0836302
-0.0555432
0.232586
-0.0881432
0.0284204
-0.0526357
-0.192491
0.166845
-0.0537857
-0.0364085
0.232618
-0.0772158
0.0464204
-0.0366253
-0.194734
0.160488
-0.0471743
-0.0655276
0.229706
-0.0900396
0.0217261
-0.0201591
-0.179957
0.161835
-0.0710499
-0.0106676
0.215307
