-1.05571
0.183885
0.180916
-0.127595
-0.05784
0.217409
-0.141088
0.0124707
-0.0184817
-0.189301
0.166704
-0.0773207
-0.0575498
0.241139
-0.0944036
0.0190045
0.00167889
-0.186788
0.162315
-0.0610668
-0.0527829
0.240782
-0.0983725
0.0126677
0.0407773
-0.18315
0.151569
-0.0760046
-0.0565394
0.233844
-0.0855073
0.0486159
-0.0495386
-0.180979
0.180849
-0.0726782
-0.0459073
0.226621
-0.0955488
0.0386366
0.0392695
-0.188212
0.151243
-0.0544555
-0.0679746
0.227036
-0.096414
0.0153516
0.00397421
-0.175482
0.163714
-0.0667301
-0.0388866
0.225652
-0.0988855
0.0422687
-0.0598443
-0.176073
0.183574
-0.0995538
-0.0152701
0.201098
-0.0853105
0.0939527
-0.0781551
-0.161425
0.182834
-0.112953
-0.00502661
0.176989
-0.0815697
0.111015
-0.112917
-0.136524
0.196777
-0.117331
-0.0315551
0.217901
-0.120937
-0.00192296
0.105658
-0.188223
0.0852531
0.0768447
-0.0608032
0.204927
-0.113217
-0.0538089
0.0671968
-0.175093
0.140139
-0.116471
-0.00114064
0.224487
-0.0739427
0.109911
-0.105906
-0.161695
0.200875
-0.119512
-0.0100888
0.191254
-0.115616
0.0841651
-0.0429945
-0.185694
0.177533
-0.0982378
-0.00895405
0.21971
-0.105082
0.0506262
-0.0485386
-0.179316
0.172901
-0.106238
-0.0295551
0.233165
-0.100264
0.0386366
-0.00715526
-0.181943
0.167061
-0.086616
-0.0267778
0.233787
-0.0839892
0.0685951
-0.0951862
-0.174762
