3.217
0.194606
-0.127324
-0.111274
0.221416
-0.147112
-0.0410147
0.150359
-0.102527
0.128882
-0.125267
-0.170481
0.197001
-0.145039
0.0176536
0.17968
-0.108506
0.126187
-0.107361
-0.177305
0.185602
-0.138101
0.016063
0.196545
-0.109014
0.109524
-0.12635
-0.157512
0.186473
-0.150469
0.0468557
0.142095
-0.0896771
0.173628
-0.106837
-0.164797
0.17182
-0.152542
0.0412443
0.164255
-0.133578
0.105535
-0.0975264
-0.168548
0.192897
-0.135723
0.0279904
0.192996
-0.0988116
0.131861
-0.0990445
-0.160672
0.169789
-0.150215
0.0303168
0.14095
-0.0879517
0.171617
-0.11049
-0.136636
0.129939
-0.174874
0.0757831
0.0825925
-0.087584
0.19913
-0.129008
-0.113263
0.135514
-0.168335
0.0967727
0.0667894
-0.0589157
0.225643
-0.116029
-0.104895
0.180307
-0.159045
0.00747232
0.209727
-0.140039
0.0173532
0.0136908
-0.202558
0.159887
-0.0722155
-0.0475378
0.241939
-0.104656
0.0757054
-0.160604
-0.113958
0.114965
-0.199008
0.0979437
0.051292
-0.0736722
0.234897
-0.128873
-0.105704
0.132955
-0.179345
0.0827935
0.0740018
-0.122817
0.189281
-0.132283
-0.132211
0.122789
-0.190589
0.0627935
0.140882
-0.0887496
0.184944
-0.13164
-0.127222
0.144043
-0.186791
0.0518038
0.154085
-0.111164
0.154524
-0.132417
-0.135128
0.158214
-0.175361
0.0703841
0.101499
-0.0615736
0.221478
