-0.301617
0.180668
0.0101216
0.153573
-0.134919
0.0788677
0.0527494
-0.136199
0.1765
-0.0869963
-0.0287902
0.222796
-0.0933798
0.0360336
-0.0486961
-0.186246
0.174774
-0.0863123
-0.0662668
0.222505
-0.087929
0.0227382
-0.0292195
-0.188038
0.160733
-0.0591725
-0.0202668
0.227386
-0.0900016
0.045645
-0.0801209
-0.179567
0.178287
-0.104955
-0.0521166
0.23063
-0.0866233
0.0466346
-0.0608774
-0.18937
0.171173
-0.0565197
-0.0560595
0.228422
-0.0938254
0.0173496
-0.0404941
-0.196417
0.166018
-0.079017
-0.0592461
0.225516
-0.0786337
0.0562978
-0.0462349
-0.171044
0.176246
-0.105608
-0.039526
0.200889
-0.0666804
0.103971
-0.0900949
-0.162888
0.179199
-0.12066
0.010163
0.184723
-0.0819396
0.117287
-0.0989705
-0.156697
0.140174
-0.143235
0.0085102
0.171112
-0.108898
0.0703704
-0.00673756
-0.19065
0.139469
0.0341952
-0.0907587
0.197578
-0.107986
-0.0580855
0.0671015
-0.172769
0.130495
-0.0548979
0.0162616
0.187853
-0.0675613
0.109381
-0.110665
-0.151106
0.162459
-0.1421
0.00446873
0.184376
-0.0835924
0.124899
-0.0780119
-0.156236
0.197148
-0.112913
-0.0123861
0.20577
-0.0661002
0.0983807
-0.0672815
-0.181577
0.173971
-0.112944
-0.0107126
0.200801
-0.0787426
0.0840439
-0.0587323
-0.182137
0.180878
-0.0856699
-0.0301063
0.206531
-0.0752607
0.0730439
-0.0856493
-0.169386
0.160179
-0.128375
