2.06074
0.184673
0.0540262
-0.190808
0.0993156
0.0510421
-0.168124
0.160777
-0.121471
-0.129477
0.119715
-0.186989
0.0584658
0.13084
-0.0726006
0.185383
-0.118828
-0.128456
0.161824
-0.158139
0.0654866
0.138493
-0.0722224
0.18072
-0.106585
-0.145259
0.103938
-0.178725
0.0741291
0.0917933
-0.0586888
0.215181
-0.122388
-0.079451
0.152627
-0.175999
0.0751083
0.0768866
-0.0727407
0.206844
-0.106512
-0.139658
0.15573
-0.159781
0.0522016
0.107228
-0.0671136
0.193792
-0.117828
-0.114855
0.153306
-0.159916
0.0797923
0.0659591
-0.0847718
0.207792
-0.119745
-0.0764407
0.11815
-0.171963
0.114077
0.0147624
-0.0683626
0.232715
-0.113776
-0.0508604
0.0460366
-0.199145
0.126466
-0.0167039
-0.0616632
0.24285
-0.0902478
0.00868881
0.0653061
-0.190891
0.112621
0.0570939
-0.122689
0.170414
-0.077139
-0.198383
0.188279
-0.0985327
-0.00762725
0.205814
-0.0879423
0.110523
-0.111823
-0.153124
0.0908963
-0.173797
0.102709
0.0664514
-0.0639583
0.22557
-0.115398
-0.0561972
0.110674
-0.185362
0.0997819
0.0186484
-0.113715
0.212425
-0.115061
-0.11058
0.114228
-0.182134
0.0927197
0.0640732
-0.103741
0.189109
-0.125471
-0.109601
0.101974
-0.18887
0.0854244
0.0948555
-0.096839
0.179077
-0.119206
-0.133741
0.137896
-0.170569
0.0744244
0.0878348
-0.0700049
0.209476
-0.117092
-0.0717774
