0.904879
0.185015
0.175057
-0.0745794
-0.116213
0.232098
-0.116424
-0.0531713
0.0722438
-0.187637
0.125808
0.0098505
-0.0889585
0.228627
-0.106424
-0.0531194
0.0944354
-0.178165
0.111196
0.0177054
-0.0775698
0.227331
-0.11474
-0.0677619
0.119881
-0.182232
0.116347
-0.00770906
-0.0771658
0.240067
-0.0974654
-0.0109381
0.0148139
-0.186564
0.153637
-0.00202511
-0.0698497
0.237129
-0.100496
-0.0288448
0.107855
-0.18245
0.112145
0.0104411
-0.0869274
0.223647
-0.108118
-0.0454873
0.0775806
-0.175341
0.127217
-0.000791982
-0.0648186
0.234487
-0.108813
-0.0202749
0.00979318
-0.188901
0.154953
-0.0494292
-0.0466841
0.240155
-0.0953566
0.0243365
-0.0304036
-0.187357
0.179067
-0.0722426
-0.0512074
0.22829
-0.0898489
0.0426836
-0.0783983
-0.174844
0.193305
-0.0739473
-0.0830312
0.239642
-0.11417
-0.0756686
0.175834
-0.160196
0.022098
0.165684
-0.0728026
0.157989
-0.109621
-0.127316
0.149523
-0.162828
0.125528
-0.0553359
-0.0451038
0.257451
-0.0916001
0.0306111
-0.0681444
-0.195974
0.190108
-0.066569
-0.054166
0.237207
-0.116621
0.0109271
0.03456
-0.195124
0.155196
-0.0324706
-0.0482333
0.245725
-0.111528
-0.0355184
0.0328812
-0.18501
0.152207
-0.0384603
-0.0698239
0.24458
-0.113781
-0.0508241
0.0924769
-0.175543
0.125492
-0.0146987
-0.0659326
0.238518
-0.108476
-0.023591
-0.030357
-0.192518
