-1.35753
0.182296
-0.0807672
0.204383
-0.0981188
-0.124172
0.229569
-0.11831
0.0228851
0.158186
-0.0694249
0.147227
-0.0950204
-0.155208
0.170896
-0.137844
0.00630478
0.155735
-0.101544
0.108155
-0.103145
-0.163146
0.172149
-0.13216
-0.0182133
0.193668
-0.0431139
0.141901
-0.104336
-0.145648
0.133859
-0.156756
0.0438021
0.0989792
-0.114399
0.137533
-0.105336
-0.13869
0.154808
-0.149326
-0.00860192
0.193414
-0.0776424
0.121092
-0.0934298
-0.152177
0.156968
-0.142927
0.00731515
0.153083
-0.092943
0.12846
-0.106673
-0.134384
0.163134
-0.146958
0.0527399
0.102705
-0.0945131
0.169196
-0.118435
-0.103726
0.111072
-0.17373
0.0753721
0.0537617
-0.0767257
0.203056
-0.114046
-0.0821769
0.0777509
-0.187673
0.101636
-0.00277183
-0.111078
0.203056
-0.104761
-0.125876
0.185808
-0.13358
-0.0430475
0.241538
-0.105969
0.00586962
-0.0503109
-0.185664
0.170294
-0.104383
-0.0250889
0.202523
-0.00154398
0.19887
-0.121269
-0.110125
0.0931654
-0.18216
0.111522
0.0248603
-0.106607
0.208647
-0.122932
-0.0862599
0.153378
-0.165207
0.0640456
0.0968082
-0.0773525
0.189932
-0.117699
-0.10641
0.159813
-0.158093
0.0587192
0.09943
-0.0723422
0.191942
-0.113383
-0.123622
0.161984
-0.160653
0.0298021
0.13273
-0.0756322
0.168522
-0.115119
-0.122602
0.130476
-0.167197
0.0802788
0.0544975
