-1.35753
0.183907
-0.0794162
0.211951
-0.111519
-0.121779
0.224853
-0.122845
0.0340133
0.148838
-0.0580843
0.16248
-0.10839
-0.152499
0.157568
-0.147757
0.0184226
0.140429
-0.0935713
0.130039
-0.110493
-0.158427
0.161811
-0.146032
-0.0101162
0.186972
-0.0397111
0.151775
-0.110084
-0.142878
0.135755
-0.159903
0.0482775
0.0975478
-0.106292
0.145091
-0.113094
-0.134929
0.144112
-0.158545
-0.00113693
0.190014
-0.0738717
0.123324
-0.099229
-0.154354
0.1482
-0.151105
0.017749
0.142418
-0.0905713
0.138345
-0.118063
-0.133644
0.158071
-0.15182
0.0549096
0.104232
-0.0893538
0.17207
-0.123224
-0.102588
0.106641
-0.172602
0.0838785
0.0500143
-0.071955
0.204962
-0.120845
-0.0827016
0.0799413
-0.187483
0.103143
-0.00556069
-0.105287
0.201972
-0.11755
-0.128758
0.186672
-0.139369
-0.0415825
0.242749
-0.102146
0.0117232
-0.0474469
-0.180831
0.168853
-0.10854
-0.0212768
0.203408
0.0244909
0.218164
-0.130659
-0.0854995
0.070045
-0.187587
0.130386
-0.00272126
-0.0987272
0.230247
-0.124006
-0.0589296
0.137216
-0.171571
0.0891738
0.0742682
-0.0724524
0.204542
-0.12611
-0.0920487
0.142242
-0.175037
0.0774484
0.0821956
-0.0601052
0.214216
-0.120426
-0.110598
0.148055
-0.171597
0.0485625
0.114486
-0.0667113
0.193091
-0.122794
-0.111588
0.107589
-0.177877
0.100733
0.0312735
