4.47395
0.187462
-0.0819309
0.126737
-0.0314956
-0.17233
0.184011
-0.0832311
-0.0402582
0.236068
-0.0785214
0.0504412
-0.0319102
-0.197325
0.170446
-0.0775472
-0.0594706
0.224302
-0.109039
0.0114101
-0.0294439
-0.194558
0.16212
-0.0553763
-0.0732011
0.242664
-0.0663452
0.0421251
-0.0279828
-0.188315
0.167835
-0.0954954
-0.0380354
0.208613
-0.108615
0.0274516
-0.0360139
-0.189999
0.171814
-0.0722519
-0.0889368
0.240296
-0.0945265
0.00111478
0.00894975
-0.183942
0.161037
-0.053682
-0.0556312
0.232524
-0.0993244
0.0183997
-0.0453196
-0.186082
0.173866
-0.0865265
-0.0306779
0.216265
-0.094309
0.0623583
-0.0861899
-0.177906
0.178136
-0.114495
-0.00862099
0.190986
-0.07905
0.102104
-0.0840344
-0.163714
0.172975
-0.12721
0.0198556
0.145136
-0.113024
0.100757
-0.0409257
-0.191563
0.170928
-0.034511
-0.11945
0.215353
-0.113749
-0.115766
0.0913483
-0.173589
0.097239
0.0166857
-0.0721905
0.243322
-0.0303555
0.114939
-0.118039
-0.181963
0.176985
-0.146096
0.0342908
0.156271
-0.108392
0.125338
-0.101438
-0.155647
0.206975
-0.129687
-0.0256832
0.208504
-0.078221
0.098379
-0.109889
-0.179838
0.201472
-0.110728
-0.0192635
0.206504
-0.0729257
0.108042
-0.0906043
-0.188999
0.199348
-0.100728
-0.0457401
0.225172
-0.0809515
0.0793272
-0.0887391
-0.178641
0.182809
-0.123096
0.0168349
0.169338
