4.02133
0.176142
-0.0962681
0.0195494
0.0801252
-0.172714
0.0906788
-0.0125844
-0.0708803
0.221954
-0.10904
-0.0413159
0.074436
-0.190139
0.105389
0.0211307
-0.0757041
0.215207
-0.11003
-0.059233
0.073638
-0.182781
0.10442
0.0310581
-0.0872222
0.205125
-0.11004
-0.0443055
0.0598246
-0.180958
0.124083
-0.0132734
-0.0587716
0.228099
-0.117703
-0.066233
0.057353
-0.177916
0.121093
0.00991828
-0.102683
0.199472
-0.11704
-0.0758443
0.0967364
-0.169279
0.107389
0.0344053
-0.0686419
0.213555
-0.115683
-0.0549584
0.0458349
-0.178051
0.122155
-0.020947
-0.0472017
0.232518
-0.106449
-0.0134092
-0.0271752
-0.185061
0.157943
-0.069237
-0.0366992
0.229177
-0.0923718
0.0255908
-0.031284
-0.173922
0.164067
-0.0805427
-0.0102433
0.207866
-0.105263
0.0345908
0.0234776
-0.186782
0.12828
0.0360581
-0.115383
0.16543
-0.108574
-0.146663
0.146182
-0.147351
0.0488394
0.100364
-0.0569992
0.208979
-0.088724
0.017824
-0.0531596
-0.207258
0.16887
-0.0903665
-0.0239791
0.229384
-0.103087
0.0341815
-0.0424756
-0.178362
0.175373
-0.0877655
-0.0633935
0.244306
-0.0998173
0.00521257
-0.0532529
-0.200911
0.165912
-0.0469624
-0.0524712
0.240917
-0.0891955
0.0188861
-0.0276518
-0.21003
0.154482
-0.0317189
-0.0722431
0.230088
-0.105418
-0.00280816
-0.0141545
-0.194621
0.157839
-0.0652059
-0.0237614
0.22828
