-0.754056
0.18406
-0.0478474
0.235754
-0.129504
-0.0178838
0.178396
-0.137422
0.125292
0.0185576
-0.0622409
0.235204
-0.107012
-0.06792
0.0576141
-0.187898
0.11466
0.00986334
-0.0901269
0.22207
-0.105686
-0.0745418
0.0605416
-0.195142
0.0940176
0.0498684
-0.0413393
0.231878
-0.113002
-0.0590029
0.0454328
-0.193012
0.125303
-0.0102972
-0.105241
0.219396
-0.106359
-0.0519926
0.0368422
-0.199064
0.102417
0.0551845
-0.083417
0.21064
-0.109675
-0.0815314
0.0459095
-0.202531
0.107271
-9.5196e-05
-0.085557
0.230764
-0.103002
-0.0324226
0.0505883
-0.185106
0.140976
-0.0450381
-0.0796867
0.234013
-0.0908411
0.0224426
-0.0306342
-0.198189
0.170468
-0.0787893
-0.0395314
0.240448
-0.0943438
0.0500332
-0.0619554
-0.20151
0.158013
-0.120411
-0.0570133
0.231479
-0.110323
-0.000464113
0.0839355
-0.192235
0.0808156
0.140594
-0.0982613
0.149463
-0.116535
-0.126568
0.145008
-0.163427
0.07923
0.0488581
0.0183497
0.244282
-0.0902608
0.0374115
-0.0703336
-0.202194
0.179572
-0.112287
-0.053718
0.245111
-0.0992919
0.05794
-0.0064891
-0.188852
0.178805
-0.0608411
-0.0516816
0.248251
-0.0845873
0.0291473
0.00751598
-0.205194
0.15667
-0.0618826
-0.0480184
0.246282
-0.094893
0.00487268
0.0186351
-0.205028
0.14266
-0.0271314
-0.0626348
0.239381
-0.102105
-0.00749521
-0.0168934
-0.197655
0.156774
-0.0838204
