-1.35753
0.184645
-0.086257
0.194675
-0.0981216
-0.136081
0.225841
-0.112966
0.0182916
0.173406
-0.0652826
0.134603
-0.0954119
-0.167423
0.172126
-0.124826
-0.00123688
0.164282
-0.102738
0.0978253
-0.0981995
-0.169034
0.173084
-0.125795
-0.0257964
0.203562
-0.0469613
0.129561
-0.0970751
-0.157485
0.150986
-0.143604
0.0332086
0.124116
-0.115469
0.115867
-0.108075
-0.150579
0.162344
-0.138583
-0.0201643
0.204603
-0.0824586
0.0987839
-0.0832513
-0.157656
0.166157
-0.129184
0.0014056
0.166629
-0.09378
0.112815
-0.109391
-0.146283
0.172996
-0.138521
0.0441361
0.123546
-0.0982775
0.150183
-0.119826
-0.115615
0.121924
-0.165282
0.0697475
0.0749609
-0.0844798
0.182359
-0.118754
-0.0984025
0.0998568
-0.172826
0.099991
0.0204481
-0.113527
0.188369
-0.111101
-0.145112
0.197955
-0.112837
-0.0585373
0.245043
-0.1075
-0.0170607
-0.0265625
-0.182734
0.166556
-0.0827848
-0.0342005
0.219302
-0.0172358
0.170141
-0.128324
-0.137299
0.130442
-0.169474
0.0855712
0.0714843
-0.109133
0.180898
-0.126987
-0.115739
0.182339
-0.14992
0.0384729
0.148054
-0.0781739
0.154877
-0.126448
-0.139216
0.182784
-0.145826
0.027504
0.147318
-0.0648785
0.168561
-0.113122
-0.150418
0.185976
-0.139438
0.00728121
0.172691
-0.0699043
0.146162
-0.115857
-0.143765
0.156836
-0.153614
0.0620117
0.0965101
