4.02133
0.180371
-0.0905775
0.0470379
0.0536087
-0.174474
0.121504
-0.0281423
-0.0709048
0.233852
-0.0982043
-0.0241537
0.0534997
-0.191826
0.133193
-0.00205942
-0.0827493
0.220779
-0.116805
-0.0537962
0.0467018
-0.18649
0.124266
0.0164276
-0.0931741
0.217287
-0.100163
-0.034133
0.0501215
-0.180878
0.143888
-0.0225775
-0.0627027
0.230976
-0.112541
-0.0481019
0.0291422
-0.183982
0.143592
-0.00999722
-0.10935
0.212981
-0.113132
-0.0633972
0.0850851
-0.172883
0.125856
0.0194587
-0.0752674
0.223727
-0.108805
-0.0497755
0.0268158
-0.183003
0.137307
-0.0302822
-0.0574178
0.232354
-0.103603
-0.00591025
-0.0375519
-0.192278
0.168074
-0.0702976
-0.0415371
0.228023
-0.0868832
0.0334473
-0.0330493
-0.175759
0.171882
-0.0842769
-0.0184076
0.199396
-0.113417
0.0363954
0.0246916
-0.186935
0.138748
0.0363239
-0.127506
0.172836
-0.103318
-0.148806
0.146354
-0.147158
0.054328
0.0995983
-0.076407
0.210354
-0.0990696
-0.000350694
-0.0421115
-0.219215
0.17354
-0.0758054
-0.0353454
0.242717
-0.112023
0.0100068
-0.0181944
-0.188542
0.175685
-0.064593
-0.0912676
0.247525
-0.103774
-0.021247
-0.0313291
-0.211754
0.157929
-0.0238521
-0.0677131
0.244883
-0.101479
-0.0112678
-0.00473849
-0.210251
0.150224
-0.00928218
-0.0934539
0.232349
-0.107743
-0.0269206
0.00280033
-0.202853
0.15653
-0.0493598
-0.0397391
0.240898
