2.26185
0.189241
0.0261781
-0.199226
0.128758
0.0245411
-0.172563
0.178975
-0.129505
-0.106527
0.0969084
-0.19706
0.0822549
0.0993285
-0.0744075
0.208918
-0.125179
-0.113465
0.144261
-0.17079
0.0842446
0.113603
-0.0776199
0.198561
-0.112619
-0.132247
0.0837011
-0.186744
0.097571
0.064598
-0.0598014
0.230747
-0.122495
-0.0667034
0.128706
-0.183366
0.0992238
0.0477017
-0.07619
0.220411
-0.117904
-0.130973
0.145084
-0.163402
0.07497
0.0820228
-0.0605837
0.216706
-0.118567
-0.088864
0.131489
-0.173293
0.106866
0.03051
-0.0833144
0.226074
-0.120526
-0.0524185
0.0760795
-0.182169
0.138928
-0.0237386
-0.0595995
0.251711
-0.105293
-0.0161439
0.00798643
-0.202045
0.154685
-0.0498991
-0.0528587
0.251214
-0.0838266
0.0407732
0.0186031
-0.199812
0.145462
0.0163183
-0.115294
0.200696
-0.0970908
-0.18018
0.197654
-0.11665
0.015312
0.178038
-0.0841274
0.149364
-0.124049
-0.133584
-0.0121382
-0.197438
0.159877
-0.0255934
-0.0497343
0.254815
-0.0983654
0.0217317
0.0268155
-0.208993
0.155949
-0.0578162
-0.0960504
0.247271
-0.115873
-0.0424392
0.0350226
-0.207723
0.146203
-0.015381
-0.0880865
0.245504
-0.116495
-0.0454496
0.0290433
-0.210418
0.140234
0.00811632
-0.0918585
0.233431
-0.124811
-0.0833044
0.0758618
-0.191013
0.129519
0.0140541
-0.0592989
0.254545
-0.0975674
-0.00817496
