-1.48373
0.18703
-0.0873706
0.151111
-0.063251
-0.158055
0.207468
-0.100111
-0.0241848
0.215365
-0.0754895
0.0804266
-0.0553185
-0.185998
0.179271
-0.0885514
-0.0419775
0.208536
-0.108272
0.0357115
-0.0581787
-0.185252
0.176914
-0.083909
-0.0621691
0.234888
-0.0612199
0.0651105
-0.0610439
-0.174723
0.168416
-0.110899
-0.0125734
0.181298
-0.111614
0.0551002
-0.07336
-0.170153
0.184406
-0.095225
-0.0638945
0.230929
-0.0897795
0.040038
-0.0412409
-0.17021
0.176639
-0.0912354
-0.0449671
0.206525
-0.097334
0.0547012
-0.0779714
-0.170205
0.184763
-0.109163
-0.00430919
0.179054
-0.0921061
0.100048
-0.108251
-0.151324
0.167515
-0.134002
0.0307996
0.139225
-0.0856037
0.133826
-0.109127
-0.135143
0.152753
-0.143484
0.0596752
0.0873756
-0.119609
0.138794
-0.077251
-0.170065
0.195142
-0.0746447
-0.09591
0.233587
-0.114795
-0.0690189
0.0363132
-0.177205
0.136634
-0.040536
-0.0611328
0.237028
-0.0229764
0.143281
-0.128204
-0.15991
0.162955
-0.155634
0.0588565
0.117293
-0.11079
0.150701
-0.119256
-0.139941
0.201872
-0.142458
0.00378919
0.185515
-0.0848419
0.122007
-0.119391
-0.166734
0.200634
-0.123774
0.00288248
0.190106
-0.0728419
0.127375
-0.104127
-0.175241
0.195867
-0.119437
-0.0309206
0.210059
-0.0768573
0.104313
-0.0992407
-0.1672
0.176655
-0.13452
0.0343695
0.140287
