-0.904879
0.179791
-0.116773
-0.0925566
0.201625
-0.142644
-0.0282562
0.128527
-0.0834574
0.132796
-0.124011
-0.148847
0.184894
-0.143856
0.01578
0.159081
-0.089048
0.128417
-0.0961565
-0.14067
0.1812
-0.13955
0.0121686
0.162682
-0.0976179
0.112407
-0.12641
-0.138878
0.181314
-0.138612
0.0350857
0.144605
-0.0822553
0.149449
-0.0993793
-0.157986
0.170158
-0.133949
0.0354432
0.145257
-0.116069
0.0947957
-0.100996
-0.157852
0.185013
-0.128162
0.016179
0.176294
-0.0806076
0.126417
-0.106115
-0.146712
0.157314
-0.144043
0.0271479
0.11933
-0.0767787
0.162174
-0.114928
-0.122645
0.121096
-0.159048
0.0743292
0.0639416
-0.079696
0.190972
-0.118825
-0.102158
0.123946
-0.154815
0.0916453
0.0537603
-0.0516391
0.212811
-0.111172
-0.0931576
0.164117
-0.149219
0.00996661
0.189465
-0.121245
0.0232258
-0.00690818
-0.184426
0.16078
-0.0792549
-0.0511679
0.229003
-0.0818405
0.0802619
-0.157675
-0.119842
0.105293
-0.185426
0.0848266
0.0425272
-0.0766183
0.215656
-0.124343
-0.115525
0.123894
-0.163079
0.0640442
0.0668483
-0.107489
0.175469
-0.129099
-0.128769
0.111843
-0.179364
0.0503396
0.127149
-0.0764834
0.173469
-0.132426
-0.126137
0.130444
-0.179566
0.0393292
0.137045
-0.0989289
0.14207
-0.130897
-0.131033
0.153247
-0.161442
0.0552774
0.09504
-0.0581933
0.201278
