0.854603
0.190702
0.178495
-0.084395
-0.107899
0.242599
-0.126566
-0.0485103
0.0571847
-0.201945
0.133847
0.0010867
-0.0800021
0.242127
-0.113566
-0.0547434
0.0849566
-0.183779
0.125899
0.0358379
-0.0621212
0.233821
-0.119923
-0.0686916
0.123656
-0.189395
0.116723
-0.00988221
-0.0794115
0.244821
-0.106934
-0.0268367
0.0330863
-0.190582
0.143676
0.0123302
-0.0653078
0.242189
-0.112934
-0.0427849
0.124832
-0.190141
0.0991838
0.0284286
-0.0859968
0.22435
-0.117913
-0.069018
0.0815369
-0.187401
0.118562
0.00894157
-0.0586653
0.243231
-0.113944
-0.0268678
0.0234853
-0.196634
0.151961
-0.0409909
-0.0415515
0.253215
-0.0978044
0.0220596
-0.0180068
-0.198764
0.171085
-0.0644987
-0.0546863
0.237298
-0.0899702
0.040754
-0.0709808
-0.181976
0.193334
-0.0718044
-0.082593
0.247386
-0.120302
-0.0839247
0.18421
-0.167633
0.0211166
0.182418
-0.068271
0.158744
-0.115131
-0.129909
0.151961
-0.172317
0.117598
-0.0632033
-0.0450438
0.260573
-0.0928044
0.0317021
-0.0590637
-0.19779
0.185199
-0.0668044
-0.0583599
0.243583
-0.118763
0.00833424
0.0403143
-0.199613
0.151604
-0.0343485
-0.0424997
0.253184
-0.112711
-0.029132
0.0224438
-0.19695
0.148635
-0.0430013
-0.0591318
0.253081
-0.113322
-0.0391113
0.0767649
-0.185882
0.12594
-0.0285143
-0.058966
0.246366
-0.106701
-0.00887816
-0.0351105
-0.197805
