-3.55271e-15
0.201836
0.0666784
0.12527
-0.160258
0.136305
0.00709935
-0.14902
0.19329
-0.131377
0.00701011
0.225601
-0.102196
0.0934609
-0.0906933
-0.201362
0.197502
-0.129305
-0.0225287
0.241301
-0.0910198
0.0848081
-0.0821234
-0.209228
0.195072
-0.110367
0.0163987
0.215011
-0.102952
0.110083
-0.114792
-0.179388
0.186192
-0.150766
-0.00698989
0.230171
-0.0835535
0.11844
-0.104812
-0.195907
0.206259
-0.112061
-0.0190779
0.230648
-0.105673
0.087378
-0.0999679
-0.209067
0.187533
-0.129703
-0.0098966
0.220824
-0.0789525
0.130103
-0.0994445
-0.170694
0.178927
-0.158134
0.0234971
0.168741
-0.0685744
0.183197
-0.127071
-0.141845
0.153456
-0.177434
0.0673209
0.136229
-0.0882222
0.192207
-0.125703
-0.128591
0.100176
-0.194818
0.0727302
0.12428
-0.125119
0.149186
-0.067885
-0.209606
0.195093
-0.034771
-0.0801657
0.251093
-0.115398
-0.00616083
0.00824935
-0.212917
0.175658
-0.10661
0.0604764
0.139431
-0.0742118
0.191943
-0.13403
-0.121674
0.127777
-0.193315
0.069668
0.132586
-0.093559
0.194502
-0.116387
-0.132181
0.198606
-0.162849
0.042067
0.170213
-0.0719527
0.174912
-0.106248
-0.174145
0.176979
-0.160491
0.0407406
0.168213
-0.0845641
0.156912
-0.103025
-0.177388
0.202119
-0.133735
0.0229272
0.18328
-0.0833567
0.147197
-0.117973
-0.154943
0.143985
-0.176087
